ClarkeWright Sequential: 
 
Distance Matrix: 
0.0 93.4 36.1 106.3 48.0 18.9 89.3 49.5 91.1 88.8 90.0 65.6 92.5 51.0 116.5 101.9 135.8 19.8 114.3 62.3 60.8 98.4 74.4 97.0 85.9 99.0 32.8 60.2 93.4 65.3 52.5 61.1 63.9 103.2 91.8 52.3 94.1 116.5 62.1 
93.4 0.0 71.7 16.1 69.9 75.3 43.9 43.9 38.5 38.5 16.1 30.5 59.1 59.7 26.7 8.5 42.5 73.6 32.6 31.1 32.6 28.3 24.3 47.7 53.9 6.3 60.8 52.3 53.7 35.4 41.6 37.9 42.8 22.4 42.2 41.2 55.6 32.1 48.7 
36.1 71.7 0.0 81.0 12.2 21.5 84.9 34.1 84.2 56.0 63.2 41.2 93.7 16.1 90.0 79.6 111.5 25.1 84.9 44.4 42.4 86.4 48.4 92.8 50.6 76.0 28.8 26.1 92.2 56.3 32.2 34.0 59.7 87.9 58.3 34.1 58.8 87.7 61.4 
106.3 16.1 81.0 0.0 77.0 87.7 58.2 57.2 52.5 36.1 17.9 41.0 73.4 67.1 10.8 10.8 30.5 86.6 17.9 44.9 46.0 40.2 32.8 60.9 52.2 10.0 74.4 58.3 67.7 51.4 53.8 47.2 58.9 31.6 38.5 54.0 51.4 16.5 64.8 
48.0 69.9 12.2 77.0 0.0 33.5 89.3 38.6 87.9 48.1 59.1 40.2 99.5 10.2 85.1 77.2 107.3 36.8 78.4 46.4 44.4 88.1 45.6 97.0 40.2 73.4 38.2 18.9 97.4 60.7 34.9 32.2 65.4 88.2 49.7 37.4 48.3 81.6 68.0 
18.9 75.3 21.5 87.7 33.5 0.0 76.4 31.6 77.3 70.2 71.2 46.9 82.2 34.0 97.8 83.7 117.5 4.5 95.4 44.4 42.8 82.9 55.6 84.4 68.5 80.7 16.5 42.4 82.0 50.0 33.9 42.2 50.4 86.8 73.4 34.1 76.7 97.7 50.0 
89.3 43.9 84.9 58.2 89.3 76.4 0.0 51.0 6.0 77.9 57.7 53.9 15.2 80.3 67.1 47.5 72.7 72.7 75.9 43.9 45.7 20.1 55.3 8.0 90.7 48.7 60.1 77.8 10.0 28.6 54.4 60.8 26.1 30.1 82.2 51.9 94.8 74.7 27.2 
49.5 43.9 34.1 57.2 38.6 31.6 51.0 0.0 50.2 48.0 42.0 18.4 60.9 30.5 67.7 52.3 86.3 29.7 67.2 12.8 11.3 53.0 27.2 58.9 53.1 49.5 17.2 31.2 58.8 22.4 6.3 18.4 26.8 55.7 52.2 4.0 60.2 68.9 30.0 
91.1 38.5 84.2 52.5 87.9 77.3 6.0 50.2 0.0 73.5 52.8 51.0 20.9 78.6 61.2 41.8 66.8 73.8 70.2 41.8 43.7 14.1 51.6 10.0 86.8 43.1 60.8 75.4 15.2 28.0 53.0 58.3 27.2 24.1 77.8 50.6 90.6 69.0 29.5 
88.8 38.5 56.0 36.1 48.1 70.2 77.9 48.0 73.5 0.0 22.4 30.6 92.5 40.0 40.8 41.8 63.6 70.9 31.3 41.8 41.2 66.0 24.2 83.5 16.1 37.9 62.5 30.0 87.9 57.3 42.0 30.1 65.4 60.8 4.5 44.0 17.2 34.9 70.9 
90.0 16.1 63.2 17.9 59.1 71.2 57.7 42.0 52.8 22.4 0.0 24.4 72.7 49.2 26.9 20.1 48.4 70.5 25.3 31.0 31.6 44.0 15.6 62.5 37.9 16.1 59.1 40.5 67.7 42.2 37.7 29.7 50.4 38.5 26.1 38.5 39.4 26.8 56.3 
65.6 30.5 41.2 41.0 40.2 46.9 53.9 18.4 51.0 30.6 24.4 0.0 66.8 30.1 51.0 38.5 71.2 46.0 49.2 11.7 10.8 48.7 8.9 60.8 38.8 35.0 34.9 24.7 63.2 28.4 13.4 8.0 36.1 48.0 34.9 14.6 44.7 51.1 41.2 
92.5 59.1 93.7 73.4 99.5 82.2 15.2 60.9 20.9 92.5 72.7 66.8 0.0 91.2 82.0 62.6 86.1 78.1 91.1 56.0 57.7 34.2 69.3 14.1 104.7 63.9 66.8 89.9 6.0 39.4 65.3 73.2 34.2 44.2 96.8 62.6 109.1 89.8 32.6 
51.0 59.7 16.1 67.1 10.2 34.0 80.3 30.5 78.6 40.0 49.2 30.1 91.2 0.0 75.5 67.1 97.5 36.2 69.4 36.9 34.9 78.2 35.4 87.9 34.9 63.2 34.0 10.0 88.8 52.0 26.0 22.1 57.3 78.1 42.2 28.6 43.2 72.5 60.5 
116.5 26.7 90.0 10.8 85.1 97.8 67.1 67.7 61.2 40.8 26.9 51.0 82.0 75.5 0.0 20.0 22.8 96.8 13.4 55.6 56.6 48.1 42.4 69.0 56.3 20.4 84.9 66.2 76.2 62.1 64.0 56.6 69.4 38.6 42.2 64.4 54.0 10.0 75.3 
101.9 8.5 79.6 10.8 77.2 83.7 47.5 52.3 41.8 41.8 20.1 38.5 62.6 67.1 20.0 0.0 34.1 82.1 28.6 39.6 41.0 29.5 31.6 50.2 57.7 4.0 69.3 59.2 56.9 43.1 50.0 45.7 50.0 21.3 44.9 49.7 58.3 27.2 55.8 
135.8 42.5 111.5 30.5 107.3 117.5 72.7 86.3 66.8 63.6 48.4 71.2 86.1 97.5 22.8 34.1 0.0 116.0 34.0 73.6 75.0 52.6 63.2 72.0 78.9 36.8 103.3 88.6 80.1 76.2 83.5 77.7 82.3 42.8 64.8 83.5 76.1 30.0 87.7 
19.8 73.6 25.1 86.6 36.8 4.5 72.7 29.7 73.8 70.9 70.5 46.0 78.1 36.2 96.8 82.1 116.0 0.0 95.0 42.5 41.0 79.8 54.9 80.6 70.1 79.2 13.4 44.0 78.0 46.8 32.8 42.0 46.7 84.1 74.2 32.6 78.2 97.1 46.0 
114.3 32.6 84.9 17.9 78.4 95.4 75.9 67.2 70.2 31.3 25.3 49.2 91.1 69.4 13.4 28.6 34.0 95.0 0.0 56.3 56.9 58.1 40.2 78.8 45.6 27.2 84.1 59.7 85.4 66.1 62.6 53.3 74.0 49.4 31.6 63.6 42.2 4.0 80.0 
62.3 31.1 44.4 44.9 46.4 44.4 43.9 12.8 41.8 41.8 31.0 11.7 56.0 36.9 55.6 39.6 73.6 42.5 56.3 0.0 2.0 42.0 18.1 51.3 50.5 36.9 29.7 34.0 52.8 17.0 12.2 17.2 24.4 43.7 46.2 10.8 56.4 57.6 29.5 
60.8 32.6 42.4 46.0 44.4 42.8 45.7 11.3 43.7 41.2 31.6 10.8 57.7 34.9 56.6 41.0 75.0 41.0 56.9 2.0 0.0 44.0 18.0 53.1 49.4 38.2 28.4 32.2 54.6 18.4 10.2 15.6 25.6 45.6 45.6 8.9 55.5 58.3 30.5 
98.4 28.3 86.4 40.2 88.1 82.9 20.1 53.0 14.1 66.0 44.0 48.7 34.2 78.2 48.1 29.5 52.6 79.8 58.1 42.0 44.0 0.0 46.8 20.9 80.6 31.6 66.5 73.3 28.3 33.1 54.1 56.6 35.6 10.0 70.0 52.3 83.2 56.5 39.6 
74.4 24.3 48.4 32.8 45.6 55.6 55.3 27.2 51.6 24.2 15.6 8.9 69.3 35.4 42.4 31.6 63.2 54.9 40.2 18.1 18.0 46.8 0.0 61.6 35.4 27.9 43.9 28.1 65.1 33.1 22.4 14.4 41.2 44.4 28.6 23.4 40.0 42.2 46.8 
97.0 47.7 92.8 60.9 97.0 84.4 8.0 58.9 10.0 83.5 62.5 60.8 14.1 87.9 69.0 50.2 72.0 80.6 78.8 51.3 53.1 20.9 61.6 0.0 96.8 51.9 68.1 85.1 8.2 36.5 62.1 68.0 34.1 30.6 87.7 59.7 100.5 77.3 34.9 
85.9 53.9 50.6 52.2 40.2 68.5 90.7 53.1 86.8 16.1 37.9 38.8 104.7 34.9 56.3 57.7 78.9 70.1 45.6 50.5 49.4 80.6 35.4 96.8 0.0 53.9 64.5 26.1 100.5 67.2 46.8 34.9 74.9 76.2 14.1 49.4 8.2 49.5 79.9 
99.0 6.3 76.0 10.0 73.4 80.7 48.7 49.5 43.1 37.9 16.1 35.0 63.9 63.2 20.4 4.0 36.8 79.2 27.2 36.9 38.2 31.6 27.9 51.9 53.9 0.0 66.6 55.3 58.3 41.8 46.9 42.0 49.0 24.1 41.2 46.7 54.6 26.3 54.9 
32.8 60.8 28.8 74.4 38.2 16.5 60.1 17.2 60.8 62.5 59.1 34.9 66.8 34.0 84.9 69.3 103.3 13.4 84.1 29.7 28.4 66.5 43.9 68.1 64.5 66.6 0.0 39.3 66.1 33.5 21.5 32.6 34.1 70.7 66.3 20.6 72.2 85.9 34.2 
60.2 52.3 26.1 58.3 18.9 42.4 77.8 31.2 75.4 30.0 40.5 24.7 89.9 10.0 66.2 59.2 88.6 44.0 59.7 34.0 32.2 73.3 28.1 85.1 26.1 55.3 39.3 0.0 86.8 50.5 25.5 17.1 56.9 72.1 32.2 28.3 34.2 62.8 60.8 
93.4 53.7 92.2 67.7 97.4 82.0 10.0 58.8 15.2 87.9 67.7 63.2 6.0 88.8 76.2 56.9 80.1 78.0 85.4 52.8 54.6 28.3 65.1 8.2 100.5 58.3 66.1 86.8 0.0 36.8 62.8 70.0 32.6 38.2 92.2 60.2 104.7 84.1 32.0 
65.3 35.4 56.3 51.4 60.7 50.0 28.6 22.4 28.0 57.3 42.2 28.4 39.4 52.0 62.1 43.1 76.2 46.8 66.1 17.0 18.4 33.1 33.1 36.5 67.2 41.8 33.5 50.5 36.8 0.0 26.0 34.1 8.2 38.4 61.7 23.4 72.7 66.5 14.1 
52.5 41.6 32.2 53.8 34.9 33.9 54.4 6.3 53.0 42.0 37.7 13.4 65.3 26.0 64.0 50.0 83.5 32.8 62.6 12.2 10.2 54.1 22.4 62.1 46.8 46.9 21.5 25.5 62.8 26.0 0.0 12.2 31.6 55.8 46.0 2.8 53.9 64.5 35.4 
61.1 37.9 34.0 47.2 32.2 42.2 60.8 18.4 58.3 30.1 29.7 8.0 73.2 22.1 56.6 45.7 77.7 42.0 53.3 17.2 15.6 56.6 14.4 68.0 34.9 42.0 32.6 17.1 70.0 34.1 12.2 0.0 41.0 56.0 34.0 14.6 41.8 55.6 45.6 
63.9 42.8 59.7 58.9 65.4 50.4 26.1 26.8 27.2 65.4 50.4 36.1 34.2 57.3 69.4 50.0 82.3 46.7 74.0 24.4 25.6 35.6 41.2 34.1 74.9 49.0 34.1 56.9 32.6 8.2 31.6 41.0 0.0 42.5 69.9 28.8 80.6 74.2 6.0 
103.2 22.4 87.9 31.6 88.2 86.8 30.1 55.7 24.1 60.8 38.5 48.0 44.2 78.1 38.6 21.3 42.8 84.1 49.4 43.7 45.6 10.0 44.4 30.6 76.2 24.1 70.7 72.1 38.2 38.4 55.8 56.0 42.5 0.0 64.5 54.4 77.9 47.4 47.2 
91.8 42.2 58.3 38.5 49.7 73.4 82.2 52.2 77.8 4.5 26.1 34.9 96.8 42.2 42.2 44.9 64.8 74.2 31.6 46.2 45.6 70.0 28.6 87.7 14.1 41.2 66.3 32.2 92.2 61.7 46.0 34.0 69.9 64.5 0.0 48.2 13.4 35.4 75.4 
52.3 41.2 34.1 54.0 37.4 34.1 51.9 4.0 50.6 44.0 38.5 14.6 62.6 28.6 64.4 49.7 83.5 32.6 63.6 10.8 8.9 52.3 23.4 59.7 49.4 46.7 20.6 28.3 60.2 23.4 2.8 14.6 28.8 54.4 48.2 0.0 56.3 65.3 32.6 
94.1 55.6 58.8 51.4 48.3 76.7 94.8 60.2 90.6 17.2 39.4 44.7 109.1 43.2 54.0 58.3 76.1 78.2 42.2 56.4 55.5 83.2 40.0 100.5 8.2 54.6 72.2 34.2 104.7 72.7 53.9 41.8 80.6 77.9 13.4 56.3 0.0 46.2 85.9 
116.5 32.1 87.7 16.5 81.6 97.7 74.7 68.9 69.0 34.9 26.8 51.1 89.8 72.5 10.0 27.2 30.0 97.1 4.0 57.6 58.3 56.5 42.2 77.3 49.5 26.3 85.9 62.8 84.1 66.5 64.5 55.6 74.2 47.4 35.4 65.3 46.2 0.0 80.2 
62.1 48.7 61.4 64.8 68.0 50.0 27.2 30.0 29.5 70.9 56.3 41.2 32.6 60.5 75.3 55.8 87.7 46.0 80.0 29.5 30.5 39.6 46.8 34.9 79.9 54.9 34.2 60.8 32.0 14.1 35.4 45.6 6.0 47.2 75.4 32.6 85.9 80.2 0.0 

Routes: 
Route: 0 1 15 16 25 18 3 14 33 37 34 36 29 13 0 | Demand: 98.0| Cost: 539.2
Route: 0 2 4 24 27 9 31 0 | Demand: 98.0| Cost: 235.8
Route: 0 5 10 22 11 30 35 20 0 | Demand: 100.0| Cost: 200.5
Route: 0 6 23 8 21 28 32 0 | Demand: 94.0| Cost: 246.2
Route: 0 7 19 12 38 26 17 0 | Demand: 91.0| Cost: 218.3

Total cost: 1440.0
Execution time: 0.007

-----------------------------------------

ClarkeWright Parallel: 
 
Distance Matrix: 
0.0 93.4 36.1 106.3 48.0 18.9 89.3 49.5 91.1 88.8 90.0 65.6 92.5 51.0 116.5 101.9 135.8 19.8 114.3 62.3 60.8 98.4 74.4 97.0 85.9 99.0 32.8 60.2 93.4 65.3 52.5 61.1 63.9 103.2 91.8 52.3 94.1 116.5 62.1 
93.4 0.0 71.7 16.1 69.9 75.3 43.9 43.9 38.5 38.5 16.1 30.5 59.1 59.7 26.7 8.5 42.5 73.6 32.6 31.1 32.6 28.3 24.3 47.7 53.9 6.3 60.8 52.3 53.7 35.4 41.6 37.9 42.8 22.4 42.2 41.2 55.6 32.1 48.7 
36.1 71.7 0.0 81.0 12.2 21.5 84.9 34.1 84.2 56.0 63.2 41.2 93.7 16.1 90.0 79.6 111.5 25.1 84.9 44.4 42.4 86.4 48.4 92.8 50.6 76.0 28.8 26.1 92.2 56.3 32.2 34.0 59.7 87.9 58.3 34.1 58.8 87.7 61.4 
106.3 16.1 81.0 0.0 77.0 87.7 58.2 57.2 52.5 36.1 17.9 41.0 73.4 67.1 10.8 10.8 30.5 86.6 17.9 44.9 46.0 40.2 32.8 60.9 52.2 10.0 74.4 58.3 67.7 51.4 53.8 47.2 58.9 31.6 38.5 54.0 51.4 16.5 64.8 
48.0 69.9 12.2 77.0 0.0 33.5 89.3 38.6 87.9 48.1 59.1 40.2 99.5 10.2 85.1 77.2 107.3 36.8 78.4 46.4 44.4 88.1 45.6 97.0 40.2 73.4 38.2 18.9 97.4 60.7 34.9 32.2 65.4 88.2 49.7 37.4 48.3 81.6 68.0 
18.9 75.3 21.5 87.7 33.5 0.0 76.4 31.6 77.3 70.2 71.2 46.9 82.2 34.0 97.8 83.7 117.5 4.5 95.4 44.4 42.8 82.9 55.6 84.4 68.5 80.7 16.5 42.4 82.0 50.0 33.9 42.2 50.4 86.8 73.4 34.1 76.7 97.7 50.0 
89.3 43.9 84.9 58.2 89.3 76.4 0.0 51.0 6.0 77.9 57.7 53.9 15.2 80.3 67.1 47.5 72.7 72.7 75.9 43.9 45.7 20.1 55.3 8.0 90.7 48.7 60.1 77.8 10.0 28.6 54.4 60.8 26.1 30.1 82.2 51.9 94.8 74.7 27.2 
49.5 43.9 34.1 57.2 38.6 31.6 51.0 0.0 50.2 48.0 42.0 18.4 60.9 30.5 67.7 52.3 86.3 29.7 67.2 12.8 11.3 53.0 27.2 58.9 53.1 49.5 17.2 31.2 58.8 22.4 6.3 18.4 26.8 55.7 52.2 4.0 60.2 68.9 30.0 
91.1 38.5 84.2 52.5 87.9 77.3 6.0 50.2 0.0 73.5 52.8 51.0 20.9 78.6 61.2 41.8 66.8 73.8 70.2 41.8 43.7 14.1 51.6 10.0 86.8 43.1 60.8 75.4 15.2 28.0 53.0 58.3 27.2 24.1 77.8 50.6 90.6 69.0 29.5 
88.8 38.5 56.0 36.1 48.1 70.2 77.9 48.0 73.5 0.0 22.4 30.6 92.5 40.0 40.8 41.8 63.6 70.9 31.3 41.8 41.2 66.0 24.2 83.5 16.1 37.9 62.5 30.0 87.9 57.3 42.0 30.1 65.4 60.8 4.5 44.0 17.2 34.9 70.9 
90.0 16.1 63.2 17.9 59.1 71.2 57.7 42.0 52.8 22.4 0.0 24.4 72.7 49.2 26.9 20.1 48.4 70.5 25.3 31.0 31.6 44.0 15.6 62.5 37.9 16.1 59.1 40.5 67.7 42.2 37.7 29.7 50.4 38.5 26.1 38.5 39.4 26.8 56.3 
65.6 30.5 41.2 41.0 40.2 46.9 53.9 18.4 51.0 30.6 24.4 0.0 66.8 30.1 51.0 38.5 71.2 46.0 49.2 11.7 10.8 48.7 8.9 60.8 38.8 35.0 34.9 24.7 63.2 28.4 13.4 8.0 36.1 48.0 34.9 14.6 44.7 51.1 41.2 
92.5 59.1 93.7 73.4 99.5 82.2 15.2 60.9 20.9 92.5 72.7 66.8 0.0 91.2 82.0 62.6 86.1 78.1 91.1 56.0 57.7 34.2 69.3 14.1 104.7 63.9 66.8 89.9 6.0 39.4 65.3 73.2 34.2 44.2 96.8 62.6 109.1 89.8 32.6 
51.0 59.7 16.1 67.1 10.2 34.0 80.3 30.5 78.6 40.0 49.2 30.1 91.2 0.0 75.5 67.1 97.5 36.2 69.4 36.9 34.9 78.2 35.4 87.9 34.9 63.2 34.0 10.0 88.8 52.0 26.0 22.1 57.3 78.1 42.2 28.6 43.2 72.5 60.5 
116.5 26.7 90.0 10.8 85.1 97.8 67.1 67.7 61.2 40.8 26.9 51.0 82.0 75.5 0.0 20.0 22.8 96.8 13.4 55.6 56.6 48.1 42.4 69.0 56.3 20.4 84.9 66.2 76.2 62.1 64.0 56.6 69.4 38.6 42.2 64.4 54.0 10.0 75.3 
101.9 8.5 79.6 10.8 77.2 83.7 47.5 52.3 41.8 41.8 20.1 38.5 62.6 67.1 20.0 0.0 34.1 82.1 28.6 39.6 41.0 29.5 31.6 50.2 57.7 4.0 69.3 59.2 56.9 43.1 50.0 45.7 50.0 21.3 44.9 49.7 58.3 27.2 55.8 
135.8 42.5 111.5 30.5 107.3 117.5 72.7 86.3 66.8 63.6 48.4 71.2 86.1 97.5 22.8 34.1 0.0 116.0 34.0 73.6 75.0 52.6 63.2 72.0 78.9 36.8 103.3 88.6 80.1 76.2 83.5 77.7 82.3 42.8 64.8 83.5 76.1 30.0 87.7 
19.8 73.6 25.1 86.6 36.8 4.5 72.7 29.7 73.8 70.9 70.5 46.0 78.1 36.2 96.8 82.1 116.0 0.0 95.0 42.5 41.0 79.8 54.9 80.6 70.1 79.2 13.4 44.0 78.0 46.8 32.8 42.0 46.7 84.1 74.2 32.6 78.2 97.1 46.0 
114.3 32.6 84.9 17.9 78.4 95.4 75.9 67.2 70.2 31.3 25.3 49.2 91.1 69.4 13.4 28.6 34.0 95.0 0.0 56.3 56.9 58.1 40.2 78.8 45.6 27.2 84.1 59.7 85.4 66.1 62.6 53.3 74.0 49.4 31.6 63.6 42.2 4.0 80.0 
62.3 31.1 44.4 44.9 46.4 44.4 43.9 12.8 41.8 41.8 31.0 11.7 56.0 36.9 55.6 39.6 73.6 42.5 56.3 0.0 2.0 42.0 18.1 51.3 50.5 36.9 29.7 34.0 52.8 17.0 12.2 17.2 24.4 43.7 46.2 10.8 56.4 57.6 29.5 
60.8 32.6 42.4 46.0 44.4 42.8 45.7 11.3 43.7 41.2 31.6 10.8 57.7 34.9 56.6 41.0 75.0 41.0 56.9 2.0 0.0 44.0 18.0 53.1 49.4 38.2 28.4 32.2 54.6 18.4 10.2 15.6 25.6 45.6 45.6 8.9 55.5 58.3 30.5 
98.4 28.3 86.4 40.2 88.1 82.9 20.1 53.0 14.1 66.0 44.0 48.7 34.2 78.2 48.1 29.5 52.6 79.8 58.1 42.0 44.0 0.0 46.8 20.9 80.6 31.6 66.5 73.3 28.3 33.1 54.1 56.6 35.6 10.0 70.0 52.3 83.2 56.5 39.6 
74.4 24.3 48.4 32.8 45.6 55.6 55.3 27.2 51.6 24.2 15.6 8.9 69.3 35.4 42.4 31.6 63.2 54.9 40.2 18.1 18.0 46.8 0.0 61.6 35.4 27.9 43.9 28.1 65.1 33.1 22.4 14.4 41.2 44.4 28.6 23.4 40.0 42.2 46.8 
97.0 47.7 92.8 60.9 97.0 84.4 8.0 58.9 10.0 83.5 62.5 60.8 14.1 87.9 69.0 50.2 72.0 80.6 78.8 51.3 53.1 20.9 61.6 0.0 96.8 51.9 68.1 85.1 8.2 36.5 62.1 68.0 34.1 30.6 87.7 59.7 100.5 77.3 34.9 
85.9 53.9 50.6 52.2 40.2 68.5 90.7 53.1 86.8 16.1 37.9 38.8 104.7 34.9 56.3 57.7 78.9 70.1 45.6 50.5 49.4 80.6 35.4 96.8 0.0 53.9 64.5 26.1 100.5 67.2 46.8 34.9 74.9 76.2 14.1 49.4 8.2 49.5 79.9 
99.0 6.3 76.0 10.0 73.4 80.7 48.7 49.5 43.1 37.9 16.1 35.0 63.9 63.2 20.4 4.0 36.8 79.2 27.2 36.9 38.2 31.6 27.9 51.9 53.9 0.0 66.6 55.3 58.3 41.8 46.9 42.0 49.0 24.1 41.2 46.7 54.6 26.3 54.9 
32.8 60.8 28.8 74.4 38.2 16.5 60.1 17.2 60.8 62.5 59.1 34.9 66.8 34.0 84.9 69.3 103.3 13.4 84.1 29.7 28.4 66.5 43.9 68.1 64.5 66.6 0.0 39.3 66.1 33.5 21.5 32.6 34.1 70.7 66.3 20.6 72.2 85.9 34.2 
60.2 52.3 26.1 58.3 18.9 42.4 77.8 31.2 75.4 30.0 40.5 24.7 89.9 10.0 66.2 59.2 88.6 44.0 59.7 34.0 32.2 73.3 28.1 85.1 26.1 55.3 39.3 0.0 86.8 50.5 25.5 17.1 56.9 72.1 32.2 28.3 34.2 62.8 60.8 
93.4 53.7 92.2 67.7 97.4 82.0 10.0 58.8 15.2 87.9 67.7 63.2 6.0 88.8 76.2 56.9 80.1 78.0 85.4 52.8 54.6 28.3 65.1 8.2 100.5 58.3 66.1 86.8 0.0 36.8 62.8 70.0 32.6 38.2 92.2 60.2 104.7 84.1 32.0 
65.3 35.4 56.3 51.4 60.7 50.0 28.6 22.4 28.0 57.3 42.2 28.4 39.4 52.0 62.1 43.1 76.2 46.8 66.1 17.0 18.4 33.1 33.1 36.5 67.2 41.8 33.5 50.5 36.8 0.0 26.0 34.1 8.2 38.4 61.7 23.4 72.7 66.5 14.1 
52.5 41.6 32.2 53.8 34.9 33.9 54.4 6.3 53.0 42.0 37.7 13.4 65.3 26.0 64.0 50.0 83.5 32.8 62.6 12.2 10.2 54.1 22.4 62.1 46.8 46.9 21.5 25.5 62.8 26.0 0.0 12.2 31.6 55.8 46.0 2.8 53.9 64.5 35.4 
61.1 37.9 34.0 47.2 32.2 42.2 60.8 18.4 58.3 30.1 29.7 8.0 73.2 22.1 56.6 45.7 77.7 42.0 53.3 17.2 15.6 56.6 14.4 68.0 34.9 42.0 32.6 17.1 70.0 34.1 12.2 0.0 41.0 56.0 34.0 14.6 41.8 55.6 45.6 
63.9 42.8 59.7 58.9 65.4 50.4 26.1 26.8 27.2 65.4 50.4 36.1 34.2 57.3 69.4 50.0 82.3 46.7 74.0 24.4 25.6 35.6 41.2 34.1 74.9 49.0 34.1 56.9 32.6 8.2 31.6 41.0 0.0 42.5 69.9 28.8 80.6 74.2 6.0 
103.2 22.4 87.9 31.6 88.2 86.8 30.1 55.7 24.1 60.8 38.5 48.0 44.2 78.1 38.6 21.3 42.8 84.1 49.4 43.7 45.6 10.0 44.4 30.6 76.2 24.1 70.7 72.1 38.2 38.4 55.8 56.0 42.5 0.0 64.5 54.4 77.9 47.4 47.2 
91.8 42.2 58.3 38.5 49.7 73.4 82.2 52.2 77.8 4.5 26.1 34.9 96.8 42.2 42.2 44.9 64.8 74.2 31.6 46.2 45.6 70.0 28.6 87.7 14.1 41.2 66.3 32.2 92.2 61.7 46.0 34.0 69.9 64.5 0.0 48.2 13.4 35.4 75.4 
52.3 41.2 34.1 54.0 37.4 34.1 51.9 4.0 50.6 44.0 38.5 14.6 62.6 28.6 64.4 49.7 83.5 32.6 63.6 10.8 8.9 52.3 23.4 59.7 49.4 46.7 20.6 28.3 60.2 23.4 2.8 14.6 28.8 54.4 48.2 0.0 56.3 65.3 32.6 
94.1 55.6 58.8 51.4 48.3 76.7 94.8 60.2 90.6 17.2 39.4 44.7 109.1 43.2 54.0 58.3 76.1 78.2 42.2 56.4 55.5 83.2 40.0 100.5 8.2 54.6 72.2 34.2 104.7 72.7 53.9 41.8 80.6 77.9 13.4 56.3 0.0 46.2 85.9 
116.5 32.1 87.7 16.5 81.6 97.7 74.7 68.9 69.0 34.9 26.8 51.1 89.8 72.5 10.0 27.2 30.0 97.1 4.0 57.6 58.3 56.5 42.2 77.3 49.5 26.3 85.9 62.8 84.1 66.5 64.5 55.6 74.2 47.4 35.4 65.3 46.2 0.0 80.2 
62.1 48.7 61.4 64.8 68.0 50.0 27.2 30.0 29.5 70.9 56.3 41.2 32.6 60.5 75.3 55.8 87.7 46.0 80.0 29.5 30.5 39.6 46.8 34.9 79.9 54.9 34.2 60.8 32.0 14.1 35.4 45.6 6.0 47.2 75.4 32.6 85.9 80.2 0.0 

Routes: 
Route: 0 5 17 26 2 4 30 38 0 | Demand: 86.0| Cost: 210.2
Route: 0 7 13 27 19 20 31 35 0 | Demand: 99.0| Cost: 208.5
Route: 0 8 6 12 23 28 29 32 0 | Demand: 97.0| Cost: 243.5
Route: 0 9 34 1 15 3 14 16 18 37 25 33 0 | Demand: 99.0| Cost: 380.0
Route: 0 10 22 21 24 36 11 0 | Demand: 100.0| Cost: 351.5

Total cost: 1393.7
Execution time: 0.002

