ClarkeWright Sequential: 
 
Distance Matrix: 
0.0 42.9 80.5 89.4 40.0 112.6 32.6 70.3 92.8 92.1 2.0 107.5 58.3 38.0 51.2 77.2 45.6 126.1 93.1 95.8 103.8 69.7 87.3 104.7 89.3 38.4 99.6 41.2 102.8 11.3 18.4 56.6 63.2 87.2 103.8 107.7 98.1 80.9 54.3 
42.9 0.0 40.0 60.0 18.4 77.8 15.2 30.1 56.9 57.7 42.0 67.2 24.4 42.0 12.2 56.3 8.2 87.1 54.3 52.8 72.7 28.8 45.1 61.8 48.2 8.9 80.5 10.2 60.8 32.3 26.7 18.4 49.4 45.3 74.2 64.9 85.1 42.8 46.7 
80.5 40.0 0.0 71.0 55.3 75.7 48.1 10.2 58.3 61.7 80.0 54.0 24.4 80.0 39.8 77.8 42.8 74.2 15.2 26.7 78.0 33.9 10.8 33.1 8.9 48.2 98.4 39.3 42.2 71.0 66.3 40.2 78.2 33.0 81.4 38.6 107.5 8.2 79.6 
89.4 60.0 71.0 0.0 50.6 26.1 74.4 68.0 17.1 12.6 87.7 38.5 76.2 58.0 48.0 19.0 52.2 46.2 84.0 55.6 14.4 38.6 65.3 60.0 72.5 56.9 28.4 70.0 45.7 78.8 71.7 42.0 33.3 41.0 14.6 57.3 40.2 78.9 42.8 
40.0 18.4 55.3 50.6 0.0 72.7 27.2 46.2 52.8 52.2 38.4 68.4 42.8 24.7 16.0 42.0 12.6 86.3 70.3 61.6 64.6 32.3 58.0 70.3 62.5 10.0 66.3 27.2 65.3 28.8 21.6 19.0 32.3 50.2 65.1 72.1 69.0 59.5 28.4 
112.6 77.8 75.7 26.1 72.7 0.0 93.0 76.2 20.9 20.6 110.9 25.6 88.1 83.5 65.8 44.7 70.9 22.0 85.4 52.8 14.1 50.6 67.1 53.3 74.0 77.0 44.2 86.8 37.7 101.5 94.3 59.5 59.4 42.8 18.0 48.4 58.1 84.0 68.8 
32.6 15.2 48.1 74.4 27.2 93.0 0.0 37.9 72.1 72.8 32.2 82.1 26.0 45.3 27.2 68.7 22.4 102.2 60.5 65.6 87.5 43.9 55.5 74.4 56.9 18.1 93.1 8.9 75.1 24.1 21.5 33.5 59.5 59.7 88.8 78.1 96.2 48.4 54.6 
70.3 30.1 10.2 68.0 46.2 76.2 37.9 0.0 57.3 60.2 69.9 56.9 15.6 70.9 31.3 72.5 33.5 77.7 24.3 32.2 76.7 29.5 18.4 40.0 19.0 38.5 94.3 29.1 46.2 60.8 56.1 32.8 71.2 34.1 79.7 44.9 102.4 13.4 71.7 
92.8 56.9 58.3 17.1 52.8 20.9 72.1 57.3 0.0 4.5 91.2 22.0 68.0 66.6 44.9 34.0 50.2 34.4 70.0 39.6 19.7 30.1 51.1 43.3 58.3 56.4 44.9 66.0 28.6 81.6 74.4 38.6 45.6 26.1 23.3 40.2 57.3 66.5 53.9 
92.1 57.7 61.7 12.6 52.2 20.6 72.8 60.2 4.5 0.0 90.4 26.1 70.3 64.4 45.6 30.1 50.6 36.7 73.8 43.9 16.5 32.1 54.9 47.7 62.1 56.5 40.5 67.1 33.1 81.0 73.8 39.3 42.4 30.0 19.7 44.7 52.8 69.9 51.0 
2.0 42.0 80.0 87.7 38.4 110.9 32.2 69.9 91.2 90.4 0.0 106.2 58.1 36.0 50.0 75.3 44.4 124.6 92.8 94.8 102.0 68.4 86.6 103.8 88.8 37.2 97.7 40.8 101.6 10.0 17.0 55.3 61.2 86.0 102.0 106.7 96.1 80.6 52.3 
107.5 67.2 54.0 38.5 68.4 25.6 82.1 56.9 22.0 26.1 106.2 0.0 70.9 85.9 56.6 56.0 62.3 20.9 61.6 28.6 35.0 38.4 44.2 27.8 50.6 69.3 64.6 74.4 12.6 96.2 89.2 50.9 67.1 23.4 39.4 22.8 77.8 62.0 74.7 
58.3 24.4 24.4 76.2 42.8 88.1 26.0 15.6 68.0 70.3 58.1 70.9 0.0 66.2 31.6 76.9 31.1 91.8 34.9 47.7 86.6 38.2 33.9 55.6 33.3 33.3 100.3 18.4 60.9 50.0 46.7 35.8 72.5 47.5 89.1 60.5 106.7 22.8 70.8 
38.0 42.0 80.0 58.0 24.7 83.5 45.3 70.9 66.6 64.4 36.0 85.9 66.2 0.0 40.4 42.2 37.4 101.0 95.1 84.4 72.2 54.3 82.4 92.8 87.1 33.1 62.6 48.8 85.4 31.0 26.8 42.0 26.8 71.4 71.2 93.7 60.1 84.1 17.1 
51.2 12.2 39.8 48.0 16.0 65.8 27.2 31.3 44.9 45.6 50.0 56.6 31.6 40.4 0.0 45.7 5.7 76.0 55.0 46.2 60.5 18.4 42.0 55.0 46.7 12.8 69.6 22.0 51.6 40.0 33.3 6.3 41.0 36.1 62.1 57.3 75.2 44.7 40.5 
77.2 56.3 77.8 19.0 42.0 44.7 68.7 72.5 34.0 30.1 75.3 56.0 76.9 42.2 45.7 0.0 48.1 65.1 92.2 68.0 31.6 43.9 74.4 74.0 81.2 50.6 24.3 66.5 61.2 67.5 60.8 41.2 15.6 52.8 29.7 72.3 30.0 84.9 25.6 
45.6 8.2 42.8 52.2 12.6 70.9 22.4 33.5 50.2 50.6 44.4 62.3 31.1 37.4 5.7 48.1 0.0 81.6 57.7 51.3 65.1 24.1 46.0 60.2 50.2 7.2 72.3 18.4 57.2 34.4 27.8 11.7 41.6 41.6 66.5 62.6 77.0 46.8 39.7 
126.1 87.1 74.2 46.2 86.3 22.0 102.2 77.7 34.4 36.7 124.6 20.9 91.8 101.0 76.0 65.1 81.6 0.0 80.4 48.0 36.1 58.3 64.0 44.7 70.0 88.4 66.1 94.8 32.1 114.8 107.6 70.0 78.8 44.3 40.0 38.8 80.1 82.1 87.7 
93.1 54.3 15.2 84.0 70.3 85.4 60.5 24.3 70.0 73.8 92.8 61.6 34.9 95.1 55.0 92.2 57.7 80.4 0.0 33.0 89.6 48.4 18.9 36.0 11.7 62.8 111.9 52.2 49.0 84.2 80.0 55.5 93.3 43.9 93.3 42.0 121.7 12.2 94.8 
95.8 52.8 26.7 55.6 61.6 52.8 65.6 32.2 39.6 43.9 94.8 28.6 47.7 84.4 46.2 68.0 51.3 48.0 33.0 0.0 58.4 30.1 16.1 8.9 22.1 58.3 84.0 56.9 16.1 85.0 78.8 42.8 73.8 15.2 62.5 12.8 95.4 34.2 78.4 
103.8 72.7 78.0 14.4 64.6 14.1 87.5 76.7 19.7 16.5 102.0 35.0 86.6 72.2 60.5 31.6 65.1 36.1 89.6 58.4 0.0 48.4 70.7 60.8 77.9 70.3 30.6 82.4 45.3 93.0 85.9 54.3 46.9 45.7 4.5 56.9 44.4 86.2 56.6 
69.7 28.8 33.9 38.6 32.3 50.6 43.9 29.5 30.1 32.1 68.4 38.4 38.2 54.3 18.4 43.9 24.1 58.3 48.4 30.1 48.4 0.0 31.3 38.5 37.7 31.2 64.9 36.8 33.3 58.4 51.6 13.4 45.7 17.9 51.0 39.8 73.6 41.2 49.0 
87.3 45.1 10.8 65.3 58.0 67.1 55.5 18.4 51.1 54.9 86.6 44.2 33.9 82.4 42.0 74.4 46.0 64.0 18.9 16.1 70.7 31.3 0.0 22.4 7.2 52.3 93.4 46.5 32.0 77.2 71.8 40.8 77.0 25.1 74.4 27.9 103.5 18.1 79.7 
104.7 61.8 33.1 60.0 70.3 53.3 74.4 40.0 43.3 47.7 103.8 27.8 55.6 92.8 55.0 74.0 60.2 44.7 36.0 8.9 60.8 38.5 22.4 0.0 26.7 67.2 88.2 65.6 15.6 93.9 87.7 51.4 80.9 22.1 65.1 6.0 100.2 39.8 86.1 
89.3 48.2 8.9 72.5 62.5 74.0 56.9 19.0 58.3 62.1 88.8 50.6 33.3 87.1 46.7 81.2 50.2 70.0 11.7 22.1 77.9 37.7 7.2 26.7 0.0 56.0 100.5 48.1 38.2 79.6 74.7 46.2 83.2 32.2 81.6 32.6 110.5 13.4 85.4 
38.4 8.9 48.2 56.9 10.0 77.0 18.1 38.5 56.4 56.5 37.2 69.3 33.3 33.1 12.8 50.6 7.2 88.4 62.8 58.3 70.3 31.2 52.3 67.2 56.0 0.0 75.0 17.2 64.4 27.2 20.6 18.4 42.0 48.8 71.4 69.8 78.4 51.4 38.4 
99.6 80.5 98.4 28.4 66.3 44.2 93.1 94.3 44.9 40.5 97.7 64.6 100.3 62.6 69.6 24.3 72.3 66.1 111.9 84.0 30.6 64.9 93.4 88.2 100.5 75.0 0.0 90.7 73.4 90.6 84.2 64.6 36.5 69.4 26.3 85.1 14.0 106.0 45.6 
41.2 10.2 39.3 70.0 27.2 86.8 8.9 29.1 66.0 67.1 40.8 74.4 18.4 48.8 22.0 66.5 18.4 94.8 52.2 56.9 82.4 36.8 46.5 65.6 48.1 17.2 90.7 0.0 66.8 32.1 28.3 28.1 59.1 51.6 84.1 69.4 95.1 40.0 55.6 
102.8 60.8 42.2 45.7 65.3 37.7 75.1 46.2 28.6 33.1 101.6 12.6 60.9 85.4 51.6 61.2 57.2 32.1 49.0 16.1 45.3 33.3 32.0 15.6 38.2 64.4 73.4 66.8 0.0 91.6 84.9 46.6 70.0 15.6 49.7 11.7 85.9 50.0 76.4 
11.3 32.3 71.0 78.8 28.8 101.5 24.1 60.8 81.6 81.0 10.0 96.2 50.0 31.0 40.0 67.5 34.4 114.8 84.2 85.0 93.0 58.4 77.2 93.9 79.6 27.2 90.6 32.1 91.6 0.0 7.2 45.3 54.1 76.0 93.2 96.7 90.1 72.1 46.0 
18.4 26.7 66.3 71.7 21.6 94.3 21.5 56.1 74.4 73.8 17.0 89.2 46.7 26.8 33.3 60.8 27.8 107.6 80.0 78.8 85.9 51.6 71.8 87.7 74.7 20.6 84.2 28.3 84.9 7.2 0.0 38.4 48.0 69.3 86.2 90.4 84.4 68.0 40.4 
56.6 18.4 40.2 42.0 19.0 59.5 33.5 32.8 38.6 39.3 55.3 50.9 35.8 42.0 6.3 41.2 11.7 70.0 55.5 42.8 54.3 13.4 40.8 51.4 46.2 18.4 64.6 28.1 46.6 45.3 38.4 0.0 38.4 31.3 56.0 53.1 71.0 46.0 39.4 
63.2 49.4 78.2 33.3 32.3 59.4 59.5 71.2 45.6 42.4 61.2 67.1 72.5 26.8 41.0 15.6 41.6 78.8 93.3 73.8 46.9 45.7 77.0 80.9 83.2 42.0 36.5 59.1 70.0 54.1 48.0 38.4 0.0 58.9 45.3 80.2 36.9 84.4 10.0 
87.2 45.3 33.0 41.0 50.2 42.8 59.7 34.1 26.1 30.0 86.0 23.4 47.5 71.4 36.1 52.8 41.6 44.3 43.9 15.2 45.7 17.9 25.1 22.1 32.2 48.8 69.4 51.6 15.6 76.0 69.3 31.3 58.9 0.0 49.4 22.4 80.4 41.2 64.0 
103.8 74.2 81.4 14.6 65.1 18.0 88.8 79.7 23.3 19.7 102.0 39.4 89.1 71.2 62.1 29.7 66.5 40.0 93.3 62.5 4.5 51.0 74.4 65.1 81.6 71.4 26.3 84.1 49.7 93.2 86.2 56.0 45.3 49.4 0.0 61.2 40.2 89.6 55.2 
107.7 64.9 38.6 57.3 72.1 48.4 78.1 44.9 40.2 44.7 106.7 22.8 60.5 93.7 57.3 72.3 62.6 38.8 42.0 12.8 56.9 39.8 27.9 6.0 32.6 69.8 85.1 69.4 11.7 96.7 90.4 53.1 80.2 22.4 61.2 0.0 97.5 45.6 86.0 
98.1 85.1 107.5 40.2 69.0 58.1 96.2 102.4 57.3 52.8 96.1 77.8 106.7 60.1 75.2 30.0 77.0 80.1 121.7 95.4 44.4 73.6 103.5 100.2 110.5 78.4 14.0 95.1 85.9 90.1 84.4 71.0 36.9 80.4 40.2 97.5 0.0 114.8 44.0 
80.9 42.8 8.2 78.9 59.5 84.0 48.4 13.4 66.5 69.9 80.6 62.0 22.8 84.1 44.7 84.9 46.8 82.1 12.2 34.2 86.2 41.2 18.1 39.8 13.4 51.4 106.0 40.0 50.0 72.1 68.0 46.0 84.4 41.2 89.6 45.6 114.8 0.0 85.1 
54.3 46.7 79.6 42.8 28.4 68.8 54.6 71.7 53.9 51.0 52.3 74.7 70.8 17.1 40.5 25.6 39.7 87.7 94.8 78.4 56.6 49.0 79.7 86.1 85.4 38.4 45.6 55.6 76.4 46.0 40.4 39.4 10.0 64.0 55.2 86.0 44.0 85.1 0.0 

Routes: 
Route: 0 1 19 23 35 22 28 33 24 21 2 18 6 39 0 | Demand: 100.0| Cost: 452.4
Route: 0 3 20 34 26 5 9 8 0 | Demand: 100.0| Cost: 296.7
Route: 0 4 17 11 31 25 15 29 0 | Demand: 100.0| Cost: 345.9
Route: 0 7 37 12 16 27 36 32 0 | Demand: 100.0| Cost: 351.2
Route: 0 10 13 38 30 0 | Demand: 54.0| Cost: 113.9
Route: 0 14 0 | Demand: 72.0| Cost: 102.4

Total cost: 1662.5
Execution time: 0.004

-----------------------------------------

ClarkeWright Parallel: 
 
Distance Matrix: 
0.0 42.9 80.5 89.4 40.0 112.6 32.6 70.3 92.8 92.1 2.0 107.5 58.3 38.0 51.2 77.2 45.6 126.1 93.1 95.8 103.8 69.7 87.3 104.7 89.3 38.4 99.6 41.2 102.8 11.3 18.4 56.6 63.2 87.2 103.8 107.7 98.1 80.9 54.3 
42.9 0.0 40.0 60.0 18.4 77.8 15.2 30.1 56.9 57.7 42.0 67.2 24.4 42.0 12.2 56.3 8.2 87.1 54.3 52.8 72.7 28.8 45.1 61.8 48.2 8.9 80.5 10.2 60.8 32.3 26.7 18.4 49.4 45.3 74.2 64.9 85.1 42.8 46.7 
80.5 40.0 0.0 71.0 55.3 75.7 48.1 10.2 58.3 61.7 80.0 54.0 24.4 80.0 39.8 77.8 42.8 74.2 15.2 26.7 78.0 33.9 10.8 33.1 8.9 48.2 98.4 39.3 42.2 71.0 66.3 40.2 78.2 33.0 81.4 38.6 107.5 8.2 79.6 
89.4 60.0 71.0 0.0 50.6 26.1 74.4 68.0 17.1 12.6 87.7 38.5 76.2 58.0 48.0 19.0 52.2 46.2 84.0 55.6 14.4 38.6 65.3 60.0 72.5 56.9 28.4 70.0 45.7 78.8 71.7 42.0 33.3 41.0 14.6 57.3 40.2 78.9 42.8 
40.0 18.4 55.3 50.6 0.0 72.7 27.2 46.2 52.8 52.2 38.4 68.4 42.8 24.7 16.0 42.0 12.6 86.3 70.3 61.6 64.6 32.3 58.0 70.3 62.5 10.0 66.3 27.2 65.3 28.8 21.6 19.0 32.3 50.2 65.1 72.1 69.0 59.5 28.4 
112.6 77.8 75.7 26.1 72.7 0.0 93.0 76.2 20.9 20.6 110.9 25.6 88.1 83.5 65.8 44.7 70.9 22.0 85.4 52.8 14.1 50.6 67.1 53.3 74.0 77.0 44.2 86.8 37.7 101.5 94.3 59.5 59.4 42.8 18.0 48.4 58.1 84.0 68.8 
32.6 15.2 48.1 74.4 27.2 93.0 0.0 37.9 72.1 72.8 32.2 82.1 26.0 45.3 27.2 68.7 22.4 102.2 60.5 65.6 87.5 43.9 55.5 74.4 56.9 18.1 93.1 8.9 75.1 24.1 21.5 33.5 59.5 59.7 88.8 78.1 96.2 48.4 54.6 
70.3 30.1 10.2 68.0 46.2 76.2 37.9 0.0 57.3 60.2 69.9 56.9 15.6 70.9 31.3 72.5 33.5 77.7 24.3 32.2 76.7 29.5 18.4 40.0 19.0 38.5 94.3 29.1 46.2 60.8 56.1 32.8 71.2 34.1 79.7 44.9 102.4 13.4 71.7 
92.8 56.9 58.3 17.1 52.8 20.9 72.1 57.3 0.0 4.5 91.2 22.0 68.0 66.6 44.9 34.0 50.2 34.4 70.0 39.6 19.7 30.1 51.1 43.3 58.3 56.4 44.9 66.0 28.6 81.6 74.4 38.6 45.6 26.1 23.3 40.2 57.3 66.5 53.9 
92.1 57.7 61.7 12.6 52.2 20.6 72.8 60.2 4.5 0.0 90.4 26.1 70.3 64.4 45.6 30.1 50.6 36.7 73.8 43.9 16.5 32.1 54.9 47.7 62.1 56.5 40.5 67.1 33.1 81.0 73.8 39.3 42.4 30.0 19.7 44.7 52.8 69.9 51.0 
2.0 42.0 80.0 87.7 38.4 110.9 32.2 69.9 91.2 90.4 0.0 106.2 58.1 36.0 50.0 75.3 44.4 124.6 92.8 94.8 102.0 68.4 86.6 103.8 88.8 37.2 97.7 40.8 101.6 10.0 17.0 55.3 61.2 86.0 102.0 106.7 96.1 80.6 52.3 
107.5 67.2 54.0 38.5 68.4 25.6 82.1 56.9 22.0 26.1 106.2 0.0 70.9 85.9 56.6 56.0 62.3 20.9 61.6 28.6 35.0 38.4 44.2 27.8 50.6 69.3 64.6 74.4 12.6 96.2 89.2 50.9 67.1 23.4 39.4 22.8 77.8 62.0 74.7 
58.3 24.4 24.4 76.2 42.8 88.1 26.0 15.6 68.0 70.3 58.1 70.9 0.0 66.2 31.6 76.9 31.1 91.8 34.9 47.7 86.6 38.2 33.9 55.6 33.3 33.3 100.3 18.4 60.9 50.0 46.7 35.8 72.5 47.5 89.1 60.5 106.7 22.8 70.8 
38.0 42.0 80.0 58.0 24.7 83.5 45.3 70.9 66.6 64.4 36.0 85.9 66.2 0.0 40.4 42.2 37.4 101.0 95.1 84.4 72.2 54.3 82.4 92.8 87.1 33.1 62.6 48.8 85.4 31.0 26.8 42.0 26.8 71.4 71.2 93.7 60.1 84.1 17.1 
51.2 12.2 39.8 48.0 16.0 65.8 27.2 31.3 44.9 45.6 50.0 56.6 31.6 40.4 0.0 45.7 5.7 76.0 55.0 46.2 60.5 18.4 42.0 55.0 46.7 12.8 69.6 22.0 51.6 40.0 33.3 6.3 41.0 36.1 62.1 57.3 75.2 44.7 40.5 
77.2 56.3 77.8 19.0 42.0 44.7 68.7 72.5 34.0 30.1 75.3 56.0 76.9 42.2 45.7 0.0 48.1 65.1 92.2 68.0 31.6 43.9 74.4 74.0 81.2 50.6 24.3 66.5 61.2 67.5 60.8 41.2 15.6 52.8 29.7 72.3 30.0 84.9 25.6 
45.6 8.2 42.8 52.2 12.6 70.9 22.4 33.5 50.2 50.6 44.4 62.3 31.1 37.4 5.7 48.1 0.0 81.6 57.7 51.3 65.1 24.1 46.0 60.2 50.2 7.2 72.3 18.4 57.2 34.4 27.8 11.7 41.6 41.6 66.5 62.6 77.0 46.8 39.7 
126.1 87.1 74.2 46.2 86.3 22.0 102.2 77.7 34.4 36.7 124.6 20.9 91.8 101.0 76.0 65.1 81.6 0.0 80.4 48.0 36.1 58.3 64.0 44.7 70.0 88.4 66.1 94.8 32.1 114.8 107.6 70.0 78.8 44.3 40.0 38.8 80.1 82.1 87.7 
93.1 54.3 15.2 84.0 70.3 85.4 60.5 24.3 70.0 73.8 92.8 61.6 34.9 95.1 55.0 92.2 57.7 80.4 0.0 33.0 89.6 48.4 18.9 36.0 11.7 62.8 111.9 52.2 49.0 84.2 80.0 55.5 93.3 43.9 93.3 42.0 121.7 12.2 94.8 
95.8 52.8 26.7 55.6 61.6 52.8 65.6 32.2 39.6 43.9 94.8 28.6 47.7 84.4 46.2 68.0 51.3 48.0 33.0 0.0 58.4 30.1 16.1 8.9 22.1 58.3 84.0 56.9 16.1 85.0 78.8 42.8 73.8 15.2 62.5 12.8 95.4 34.2 78.4 
103.8 72.7 78.0 14.4 64.6 14.1 87.5 76.7 19.7 16.5 102.0 35.0 86.6 72.2 60.5 31.6 65.1 36.1 89.6 58.4 0.0 48.4 70.7 60.8 77.9 70.3 30.6 82.4 45.3 93.0 85.9 54.3 46.9 45.7 4.5 56.9 44.4 86.2 56.6 
69.7 28.8 33.9 38.6 32.3 50.6 43.9 29.5 30.1 32.1 68.4 38.4 38.2 54.3 18.4 43.9 24.1 58.3 48.4 30.1 48.4 0.0 31.3 38.5 37.7 31.2 64.9 36.8 33.3 58.4 51.6 13.4 45.7 17.9 51.0 39.8 73.6 41.2 49.0 
87.3 45.1 10.8 65.3 58.0 67.1 55.5 18.4 51.1 54.9 86.6 44.2 33.9 82.4 42.0 74.4 46.0 64.0 18.9 16.1 70.7 31.3 0.0 22.4 7.2 52.3 93.4 46.5 32.0 77.2 71.8 40.8 77.0 25.1 74.4 27.9 103.5 18.1 79.7 
104.7 61.8 33.1 60.0 70.3 53.3 74.4 40.0 43.3 47.7 103.8 27.8 55.6 92.8 55.0 74.0 60.2 44.7 36.0 8.9 60.8 38.5 22.4 0.0 26.7 67.2 88.2 65.6 15.6 93.9 87.7 51.4 80.9 22.1 65.1 6.0 100.2 39.8 86.1 
89.3 48.2 8.9 72.5 62.5 74.0 56.9 19.0 58.3 62.1 88.8 50.6 33.3 87.1 46.7 81.2 50.2 70.0 11.7 22.1 77.9 37.7 7.2 26.7 0.0 56.0 100.5 48.1 38.2 79.6 74.7 46.2 83.2 32.2 81.6 32.6 110.5 13.4 85.4 
38.4 8.9 48.2 56.9 10.0 77.0 18.1 38.5 56.4 56.5 37.2 69.3 33.3 33.1 12.8 50.6 7.2 88.4 62.8 58.3 70.3 31.2 52.3 67.2 56.0 0.0 75.0 17.2 64.4 27.2 20.6 18.4 42.0 48.8 71.4 69.8 78.4 51.4 38.4 
99.6 80.5 98.4 28.4 66.3 44.2 93.1 94.3 44.9 40.5 97.7 64.6 100.3 62.6 69.6 24.3 72.3 66.1 111.9 84.0 30.6 64.9 93.4 88.2 100.5 75.0 0.0 90.7 73.4 90.6 84.2 64.6 36.5 69.4 26.3 85.1 14.0 106.0 45.6 
41.2 10.2 39.3 70.0 27.2 86.8 8.9 29.1 66.0 67.1 40.8 74.4 18.4 48.8 22.0 66.5 18.4 94.8 52.2 56.9 82.4 36.8 46.5 65.6 48.1 17.2 90.7 0.0 66.8 32.1 28.3 28.1 59.1 51.6 84.1 69.4 95.1 40.0 55.6 
102.8 60.8 42.2 45.7 65.3 37.7 75.1 46.2 28.6 33.1 101.6 12.6 60.9 85.4 51.6 61.2 57.2 32.1 49.0 16.1 45.3 33.3 32.0 15.6 38.2 64.4 73.4 66.8 0.0 91.6 84.9 46.6 70.0 15.6 49.7 11.7 85.9 50.0 76.4 
11.3 32.3 71.0 78.8 28.8 101.5 24.1 60.8 81.6 81.0 10.0 96.2 50.0 31.0 40.0 67.5 34.4 114.8 84.2 85.0 93.0 58.4 77.2 93.9 79.6 27.2 90.6 32.1 91.6 0.0 7.2 45.3 54.1 76.0 93.2 96.7 90.1 72.1 46.0 
18.4 26.7 66.3 71.7 21.6 94.3 21.5 56.1 74.4 73.8 17.0 89.2 46.7 26.8 33.3 60.8 27.8 107.6 80.0 78.8 85.9 51.6 71.8 87.7 74.7 20.6 84.2 28.3 84.9 7.2 0.0 38.4 48.0 69.3 86.2 90.4 84.4 68.0 40.4 
56.6 18.4 40.2 42.0 19.0 59.5 33.5 32.8 38.6 39.3 55.3 50.9 35.8 42.0 6.3 41.2 11.7 70.0 55.5 42.8 54.3 13.4 40.8 51.4 46.2 18.4 64.6 28.1 46.6 45.3 38.4 0.0 38.4 31.3 56.0 53.1 71.0 46.0 39.4 
63.2 49.4 78.2 33.3 32.3 59.4 59.5 71.2 45.6 42.4 61.2 67.1 72.5 26.8 41.0 15.6 41.6 78.8 93.3 73.8 46.9 45.7 77.0 80.9 83.2 42.0 36.5 59.1 70.0 54.1 48.0 38.4 0.0 58.9 45.3 80.2 36.9 84.4 10.0 
87.2 45.3 33.0 41.0 50.2 42.8 59.7 34.1 26.1 30.0 86.0 23.4 47.5 71.4 36.1 52.8 41.6 44.3 43.9 15.2 45.7 17.9 25.1 22.1 32.2 48.8 69.4 51.6 15.6 76.0 69.3 31.3 58.9 0.0 49.4 22.4 80.4 41.2 64.0 
103.8 74.2 81.4 14.6 65.1 18.0 88.8 79.7 23.3 19.7 102.0 39.4 89.1 71.2 62.1 29.7 66.5 40.0 93.3 62.5 4.5 51.0 74.4 65.1 81.6 71.4 26.3 84.1 49.7 93.2 86.2 56.0 45.3 49.4 0.0 61.2 40.2 89.6 55.2 
107.7 64.9 38.6 57.3 72.1 48.4 78.1 44.9 40.2 44.7 106.7 22.8 60.5 93.7 57.3 72.3 62.6 38.8 42.0 12.8 56.9 39.8 27.9 6.0 32.6 69.8 85.1 69.4 11.7 96.7 90.4 53.1 80.2 22.4 61.2 0.0 97.5 45.6 86.0 
98.1 85.1 107.5 40.2 69.0 58.1 96.2 102.4 57.3 52.8 96.1 77.8 106.7 60.1 75.2 30.0 77.0 80.1 121.7 95.4 44.4 73.6 103.5 100.2 110.5 78.4 14.0 95.1 85.9 90.1 84.4 71.0 36.9 80.4 40.2 97.5 0.0 114.8 44.0 
80.9 42.8 8.2 78.9 59.5 84.0 48.4 13.4 66.5 69.9 80.6 62.0 22.8 84.1 44.7 84.9 46.8 82.1 12.2 34.2 86.2 41.2 18.1 39.8 13.4 51.4 106.0 40.0 50.0 72.1 68.0 46.0 84.4 41.2 89.6 45.6 114.8 0.0 85.1 
54.3 46.7 79.6 42.8 28.4 68.8 54.6 71.7 53.9 51.0 52.3 74.7 70.8 17.1 40.5 25.6 39.7 87.7 94.8 78.4 56.6 49.0 79.7 86.1 85.4 38.4 45.6 55.6 76.4 46.0 40.4 39.4 10.0 64.0 55.2 86.0 44.0 85.1 0.0 

Routes: 
Route: 0 1 21 3 9 18 24 22 19 28 23 35 33 0 | Demand: 99.0| Cost: 379.0
Route: 0 4 13 15 26 36 32 38 39 29 0 | Demand: 95.0| Cost: 249.5
Route: 0 6 12 2 37 7 27 0 | Demand: 88.0| Cost: 174.9
Route: 0 10 25 30 0 | Demand: 50.0| Cost: 78.2
Route: 0 11 5 17 20 34 8 0 | Demand: 97.0| Cost: 311.8
Route: 0 14 31 16 0 | Demand: 97.0| Cost: 114.8

Total cost: 1308.2
Execution time: 0.003

