ClarkeWright Sequential: 
 
Distance Matrix: 
0.0 33.1 72.2 70.9 106.2 21.6 70.0 17.2 78.9 48.8 10.0 28.3 60.8 76.7 55.5 56.9 13.4 72.1 62.3 88.8 26.3 56.1 60.0 69.9 46.2 32.3 14.1 47.1 54.4 76.9 72.2 78.8 64.0 69.9 60.2 76.0 
33.1 0.0 89.3 69.9 101.1 36.7 71.0 48.8 101.1 54.0 42.2 18.1 57.7 46.2 64.3 83.2 24.1 45.7 37.7 78.2 47.7 31.6 33.1 78.0 24.1 26.0 42.5 28.8 58.0 52.8 46.5 69.0 36.8 48.4 70.5 94.3 
72.2 89.3 0.0 43.9 66.3 54.3 39.4 60.2 19.0 38.8 65.1 71.5 48.4 107.8 28.4 30.0 84.0 94.8 86.6 69.0 46.0 84.4 90.0 23.4 78.9 64.6 58.5 73.8 38.2 92.2 93.3 63.6 92.5 83.5 22.6 5.7 
70.9 69.9 43.9 0.0 35.4 49.5 4.5 68.8 62.8 22.8 69.4 53.1 12.2 70.7 22.4 64.0 77.2 56.4 50.6 26.1 50.5 51.0 55.8 20.6 50.0 44.9 62.5 44.0 17.2 51.6 54.6 19.7 56.9 43.9 24.1 49.2 
106.2 101.1 66.3 35.4 0.0 84.9 37.2 104.0 84.0 58.1 104.8 86.1 45.6 88.1 55.6 93.1 111.6 74.0 72.7 26.0 85.6 75.7 78.9 46.2 78.4 78.2 97.8 72.8 52.5 66.1 72.0 33.0 78.4 62.1 54.6 70.0 
21.6 36.7 54.3 49.5 84.9 0.0 48.4 22.4 64.6 27.2 20.6 21.3 40.0 69.9 34.2 46.9 30.6 61.6 51.4 69.0 11.3 46.2 51.3 48.7 36.8 19.0 14.6 34.9 32.8 64.3 61.2 59.1 55.0 56.0 39.3 58.9 
70.0 71.0 39.4 4.5 37.2 48.4 0.0 66.8 58.3 21.3 67.9 53.9 14.1 74.2 19.0 60.0 76.9 60.0 53.9 30.3 48.4 53.9 58.8 16.1 52.2 45.6 60.8 46.2 15.6 55.6 58.3 24.2 60.2 47.7 20.0 44.7 
17.2 48.8 60.2 68.8 104.0 22.4 66.8 0.0 64.0 46.0 7.2 39.3 60.8 89.3 49.5 40.8 30.5 82.6 72.4 90.4 18.4 66.8 71.4 62.8 56.9 40.0 8.0 56.1 51.6 86.0 82.4 80.6 75.3 78.0 52.8 63.2 
78.9 101.1 19.0 62.8 84.0 64.6 58.3 64.0 0.0 55.2 70.3 84.1 66.6 124.5 45.6 24.7 91.8 111.9 103.2 87.9 54.4 100.5 106.2 42.4 94.0 78.2 64.8 89.4 55.6 110.0 110.6 82.5 108.9 101.2 40.5 14.1 
48.8 54.0 38.8 22.8 58.1 27.2 21.3 46.0 55.2 0.0 46.7 36.0 16.1 69.3 10.8 48.1 56.5 56.9 48.1 45.6 27.8 45.6 51.2 24.0 40.2 28.1 39.7 35.0 5.7 55.6 55.6 36.5 53.8 46.6 17.1 44.4 
10.0 42.2 65.1 69.4 104.8 20.6 67.9 7.2 70.3 46.7 0.0 34.2 60.5 84.0 51.6 47.5 23.3 78.1 68.0 89.6 20.6 62.1 66.5 65.5 52.2 36.2 7.2 52.0 52.3 82.1 78.0 79.6 70.5 74.4 55.6 68.5 
28.3 18.1 71.5 53.1 86.1 21.3 53.9 39.3 84.1 36.0 34.2 0.0 41.2 50.0 46.2 67.9 27.2 44.0 34.1 65.1 32.6 28.0 32.2 60.0 18.0 8.2 31.6 19.0 40.2 48.7 44.0 55.3 36.2 41.8 52.3 76.6 
60.8 57.7 48.4 12.2 45.6 40.0 14.1 60.8 66.6 16.1 60.5 41.2 0.0 61.1 21.5 63.2 66.0 47.2 40.2 29.7 43.1 39.8 44.9 27.2 38.1 33.1 53.9 32.1 12.2 43.9 45.6 20.4 46.5 35.4 26.1 54.0 
76.7 46.2 107.8 70.7 88.1 69.9 74.2 89.3 124.5 69.3 84.0 50.0 61.1 0.0 79.4 113.7 70.0 14.6 21.3 62.1 80.5 24.4 18.9 88.2 33.1 51.0 81.6 36.1 69.7 22.0 16.5 57.3 15.6 27.2 85.3 113.5 
55.5 64.3 28.4 22.4 55.6 34.2 19.0 49.5 45.6 10.8 51.6 46.2 21.5 79.4 0.0 42.2 64.6 66.5 58.1 48.0 31.2 56.0 61.6 14.6 51.0 38.5 44.4 45.7 10.0 64.4 65.1 40.2 64.0 55.6 6.3 34.1 
56.9 83.2 30.0 64.0 93.1 46.9 60.0 40.8 24.7 48.1 47.5 67.9 63.2 113.7 42.2 0.0 70.2 103.0 93.3 90.0 35.6 89.3 94.9 47.1 81.2 63.8 43.1 77.7 51.0 103.0 102.0 82.4 98.2 94.0 40.0 29.7 
13.4 24.1 84.0 77.2 111.6 30.6 76.9 30.5 91.8 56.5 23.3 27.2 66.0 70.0 64.6 70.2 0.0 67.9 58.8 91.9 38.1 52.5 55.3 79.1 43.1 33.9 27.2 45.7 61.7 74.0 68.4 82.0 59.2 68.0 69.9 88.1 
72.1 45.7 94.8 56.4 74.0 61.6 60.0 82.6 111.9 56.9 78.1 44.0 47.2 14.6 66.5 103.0 67.9 0.0 10.2 48.0 71.5 16.0 12.6 74.4 26.0 42.8 74.7 26.7 56.6 8.9 2.0 42.8 8.9 12.6 72.1 100.4 
62.3 37.7 86.6 50.6 72.7 51.4 53.9 72.4 103.2 48.1 68.0 34.1 40.2 21.3 58.1 93.3 58.8 10.2 0.0 47.1 61.4 6.3 6.3 67.2 16.1 32.6 64.5 16.5 48.4 15.2 10.0 40.0 6.3 11.7 64.0 92.2 
88.8 78.2 69.0 26.1 26.0 69.0 30.3 90.4 87.9 45.6 89.6 65.1 29.7 62.1 48.0 90.0 91.9 48.0 47.1 0.0 72.8 50.6 53.4 45.6 54.6 58.0 83.2 49.4 40.8 40.2 46.0 10.0 52.6 36.2 50.2 74.0 
26.3 47.7 46.0 50.5 85.6 11.3 48.4 18.4 54.4 27.8 20.6 32.6 43.1 80.5 31.2 35.6 38.1 71.5 61.4 72.8 0.0 56.5 61.7 44.9 47.4 29.5 13.4 44.9 33.3 73.3 70.9 63.2 65.4 64.8 35.0 50.0 
56.1 31.6 84.4 51.0 75.7 46.2 53.9 66.8 100.5 45.6 62.1 28.0 39.8 24.4 56.0 89.3 52.5 16.0 6.3 50.6 56.5 0.0 5.7 66.2 10.0 27.2 58.9 11.7 46.6 21.5 16.1 42.8 8.9 17.0 62.1 90.0 
60.0 33.1 90.0 55.8 78.9 51.3 58.8 71.4 106.2 51.2 66.5 32.2 44.9 18.9 61.6 94.9 55.3 12.6 6.3 53.4 61.7 5.7 0.0 71.6 14.6 32.3 63.6 17.2 52.2 20.0 13.4 46.2 4.0 17.9 67.7 95.6 
69.9 78.0 23.4 20.6 46.2 48.7 16.1 62.8 42.4 24.0 65.5 60.0 27.2 88.2 14.6 47.1 79.1 74.4 67.2 45.6 44.9 66.2 71.6 0.0 62.6 52.0 58.3 56.9 20.4 70.8 72.8 40.2 73.4 62.5 10.0 28.6 
46.2 24.1 78.9 50.0 78.4 36.8 52.2 56.9 94.0 40.2 52.2 18.0 38.1 33.1 51.0 81.2 43.1 26.0 16.1 54.6 47.4 10.0 14.6 62.6 0.0 17.9 49.0 6.0 42.4 31.0 26.1 45.7 18.4 25.1 57.3 84.4 
32.3 26.0 64.6 44.9 78.2 19.0 45.6 40.0 78.2 28.1 36.2 8.2 33.1 51.0 38.5 63.8 33.9 42.8 32.6 58.0 29.5 27.2 32.3 52.0 17.9 0.0 32.1 16.1 32.1 46.0 42.4 48.1 36.1 38.2 44.7 69.9 
14.1 42.5 58.5 62.5 97.8 14.6 60.8 8.0 64.8 39.7 7.2 31.6 53.9 81.6 44.4 43.1 27.2 74.7 64.5 83.2 13.4 58.9 63.6 58.3 49.0 32.1 0.0 48.2 45.3 78.0 74.4 73.3 67.5 70.0 48.4 62.1 
47.1 28.8 73.8 44.0 72.8 34.9 46.2 56.1 89.4 35.0 52.0 19.0 32.1 36.1 45.7 77.7 45.7 26.7 16.5 49.4 44.9 11.7 17.2 56.9 6.0 16.1 48.2 0.0 36.8 30.1 26.3 40.2 20.6 22.8 51.9 79.3 
54.4 58.0 38.2 17.2 52.5 32.8 15.6 51.6 55.6 5.7 52.3 40.2 12.2 69.7 10.0 51.0 61.7 56.6 48.4 40.8 33.3 46.6 52.2 20.4 42.4 32.1 45.3 36.8 0.0 54.4 55.2 32.1 54.4 45.6 15.6 43.9 
76.9 52.8 92.2 51.6 66.1 64.3 55.6 86.0 110.0 55.6 82.1 48.7 43.9 22.0 64.4 103.0 74.0 8.9 15.2 40.2 73.3 21.5 20.0 70.8 31.0 46.0 78.0 30.1 54.4 0.0 7.2 36.1 17.0 8.9 69.7 97.8 
72.2 46.5 93.3 54.6 72.0 61.2 58.3 82.4 110.6 55.6 78.0 44.0 45.6 16.5 65.1 102.0 68.4 2.0 10.0 46.0 70.9 16.1 13.4 72.8 26.1 42.4 74.4 26.3 55.2 7.2 0.0 40.8 10.0 10.8 70.7 99.0 
78.8 69.0 63.6 19.7 33.0 59.1 24.2 80.6 82.5 36.5 79.6 55.3 20.4 57.3 40.2 82.4 82.0 42.8 40.0 10.0 63.2 42.8 46.2 40.2 45.7 48.1 73.3 40.2 32.1 36.1 40.8 0.0 46.0 30.3 43.2 68.9 
64.0 36.8 92.5 56.9 78.4 55.0 60.2 75.3 108.9 53.8 70.5 36.2 46.5 15.6 64.0 98.2 59.2 8.9 6.3 52.6 65.4 8.9 4.0 73.4 18.4 36.1 67.5 20.6 54.4 17.0 10.0 46.0 0.0 16.5 70.0 98.1 
69.9 48.4 83.5 43.9 62.1 56.0 47.7 78.0 101.2 46.6 74.4 41.8 35.4 27.2 55.6 94.0 68.0 12.6 11.7 36.2 64.8 17.0 17.9 62.5 25.1 38.2 70.0 22.8 45.6 8.9 10.8 30.3 16.5 0.0 61.0 89.2 
60.2 70.5 22.6 24.1 54.6 39.3 20.0 52.8 40.5 17.1 55.6 52.3 26.1 85.3 6.3 40.0 69.9 72.1 64.0 50.2 35.0 62.1 67.7 10.0 57.3 44.7 48.4 51.9 15.6 69.7 70.7 43.2 70.0 61.0 0.0 28.3 
76.0 94.3 5.7 49.2 70.0 58.9 44.7 63.2 14.1 44.4 68.5 76.6 54.0 113.5 34.1 29.7 88.1 100.4 92.2 74.0 50.0 90.0 95.6 28.6 84.4 69.9 62.1 79.3 43.9 97.8 99.0 68.9 98.1 89.2 28.3 0.0 

Routes: 
Route: 0 1 13 28 32 25 22 17 30 18 33 19 6 0 | Demand: 100.0| Cost: 444.6
Route: 0 2 35 8 23 4 34 14 15 0 | Demand: 95.0| Cost: 340.6
Route: 0 3 31 29 12 9 0 | Demand: 93.0| Cost: 235.5
Route: 0 5 20 27 21 24 11 26 0 | Demand: 99.0| Cost: 163.2
Route: 0 7 10 16 0 | Demand: 55.0| Cost: 61.1

Total cost: 1245.0
Execution time: 0.005

-----------------------------------------

ClarkeWright Parallel: 
 
Distance Matrix: 
0.0 33.1 72.2 70.9 106.2 21.6 70.0 17.2 78.9 48.8 10.0 28.3 60.8 76.7 55.5 56.9 13.4 72.1 62.3 88.8 26.3 56.1 60.0 69.9 46.2 32.3 14.1 47.1 54.4 76.9 72.2 78.8 64.0 69.9 60.2 76.0 
33.1 0.0 89.3 69.9 101.1 36.7 71.0 48.8 101.1 54.0 42.2 18.1 57.7 46.2 64.3 83.2 24.1 45.7 37.7 78.2 47.7 31.6 33.1 78.0 24.1 26.0 42.5 28.8 58.0 52.8 46.5 69.0 36.8 48.4 70.5 94.3 
72.2 89.3 0.0 43.9 66.3 54.3 39.4 60.2 19.0 38.8 65.1 71.5 48.4 107.8 28.4 30.0 84.0 94.8 86.6 69.0 46.0 84.4 90.0 23.4 78.9 64.6 58.5 73.8 38.2 92.2 93.3 63.6 92.5 83.5 22.6 5.7 
70.9 69.9 43.9 0.0 35.4 49.5 4.5 68.8 62.8 22.8 69.4 53.1 12.2 70.7 22.4 64.0 77.2 56.4 50.6 26.1 50.5 51.0 55.8 20.6 50.0 44.9 62.5 44.0 17.2 51.6 54.6 19.7 56.9 43.9 24.1 49.2 
106.2 101.1 66.3 35.4 0.0 84.9 37.2 104.0 84.0 58.1 104.8 86.1 45.6 88.1 55.6 93.1 111.6 74.0 72.7 26.0 85.6 75.7 78.9 46.2 78.4 78.2 97.8 72.8 52.5 66.1 72.0 33.0 78.4 62.1 54.6 70.0 
21.6 36.7 54.3 49.5 84.9 0.0 48.4 22.4 64.6 27.2 20.6 21.3 40.0 69.9 34.2 46.9 30.6 61.6 51.4 69.0 11.3 46.2 51.3 48.7 36.8 19.0 14.6 34.9 32.8 64.3 61.2 59.1 55.0 56.0 39.3 58.9 
70.0 71.0 39.4 4.5 37.2 48.4 0.0 66.8 58.3 21.3 67.9 53.9 14.1 74.2 19.0 60.0 76.9 60.0 53.9 30.3 48.4 53.9 58.8 16.1 52.2 45.6 60.8 46.2 15.6 55.6 58.3 24.2 60.2 47.7 20.0 44.7 
17.2 48.8 60.2 68.8 104.0 22.4 66.8 0.0 64.0 46.0 7.2 39.3 60.8 89.3 49.5 40.8 30.5 82.6 72.4 90.4 18.4 66.8 71.4 62.8 56.9 40.0 8.0 56.1 51.6 86.0 82.4 80.6 75.3 78.0 52.8 63.2 
78.9 101.1 19.0 62.8 84.0 64.6 58.3 64.0 0.0 55.2 70.3 84.1 66.6 124.5 45.6 24.7 91.8 111.9 103.2 87.9 54.4 100.5 106.2 42.4 94.0 78.2 64.8 89.4 55.6 110.0 110.6 82.5 108.9 101.2 40.5 14.1 
48.8 54.0 38.8 22.8 58.1 27.2 21.3 46.0 55.2 0.0 46.7 36.0 16.1 69.3 10.8 48.1 56.5 56.9 48.1 45.6 27.8 45.6 51.2 24.0 40.2 28.1 39.7 35.0 5.7 55.6 55.6 36.5 53.8 46.6 17.1 44.4 
10.0 42.2 65.1 69.4 104.8 20.6 67.9 7.2 70.3 46.7 0.0 34.2 60.5 84.0 51.6 47.5 23.3 78.1 68.0 89.6 20.6 62.1 66.5 65.5 52.2 36.2 7.2 52.0 52.3 82.1 78.0 79.6 70.5 74.4 55.6 68.5 
28.3 18.1 71.5 53.1 86.1 21.3 53.9 39.3 84.1 36.0 34.2 0.0 41.2 50.0 46.2 67.9 27.2 44.0 34.1 65.1 32.6 28.0 32.2 60.0 18.0 8.2 31.6 19.0 40.2 48.7 44.0 55.3 36.2 41.8 52.3 76.6 
60.8 57.7 48.4 12.2 45.6 40.0 14.1 60.8 66.6 16.1 60.5 41.2 0.0 61.1 21.5 63.2 66.0 47.2 40.2 29.7 43.1 39.8 44.9 27.2 38.1 33.1 53.9 32.1 12.2 43.9 45.6 20.4 46.5 35.4 26.1 54.0 
76.7 46.2 107.8 70.7 88.1 69.9 74.2 89.3 124.5 69.3 84.0 50.0 61.1 0.0 79.4 113.7 70.0 14.6 21.3 62.1 80.5 24.4 18.9 88.2 33.1 51.0 81.6 36.1 69.7 22.0 16.5 57.3 15.6 27.2 85.3 113.5 
55.5 64.3 28.4 22.4 55.6 34.2 19.0 49.5 45.6 10.8 51.6 46.2 21.5 79.4 0.0 42.2 64.6 66.5 58.1 48.0 31.2 56.0 61.6 14.6 51.0 38.5 44.4 45.7 10.0 64.4 65.1 40.2 64.0 55.6 6.3 34.1 
56.9 83.2 30.0 64.0 93.1 46.9 60.0 40.8 24.7 48.1 47.5 67.9 63.2 113.7 42.2 0.0 70.2 103.0 93.3 90.0 35.6 89.3 94.9 47.1 81.2 63.8 43.1 77.7 51.0 103.0 102.0 82.4 98.2 94.0 40.0 29.7 
13.4 24.1 84.0 77.2 111.6 30.6 76.9 30.5 91.8 56.5 23.3 27.2 66.0 70.0 64.6 70.2 0.0 67.9 58.8 91.9 38.1 52.5 55.3 79.1 43.1 33.9 27.2 45.7 61.7 74.0 68.4 82.0 59.2 68.0 69.9 88.1 
72.1 45.7 94.8 56.4 74.0 61.6 60.0 82.6 111.9 56.9 78.1 44.0 47.2 14.6 66.5 103.0 67.9 0.0 10.2 48.0 71.5 16.0 12.6 74.4 26.0 42.8 74.7 26.7 56.6 8.9 2.0 42.8 8.9 12.6 72.1 100.4 
62.3 37.7 86.6 50.6 72.7 51.4 53.9 72.4 103.2 48.1 68.0 34.1 40.2 21.3 58.1 93.3 58.8 10.2 0.0 47.1 61.4 6.3 6.3 67.2 16.1 32.6 64.5 16.5 48.4 15.2 10.0 40.0 6.3 11.7 64.0 92.2 
88.8 78.2 69.0 26.1 26.0 69.0 30.3 90.4 87.9 45.6 89.6 65.1 29.7 62.1 48.0 90.0 91.9 48.0 47.1 0.0 72.8 50.6 53.4 45.6 54.6 58.0 83.2 49.4 40.8 40.2 46.0 10.0 52.6 36.2 50.2 74.0 
26.3 47.7 46.0 50.5 85.6 11.3 48.4 18.4 54.4 27.8 20.6 32.6 43.1 80.5 31.2 35.6 38.1 71.5 61.4 72.8 0.0 56.5 61.7 44.9 47.4 29.5 13.4 44.9 33.3 73.3 70.9 63.2 65.4 64.8 35.0 50.0 
56.1 31.6 84.4 51.0 75.7 46.2 53.9 66.8 100.5 45.6 62.1 28.0 39.8 24.4 56.0 89.3 52.5 16.0 6.3 50.6 56.5 0.0 5.7 66.2 10.0 27.2 58.9 11.7 46.6 21.5 16.1 42.8 8.9 17.0 62.1 90.0 
60.0 33.1 90.0 55.8 78.9 51.3 58.8 71.4 106.2 51.2 66.5 32.2 44.9 18.9 61.6 94.9 55.3 12.6 6.3 53.4 61.7 5.7 0.0 71.6 14.6 32.3 63.6 17.2 52.2 20.0 13.4 46.2 4.0 17.9 67.7 95.6 
69.9 78.0 23.4 20.6 46.2 48.7 16.1 62.8 42.4 24.0 65.5 60.0 27.2 88.2 14.6 47.1 79.1 74.4 67.2 45.6 44.9 66.2 71.6 0.0 62.6 52.0 58.3 56.9 20.4 70.8 72.8 40.2 73.4 62.5 10.0 28.6 
46.2 24.1 78.9 50.0 78.4 36.8 52.2 56.9 94.0 40.2 52.2 18.0 38.1 33.1 51.0 81.2 43.1 26.0 16.1 54.6 47.4 10.0 14.6 62.6 0.0 17.9 49.0 6.0 42.4 31.0 26.1 45.7 18.4 25.1 57.3 84.4 
32.3 26.0 64.6 44.9 78.2 19.0 45.6 40.0 78.2 28.1 36.2 8.2 33.1 51.0 38.5 63.8 33.9 42.8 32.6 58.0 29.5 27.2 32.3 52.0 17.9 0.0 32.1 16.1 32.1 46.0 42.4 48.1 36.1 38.2 44.7 69.9 
14.1 42.5 58.5 62.5 97.8 14.6 60.8 8.0 64.8 39.7 7.2 31.6 53.9 81.6 44.4 43.1 27.2 74.7 64.5 83.2 13.4 58.9 63.6 58.3 49.0 32.1 0.0 48.2 45.3 78.0 74.4 73.3 67.5 70.0 48.4 62.1 
47.1 28.8 73.8 44.0 72.8 34.9 46.2 56.1 89.4 35.0 52.0 19.0 32.1 36.1 45.7 77.7 45.7 26.7 16.5 49.4 44.9 11.7 17.2 56.9 6.0 16.1 48.2 0.0 36.8 30.1 26.3 40.2 20.6 22.8 51.9 79.3 
54.4 58.0 38.2 17.2 52.5 32.8 15.6 51.6 55.6 5.7 52.3 40.2 12.2 69.7 10.0 51.0 61.7 56.6 48.4 40.8 33.3 46.6 52.2 20.4 42.4 32.1 45.3 36.8 0.0 54.4 55.2 32.1 54.4 45.6 15.6 43.9 
76.9 52.8 92.2 51.6 66.1 64.3 55.6 86.0 110.0 55.6 82.1 48.7 43.9 22.0 64.4 103.0 74.0 8.9 15.2 40.2 73.3 21.5 20.0 70.8 31.0 46.0 78.0 30.1 54.4 0.0 7.2 36.1 17.0 8.9 69.7 97.8 
72.2 46.5 93.3 54.6 72.0 61.2 58.3 82.4 110.6 55.6 78.0 44.0 45.6 16.5 65.1 102.0 68.4 2.0 10.0 46.0 70.9 16.1 13.4 72.8 26.1 42.4 74.4 26.3 55.2 7.2 0.0 40.8 10.0 10.8 70.7 99.0 
78.8 69.0 63.6 19.7 33.0 59.1 24.2 80.6 82.5 36.5 79.6 55.3 20.4 57.3 40.2 82.4 82.0 42.8 40.0 10.0 63.2 42.8 46.2 40.2 45.7 48.1 73.3 40.2 32.1 36.1 40.8 0.0 46.0 30.3 43.2 68.9 
64.0 36.8 92.5 56.9 78.4 55.0 60.2 75.3 108.9 53.8 70.5 36.2 46.5 15.6 64.0 98.2 59.2 8.9 6.3 52.6 65.4 8.9 4.0 73.4 18.4 36.1 67.5 20.6 54.4 17.0 10.0 46.0 0.0 16.5 70.0 98.1 
69.9 48.4 83.5 43.9 62.1 56.0 47.7 78.0 101.2 46.6 74.4 41.8 35.4 27.2 55.6 94.0 68.0 12.6 11.7 36.2 64.8 17.0 17.9 62.5 25.1 38.2 70.0 22.8 45.6 8.9 10.8 30.3 16.5 0.0 61.0 89.2 
60.2 70.5 22.6 24.1 54.6 39.3 20.0 52.8 40.5 17.1 55.6 52.3 26.1 85.3 6.3 40.0 69.9 72.1 64.0 50.2 35.0 62.1 67.7 10.0 57.3 44.7 48.4 51.9 15.6 69.7 70.7 43.2 70.0 61.0 0.0 28.3 
76.0 94.3 5.7 49.2 70.0 58.9 44.7 63.2 14.1 44.4 68.5 76.6 54.0 113.5 34.1 29.7 88.1 100.4 92.2 74.0 50.0 90.0 95.6 28.6 84.4 69.9 62.1 79.3 43.9 97.8 99.0 68.9 98.1 89.2 28.3 0.0 

Routes: 
Route: 0 1 22 18 13 29 17 30 33 32 21 0 | Demand: 95.0| Cost: 219.0
Route: 0 7 26 10 0 | Demand: 58.0| Cost: 42.4
Route: 0 9 28 8 2 35 15 34 0 | Demand: 97.0| Cost: 264.7
Route: 0 14 3 4 19 31 6 23 12 0 | Demand: 92.0| Cost: 277.6
Route: 0 16 5 20 11 25 24 27 0 | Demand: 100.0| Cost: 167.1

Total cost: 970.8
Execution time: 0.002

