ClarkeWright Sequential: 
 
Distance Matrix: 
0.0 111.8 105.1 49.4 48.8 14.4 94.3 64.9 92.1 28.2 40.0 83.0 11.7 110.5 87.0 84.9 66.0 101.4 90.0 37.6 92.1 106.0 98.2 43.2 42.2 87.0 98.3 96.8 89.6 27.2 73.5 103.8 
111.8 0.0 34.9 77.9 75.6 97.6 54.6 51.9 37.1 85.6 88.1 79.2 101.4 28.8 51.0 27.0 81.7 25.7 74.5 76.8 73.8 36.2 64.0 84.2 78.0 25.2 76.0 21.1 26.0 84.9 62.3 16.3 
105.1 34.9 0.0 60.3 59.2 90.9 80.7 40.5 13.0 84.4 94.1 100.5 97.1 8.2 22.5 38.1 97.3 10.6 42.3 77.9 41.1 67.2 30.1 91.0 64.4 39.4 101.9 19.4 46.3 78.5 80.3 19.4 
49.4 77.9 60.3 0.0 3.2 37.1 86.6 26.2 48.1 40.7 58.8 90.2 45.3 67.2 39.4 55.1 77.5 59.7 41.1 41.1 43.0 88.0 48.8 58.3 8.9 58.1 100.7 58.3 64.4 28.8 71.6 65.2 
48.8 75.6 59.2 3.2 0.0 36.0 83.4 23.8 46.8 38.5 56.3 87.1 44.0 65.9 38.9 52.4 74.5 58.1 42.4 38.4 44.3 85.0 49.4 55.6 7.1 55.3 97.6 56.3 61.5 26.9 68.4 63.2 
14.4 97.6 90.9 37.1 36.0 0.0 83.5 50.5 77.9 17.0 33.8 75.7 8.5 96.2 73.2 70.8 59.2 87.0 78.2 25.7 80.1 93.6 85.3 35.9 29.1 73.0 90.1 82.4 76.0 12.8 63.4 89.4 
94.3 54.6 80.7 86.6 83.4 83.5 0.0 65.7 74.3 66.7 56.8 26.9 82.6 78.3 84.4 43.9 36.9 70.2 106.8 57.9 107.2 21.4 101.9 52.8 81.0 41.9 21.5 61.3 34.4 74.2 21.0 63.1 
64.9 51.9 40.5 26.2 23.8 50.5 65.7 0.0 27.5 44.4 56.7 75.7 56.6 45.7 26.5 29.2 66.9 36.6 43.3 39.1 44.2 63.5 43.1 54.3 26.4 32.1 83.0 33.3 39.0 38.1 55.2 40.4 
92.1 37.1 13.0 48.1 46.8 77.9 74.3 27.5 0.0 71.6 82.0 91.7 84.2 19.1 14.0 30.5 87.0 12.6 37.7 65.4 37.1 63.8 28.7 79.1 51.6 32.5 94.8 16.5 40.4 65.6 71.1 21.0 
28.2 85.6 84.4 40.7 38.5 17.0 66.7 44.4 71.6 0.0 19.2 59.0 16.6 88.5 70.0 58.6 43.0 78.8 80.1 9.4 81.7 77.8 84.6 20.1 31.8 60.4 73.2 72.9 62.2 12.7 46.4 79.6 
40.0 88.1 94.1 58.8 56.3 33.8 56.8 56.7 82.0 19.2 0.0 43.0 29.2 96.9 83.2 62.3 26.0 86.8 96.4 18.4 97.9 72.2 99.2 4.2 50.0 63.3 58.4 79.6 62.6 31.9 35.8 85.6 
83.0 79.2 100.5 90.2 87.1 75.7 26.9 75.7 91.7 59.0 43.0 0.0 72.0 99.6 99.0 62.4 17.1 90.5 118.9 52.5 119.8 48.3 116.8 40.0 82.8 61.4 16.2 81.6 55.5 69.9 20.8 84.9 
11.7 101.4 97.1 45.3 44.0 8.5 82.6 56.6 84.2 16.6 29.2 72.0 0.0 102.0 80.4 74.4 55.1 92.6 86.4 26.1 88.3 94.4 93.1 32.0 37.0 76.4 87.1 87.5 78.6 18.7 61.8 94.3 
110.5 28.8 8.2 67.2 65.9 96.2 78.3 45.7 19.1 88.5 96.9 99.6 102.0 0.0 30.4 37.7 97.9 10.0 50.5 81.5 49.3 63.1 38.0 93.5 70.6 38.3 99.7 18.2 44.4 83.6 80.0 15.3 
87.0 51.0 22.5 39.4 38.9 73.2 84.4 26.5 14.0 70.0 83.2 99.0 80.4 30.4 0.0 41.0 92.1 26.3 24.0 65.4 23.8 76.0 17.8 80.8 44.9 43.6 104.0 30.3 51.6 61.8 78.2 35.0 
84.9 27.0 38.1 55.1 52.4 70.8 43.9 29.2 30.5 58.6 62.3 62.4 74.4 37.7 41.0 0.0 60.3 28.2 64.4 49.9 64.5 35.7 58.3 58.5 53.5 3.0 64.4 19.4 10.8 58.1 42.4 24.0 
66.0 81.7 97.3 77.5 74.5 59.2 36.9 66.9 87.0 43.0 26.0 17.1 55.1 97.9 92.1 60.3 0.0 88.1 109.9 37.6 110.9 56.4 109.6 23.3 69.4 60.1 33.0 79.6 56.1 54.6 19.6 84.1 
101.4 25.7 10.6 59.7 58.1 87.0 70.2 36.6 12.6 78.8 86.8 90.5 92.6 10.0 26.3 28.2 88.1 0.0 49.1 71.6 48.3 56.6 38.3 83.5 62.3 29.2 91.4 8.9 35.8 74.3 70.6 9.5 
90.0 74.5 42.3 41.1 42.4 78.2 106.8 43.3 37.7 80.1 96.4 118.9 86.4 50.5 24.0 64.4 109.9 49.1 0.0 78.0 2.2 99.8 13.9 94.8 49.5 67.1 125.5 54.1 75.1 69.2 98.3 58.3 
37.6 76.8 77.9 41.1 38.4 25.7 57.9 39.1 65.4 9.4 18.4 52.5 26.1 81.5 65.4 49.9 37.6 71.6 78.0 0.0 79.5 68.4 81.0 17.2 32.5 51.6 65.8 65.2 53.0 17.5 38.0 71.7 
92.1 73.8 41.1 43.0 44.3 80.1 107.2 44.2 37.1 81.7 97.9 119.8 88.3 49.3 23.8 64.5 110.9 48.3 2.2 79.5 0.0 99.7 12.1 96.3 51.4 67.1 126.1 53.6 75.2 71.0 99.1 57.6 
106.0 36.2 67.2 88.0 85.0 93.6 21.4 63.5 63.8 77.8 72.2 48.3 94.4 63.1 76.0 35.7 56.4 56.6 99.8 68.4 99.7 0.0 92.4 68.0 84.4 32.9 41.2 48.4 25.0 82.5 37.8 48.1 
98.2 64.0 30.1 48.8 49.4 85.3 101.9 43.1 28.7 84.6 99.2 116.8 93.1 38.0 17.8 58.3 109.6 38.3 13.9 81.0 12.1 92.4 0.0 97.1 56.2 60.6 121.7 44.8 68.6 75.0 96.0 47.8 
43.2 84.2 91.0 58.3 55.6 35.9 52.8 54.3 79.1 20.1 4.2 40.0 32.0 93.5 80.8 58.5 23.3 83.5 94.8 17.2 96.3 68.0 97.1 0.0 49.6 59.5 55.1 76.1 58.6 32.4 31.8 82.0 
42.2 78.0 64.4 8.9 7.1 29.1 81.0 26.4 51.6 31.8 50.0 82.8 37.0 70.6 44.9 53.5 69.4 62.3 49.5 32.5 51.4 84.4 56.2 49.6 0.0 56.3 94.0 59.7 61.8 19.9 64.8 66.7 
87.0 25.2 39.4 58.1 55.3 73.0 41.9 32.1 32.5 60.4 63.3 61.4 76.4 38.3 43.6 3.0 60.1 29.2 67.1 51.6 67.1 32.9 60.6 59.5 56.3 0.0 62.7 20.2 8.1 60.4 41.8 24.1 
98.3 76.0 101.9 100.7 97.6 90.1 21.5 83.0 94.8 73.2 58.4 16.2 87.1 99.7 104.0 64.4 33.0 91.4 125.5 65.8 126.1 41.2 121.7 55.1 94.0 62.7 0.0 82.5 55.6 83.2 29.2 84.5 
96.8 21.1 19.4 58.3 56.3 82.4 61.3 33.3 16.5 72.9 79.6 81.6 87.5 18.2 30.3 19.4 79.6 8.9 54.1 65.2 53.6 48.4 44.8 76.1 59.7 20.2 82.5 0.0 26.9 69.6 61.8 7.1 
89.6 26.0 46.3 64.4 61.5 76.0 34.4 39.0 40.4 62.2 62.6 55.5 78.6 44.4 51.6 10.8 56.1 35.8 75.1 53.0 75.2 25.0 68.6 58.6 61.8 8.1 55.6 26.9 0.0 63.8 37.0 29.4 
27.2 84.9 78.5 28.8 26.9 12.8 74.2 38.1 65.6 12.7 31.9 69.9 18.7 83.6 61.8 58.1 54.6 74.3 69.2 17.5 71.0 82.5 75.0 32.4 19.9 60.4 83.2 69.6 63.8 0.0 55.1 76.6 
73.5 62.3 80.3 71.6 68.4 63.4 21.0 55.2 71.1 46.4 35.8 20.8 61.8 80.0 78.2 42.4 19.6 70.6 98.3 38.0 99.1 37.8 96.0 31.8 64.8 41.8 29.2 61.8 37.0 55.1 0.0 65.8 
103.8 16.3 19.4 65.2 63.2 89.4 63.1 40.4 21.0 79.6 85.6 84.9 94.3 15.3 35.0 24.0 84.1 9.5 58.3 71.7 57.6 48.1 47.8 82.0 66.7 24.1 84.5 7.1 29.4 76.6 65.8 0.0 

Routes: 
Route: 0 1 31 13 27 17 2 21 6 15 30 4 0 | Demand: 100.0| Cost: 3545.4
Route: 0 3 22 32 20 18 7 19 0 | Demand: 98.0| Cost: 1366.9
Route: 0 5 29 8 25 14 24 0 | Demand: 98.0| Cost: 992.3
Route: 0 9 28 26 11 23 16 10 0 | Demand: 100.0| Cost: 1554.3
Route: 0 12 0 | Demand: 14.0| Cost: 23.4

Total cost: 7482.3
Execution time: 0.107

-----------------------------------------

ClarkeWright Parallel: 
 
Distance Matrix: 
0.0 111.8 105.1 49.4 48.8 14.4 94.3 64.9 92.1 28.2 40.0 83.0 11.7 110.5 87.0 84.9 66.0 101.4 90.0 37.6 92.1 106.0 98.2 43.2 42.2 87.0 98.3 96.8 89.6 27.2 73.5 103.8 
111.8 0.0 34.9 77.9 75.6 97.6 54.6 51.9 37.1 85.6 88.1 79.2 101.4 28.8 51.0 27.0 81.7 25.7 74.5 76.8 73.8 36.2 64.0 84.2 78.0 25.2 76.0 21.1 26.0 84.9 62.3 16.3 
105.1 34.9 0.0 60.3 59.2 90.9 80.7 40.5 13.0 84.4 94.1 100.5 97.1 8.2 22.5 38.1 97.3 10.6 42.3 77.9 41.1 67.2 30.1 91.0 64.4 39.4 101.9 19.4 46.3 78.5 80.3 19.4 
49.4 77.9 60.3 0.0 3.2 37.1 86.6 26.2 48.1 40.7 58.8 90.2 45.3 67.2 39.4 55.1 77.5 59.7 41.1 41.1 43.0 88.0 48.8 58.3 8.9 58.1 100.7 58.3 64.4 28.8 71.6 65.2 
48.8 75.6 59.2 3.2 0.0 36.0 83.4 23.8 46.8 38.5 56.3 87.1 44.0 65.9 38.9 52.4 74.5 58.1 42.4 38.4 44.3 85.0 49.4 55.6 7.1 55.3 97.6 56.3 61.5 26.9 68.4 63.2 
14.4 97.6 90.9 37.1 36.0 0.0 83.5 50.5 77.9 17.0 33.8 75.7 8.5 96.2 73.2 70.8 59.2 87.0 78.2 25.7 80.1 93.6 85.3 35.9 29.1 73.0 90.1 82.4 76.0 12.8 63.4 89.4 
94.3 54.6 80.7 86.6 83.4 83.5 0.0 65.7 74.3 66.7 56.8 26.9 82.6 78.3 84.4 43.9 36.9 70.2 106.8 57.9 107.2 21.4 101.9 52.8 81.0 41.9 21.5 61.3 34.4 74.2 21.0 63.1 
64.9 51.9 40.5 26.2 23.8 50.5 65.7 0.0 27.5 44.4 56.7 75.7 56.6 45.7 26.5 29.2 66.9 36.6 43.3 39.1 44.2 63.5 43.1 54.3 26.4 32.1 83.0 33.3 39.0 38.1 55.2 40.4 
92.1 37.1 13.0 48.1 46.8 77.9 74.3 27.5 0.0 71.6 82.0 91.7 84.2 19.1 14.0 30.5 87.0 12.6 37.7 65.4 37.1 63.8 28.7 79.1 51.6 32.5 94.8 16.5 40.4 65.6 71.1 21.0 
28.2 85.6 84.4 40.7 38.5 17.0 66.7 44.4 71.6 0.0 19.2 59.0 16.6 88.5 70.0 58.6 43.0 78.8 80.1 9.4 81.7 77.8 84.6 20.1 31.8 60.4 73.2 72.9 62.2 12.7 46.4 79.6 
40.0 88.1 94.1 58.8 56.3 33.8 56.8 56.7 82.0 19.2 0.0 43.0 29.2 96.9 83.2 62.3 26.0 86.8 96.4 18.4 97.9 72.2 99.2 4.2 50.0 63.3 58.4 79.6 62.6 31.9 35.8 85.6 
83.0 79.2 100.5 90.2 87.1 75.7 26.9 75.7 91.7 59.0 43.0 0.0 72.0 99.6 99.0 62.4 17.1 90.5 118.9 52.5 119.8 48.3 116.8 40.0 82.8 61.4 16.2 81.6 55.5 69.9 20.8 84.9 
11.7 101.4 97.1 45.3 44.0 8.5 82.6 56.6 84.2 16.6 29.2 72.0 0.0 102.0 80.4 74.4 55.1 92.6 86.4 26.1 88.3 94.4 93.1 32.0 37.0 76.4 87.1 87.5 78.6 18.7 61.8 94.3 
110.5 28.8 8.2 67.2 65.9 96.2 78.3 45.7 19.1 88.5 96.9 99.6 102.0 0.0 30.4 37.7 97.9 10.0 50.5 81.5 49.3 63.1 38.0 93.5 70.6 38.3 99.7 18.2 44.4 83.6 80.0 15.3 
87.0 51.0 22.5 39.4 38.9 73.2 84.4 26.5 14.0 70.0 83.2 99.0 80.4 30.4 0.0 41.0 92.1 26.3 24.0 65.4 23.8 76.0 17.8 80.8 44.9 43.6 104.0 30.3 51.6 61.8 78.2 35.0 
84.9 27.0 38.1 55.1 52.4 70.8 43.9 29.2 30.5 58.6 62.3 62.4 74.4 37.7 41.0 0.0 60.3 28.2 64.4 49.9 64.5 35.7 58.3 58.5 53.5 3.0 64.4 19.4 10.8 58.1 42.4 24.0 
66.0 81.7 97.3 77.5 74.5 59.2 36.9 66.9 87.0 43.0 26.0 17.1 55.1 97.9 92.1 60.3 0.0 88.1 109.9 37.6 110.9 56.4 109.6 23.3 69.4 60.1 33.0 79.6 56.1 54.6 19.6 84.1 
101.4 25.7 10.6 59.7 58.1 87.0 70.2 36.6 12.6 78.8 86.8 90.5 92.6 10.0 26.3 28.2 88.1 0.0 49.1 71.6 48.3 56.6 38.3 83.5 62.3 29.2 91.4 8.9 35.8 74.3 70.6 9.5 
90.0 74.5 42.3 41.1 42.4 78.2 106.8 43.3 37.7 80.1 96.4 118.9 86.4 50.5 24.0 64.4 109.9 49.1 0.0 78.0 2.2 99.8 13.9 94.8 49.5 67.1 125.5 54.1 75.1 69.2 98.3 58.3 
37.6 76.8 77.9 41.1 38.4 25.7 57.9 39.1 65.4 9.4 18.4 52.5 26.1 81.5 65.4 49.9 37.6 71.6 78.0 0.0 79.5 68.4 81.0 17.2 32.5 51.6 65.8 65.2 53.0 17.5 38.0 71.7 
92.1 73.8 41.1 43.0 44.3 80.1 107.2 44.2 37.1 81.7 97.9 119.8 88.3 49.3 23.8 64.5 110.9 48.3 2.2 79.5 0.0 99.7 12.1 96.3 51.4 67.1 126.1 53.6 75.2 71.0 99.1 57.6 
106.0 36.2 67.2 88.0 85.0 93.6 21.4 63.5 63.8 77.8 72.2 48.3 94.4 63.1 76.0 35.7 56.4 56.6 99.8 68.4 99.7 0.0 92.4 68.0 84.4 32.9 41.2 48.4 25.0 82.5 37.8 48.1 
98.2 64.0 30.1 48.8 49.4 85.3 101.9 43.1 28.7 84.6 99.2 116.8 93.1 38.0 17.8 58.3 109.6 38.3 13.9 81.0 12.1 92.4 0.0 97.1 56.2 60.6 121.7 44.8 68.6 75.0 96.0 47.8 
43.2 84.2 91.0 58.3 55.6 35.9 52.8 54.3 79.1 20.1 4.2 40.0 32.0 93.5 80.8 58.5 23.3 83.5 94.8 17.2 96.3 68.0 97.1 0.0 49.6 59.5 55.1 76.1 58.6 32.4 31.8 82.0 
42.2 78.0 64.4 8.9 7.1 29.1 81.0 26.4 51.6 31.8 50.0 82.8 37.0 70.6 44.9 53.5 69.4 62.3 49.5 32.5 51.4 84.4 56.2 49.6 0.0 56.3 94.0 59.7 61.8 19.9 64.8 66.7 
87.0 25.2 39.4 58.1 55.3 73.0 41.9 32.1 32.5 60.4 63.3 61.4 76.4 38.3 43.6 3.0 60.1 29.2 67.1 51.6 67.1 32.9 60.6 59.5 56.3 0.0 62.7 20.2 8.1 60.4 41.8 24.1 
98.3 76.0 101.9 100.7 97.6 90.1 21.5 83.0 94.8 73.2 58.4 16.2 87.1 99.7 104.0 64.4 33.0 91.4 125.5 65.8 126.1 41.2 121.7 55.1 94.0 62.7 0.0 82.5 55.6 83.2 29.2 84.5 
96.8 21.1 19.4 58.3 56.3 82.4 61.3 33.3 16.5 72.9 79.6 81.6 87.5 18.2 30.3 19.4 79.6 8.9 54.1 65.2 53.6 48.4 44.8 76.1 59.7 20.2 82.5 0.0 26.9 69.6 61.8 7.1 
89.6 26.0 46.3 64.4 61.5 76.0 34.4 39.0 40.4 62.2 62.6 55.5 78.6 44.4 51.6 10.8 56.1 35.8 75.1 53.0 75.2 25.0 68.6 58.6 61.8 8.1 55.6 26.9 0.0 63.8 37.0 29.4 
27.2 84.9 78.5 28.8 26.9 12.8 74.2 38.1 65.6 12.7 31.9 69.9 18.7 83.6 61.8 58.1 54.6 74.3 69.2 17.5 71.0 82.5 75.0 32.4 19.9 60.4 83.2 69.6 63.8 0.0 55.1 76.6 
73.5 62.3 80.3 71.6 68.4 63.4 21.0 55.2 71.1 46.4 35.8 20.8 61.8 80.0 78.2 42.4 19.6 70.6 98.3 38.0 99.1 37.8 96.0 31.8 64.8 41.8 29.2 61.8 37.0 55.1 0.0 65.8 
103.8 16.3 19.4 65.2 63.2 89.4 63.1 40.4 21.0 79.6 85.6 84.9 94.3 15.3 35.0 24.0 84.1 9.5 58.3 71.7 57.6 48.1 47.8 82.0 66.7 24.1 84.5 7.1 29.4 76.6 65.8 0.0 

Routes: 
Route: 0 4 7 14 18 20 22 32 0 | Demand: 98.0| Cost: 341.2
Route: 0 5 0 | Demand: 19.0| Cost: 28.8
Route: 0 12 10 16 3 24 29 0 | Demand: 96.0| Cost: 223.8
Route: 0 19 27 2 13 17 1 31 8 21 0 | Demand: 99.0| Cost: 448.4
Route: 0 23 11 6 26 30 15 25 28 9 0 | Demand: 98.0| Cost: 695.0

Total cost: 1737.2
Execution time: 0.016

