ClarkeWright Sequential: 
 
Distance Matrix: 
0.0 82.4 113.2 43.9 10.2 97.3 111.6 93.2 90.0 102.6 25.6 74.0 110.0 15.6 73.2 93.5 94.9 36.1 95.6 54.6 98.1 75.4 53.3 27.9 119.8 118.8 84.9 94.3 115.6 80.0 100.9 117.5 85.9 60.0 54.6 
82.4 0.0 52.3 38.5 76.2 33.9 31.6 40.2 36.7 48.7 57.3 31.6 62.0 68.0 36.1 31.6 42.0 47.2 69.4 27.8 69.7 12.2 42.2 54.9 60.3 44.3 65.3 17.1 52.0 66.0 38.8 42.4 69.7 74.7 36.7 
113.2 52.3 0.0 75.4 104.0 81.7 35.4 20.0 23.3 11.7 88.8 39.4 17.1 97.7 40.0 22.4 18.4 86.2 40.0 68.4 38.1 64.1 60.0 91.2 8.0 22.4 45.1 62.0 4.0 50.0 14.1 23.3 48.7 73.3 84.9 
43.9 38.5 75.4 0.0 37.9 58.3 68.1 56.3 52.5 66.5 19.0 36.9 76.9 29.7 38.2 53.7 58.2 10.8 71.0 10.8 72.7 32.6 23.4 17.0 82.9 76.8 62.1 51.4 77.0 59.5 61.7 75.3 65.1 53.7 21.3 
10.2 76.2 104.0 37.9 0.0 94.2 104.3 84.0 80.9 93.2 19.0 65.1 100.2 8.2 64.0 84.9 85.6 32.1 85.4 48.7 87.9 70.3 44.0 24.0 110.4 110.6 74.7 89.3 106.5 69.9 92.0 109.3 75.7 50.0 52.0 
97.3 33.9 81.7 58.3 94.2 0.0 50.4 73.2 70.0 80.6 76.0 65.3 94.0 86.1 69.7 63.8 74.9 62.1 103.3 49.0 103.5 28.6 71.7 70.3 89.2 66.8 99.2 19.7 80.3 99.6 69.8 64.8 103.5 105.6 42.8 
111.6 31.6 35.4 68.1 104.3 50.4 0.0 37.4 36.5 39.4 86.0 44.7 51.2 96.5 48.4 28.3 37.9 77.8 69.1 58.0 68.0 42.9 63.9 85.0 41.6 16.5 69.9 32.1 32.8 73.0 28.6 14.6 74.2 90.2 68.3 
93.2 40.2 20.0 56.3 84.0 73.2 37.4 0.0 4.0 10.2 69.0 19.7 22.4 77.7 20.0 10.0 2.0 67.1 32.2 50.4 31.6 50.6 40.0 71.7 26.8 32.6 32.6 54.0 22.6 36.1 10.2 32.2 36.9 56.3 68.0 
90.0 36.7 23.3 52.5 80.9 70.0 36.5 4.0 0.0 14.1 65.5 16.1 26.3 74.4 17.0 8.2 6.0 63.2 34.4 46.4 34.1 46.8 36.9 68.0 30.5 33.5 33.5 51.0 25.6 36.5 11.7 33.0 37.9 55.3 64.0 
102.6 48.7 11.7 66.5 93.2 80.6 39.4 10.2 14.1 0.0 78.7 29.7 13.4 87.1 29.5 17.1 8.2 77.2 30.6 60.5 29.1 59.7 49.4 81.7 17.2 30.3 34.2 61.1 15.2 38.8 11.3 30.6 38.1 61.7 78.0 
25.6 57.3 88.8 19.0 19.0 76.0 86.0 69.0 65.5 78.7 0.0 49.4 87.3 10.8 49.2 68.4 70.7 14.6 76.2 29.7 78.4 51.4 29.7 8.5 95.8 93.3 66.0 70.3 91.0 62.0 76.0 91.9 68.0 48.3 34.9 
74.0 31.6 39.4 36.9 65.1 65.3 44.7 19.7 16.1 29.7 49.4 0.0 40.2 58.4 4.5 20.0 21.5 47.5 39.4 32.1 40.2 38.4 21.3 52.0 46.5 46.6 33.9 48.4 41.6 34.4 26.9 45.7 38.2 46.0 50.6 
110.0 62.0 17.1 76.9 100.2 94.0 51.2 22.4 26.3 13.4 87.3 40.2 0.0 94.8 38.8 30.5 20.4 87.5 24.7 72.0 22.4 72.8 57.6 91.2 16.1 39.4 32.2 74.4 20.9 37.7 24.4 40.2 34.9 62.8 90.1 
15.6 68.0 97.7 29.7 8.2 86.1 96.5 77.7 74.4 87.1 10.8 58.4 94.8 0.0 57.7 77.9 79.3 24.0 81.6 40.5 84.0 62.1 37.7 16.1 104.3 103.3 71.0 81.0 100.0 66.5 85.3 102.0 72.4 49.0 44.2 
73.2 36.1 40.0 38.2 64.0 69.7 48.4 20.0 17.0 29.5 49.2 4.5 38.8 57.7 0.0 22.4 21.6 48.7 35.8 34.5 36.8 42.5 20.0 52.5 46.6 49.2 29.7 52.8 42.5 30.0 28.4 48.3 33.9 42.0 53.4 
93.5 31.6 22.4 53.7 84.9 63.8 28.3 10.0 8.2 17.1 68.4 20.0 30.5 77.9 22.4 0.0 11.3 64.4 42.2 46.2 41.6 42.8 41.2 70.0 30.3 26.8 41.8 44.4 23.4 44.7 8.2 26.0 46.2 62.8 62.5 
94.9 42.0 18.4 58.2 85.6 74.9 37.9 2.0 6.0 8.2 70.7 21.5 20.4 79.3 21.6 11.3 0.0 69.0 31.3 52.3 30.5 52.5 41.6 73.5 25.1 32.2 32.2 55.6 21.3 36.0 10.0 32.1 36.5 56.9 70.0 
36.1 47.2 86.2 10.8 32.1 62.1 77.8 67.1 63.2 77.2 14.6 47.5 87.5 24.0 48.7 64.4 69.0 0.0 80.4 19.8 82.2 39.4 32.2 8.2 93.6 87.2 71.0 58.3 87.7 67.9 72.5 85.6 73.8 58.8 20.4 
95.6 69.4 40.0 71.0 85.4 103.3 69.1 32.2 34.4 30.6 76.2 39.4 24.7 81.6 35.8 42.2 31.3 80.4 0.0 69.6 2.8 77.7 48.2 82.0 40.8 60.8 10.8 84.9 44.0 16.1 40.5 61.2 11.3 41.2 88.5 
54.6 27.8 68.4 10.8 48.7 49.0 58.0 50.4 46.4 60.5 29.7 32.1 72.0 40.5 34.5 46.2 52.3 19.8 69.6 0.0 70.9 22.1 25.5 27.2 76.2 67.7 61.7 40.8 69.6 60.0 54.4 66.0 65.3 58.8 19.0 
98.1 69.7 38.1 72.7 87.9 103.5 68.0 31.6 34.1 29.1 78.4 40.2 22.4 84.0 36.8 41.6 30.5 82.2 2.8 70.9 0.0 78.2 50.0 84.0 38.5 59.2 13.4 84.9 42.0 18.9 39.4 59.7 14.1 44.0 89.8 
75.4 12.2 64.1 32.6 70.3 28.6 42.9 50.6 46.8 59.7 51.4 38.4 72.8 62.1 42.5 42.8 52.5 39.4 77.7 22.1 78.2 0.0 43.1 47.5 72.1 56.3 72.2 19.0 64.0 72.1 50.4 54.4 76.4 77.0 25.6 
53.3 42.2 60.0 23.4 44.0 71.7 63.9 40.0 36.9 49.4 29.7 21.3 57.6 37.7 20.0 41.2 41.6 32.2 48.2 25.5 50.0 43.1 0.0 34.2 66.6 67.7 38.8 58.9 62.5 36.1 48.1 66.6 41.8 34.0 43.3 
27.9 54.9 91.2 17.0 24.0 70.3 85.0 71.7 68.0 81.7 8.5 52.0 91.2 16.1 52.5 70.0 73.5 8.2 82.0 27.2 84.0 47.5 34.2 0.0 98.5 93.7 72.1 66.5 93.1 68.5 77.9 92.2 74.4 56.4 28.1 
119.8 60.3 8.0 82.9 110.4 89.2 41.6 26.8 30.5 17.2 95.8 46.5 16.1 104.3 46.6 30.3 25.1 93.6 40.8 76.2 38.5 72.1 66.6 98.5 0.0 26.9 47.5 69.6 8.9 52.8 22.1 28.3 50.6 77.2 92.8 
118.8 44.3 22.4 76.8 110.6 66.8 16.5 32.6 33.5 30.3 93.3 46.6 39.4 103.3 49.2 26.8 32.2 87.2 60.8 67.7 59.2 56.3 67.7 93.7 26.9 0.0 64.0 48.0 18.9 68.1 22.4 2.0 68.0 88.8 80.6 
84.9 65.3 45.1 62.1 74.7 99.2 69.9 32.6 33.5 34.2 66.0 33.9 32.2 71.0 29.7 41.8 32.2 71.0 10.8 61.7 13.4 72.2 38.8 72.1 47.5 64.0 0.0 81.6 49.0 5.7 42.2 64.0 4.5 31.1 80.6 
94.3 17.1 62.0 51.4 89.3 19.7 32.1 54.0 51.0 61.1 70.3 48.4 74.4 81.0 52.8 44.4 55.6 58.3 84.9 40.8 84.9 19.0 58.9 66.5 69.6 48.0 81.6 0.0 60.7 82.7 50.1 46.0 86.0 91.8 42.8 
115.6 52.0 4.0 77.0 106.5 80.3 32.8 22.6 25.6 15.2 91.0 41.6 20.9 100.0 42.5 23.4 21.3 87.7 44.0 69.6 42.0 64.0 62.5 93.1 8.9 18.9 49.0 60.7 0.0 53.9 15.2 20.0 52.6 77.0 85.5 
80.0 66.0 50.0 59.5 69.9 99.6 73.0 36.1 36.5 38.8 62.0 34.4 37.7 66.5 30.0 44.7 36.0 67.9 16.1 60.0 18.9 72.1 36.1 68.5 52.8 68.1 5.7 82.7 53.9 0.0 46.0 68.0 6.0 25.5 78.7 
100.9 38.8 14.1 61.7 92.0 69.8 28.6 10.2 11.7 11.3 76.0 26.9 24.4 85.3 28.4 8.2 10.0 72.5 40.5 54.4 39.4 50.4 48.1 77.9 22.1 22.4 42.2 50.1 15.2 46.0 0.0 22.1 46.4 66.5 70.7 
117.5 42.4 23.3 75.3 109.3 64.8 14.6 32.2 33.0 30.6 91.9 45.7 40.2 102.0 48.3 26.0 32.1 85.6 61.2 66.0 59.7 54.4 66.6 92.2 28.3 2.0 64.0 46.0 20.0 68.0 22.1 0.0 68.1 88.3 78.8 
85.9 69.7 48.7 65.1 75.7 103.5 74.2 36.9 37.9 38.1 68.0 38.2 34.9 72.4 33.9 46.2 36.5 73.8 11.3 65.3 14.1 76.4 41.8 74.4 50.6 68.0 4.5 86.0 52.6 6.0 46.4 68.1 0.0 30.0 84.1 
60.0 74.7 73.3 53.7 50.0 105.6 90.2 56.3 55.3 61.7 48.3 46.0 62.8 49.0 42.0 62.8 56.9 58.8 41.2 58.8 44.0 77.0 34.0 56.4 77.2 88.8 31.1 91.8 77.0 25.5 66.5 88.3 30.0 0.0 75.0 
54.6 36.7 84.9 21.3 52.0 42.8 68.3 68.0 64.0 78.0 34.9 50.6 90.1 44.2 53.4 62.5 70.0 20.4 88.5 19.0 89.8 25.6 43.3 28.1 92.8 80.6 80.6 42.8 85.5 78.7 70.7 78.8 84.1 75.0 0.0 

Routes: 
Route: 0 1 6 27 31 25 18 8 28 34 0 | Demand: 100.0| Cost: 455.0
Route: 0 2 24 12 9 30 16 32 0 | Demand: 100.0| Cost: 294.4
Route: 0 3 19 21 22 15 5 11 7 0 | Demand: 98.0| Cost: 403.1
Route: 0 4 20 26 29 33 13 0 | Demand: 98.0| Cost: 207.3
Route: 0 10 14 23 17 0 | Demand: 64.0| Cost: 171.6

Total cost: 1531.4
Execution time: 0.005

-----------------------------------------

ClarkeWright Parallel: 
 
Distance Matrix: 
0.0 82.4 113.2 43.9 10.2 97.3 111.6 93.2 90.0 102.6 25.6 74.0 110.0 15.6 73.2 93.5 94.9 36.1 95.6 54.6 98.1 75.4 53.3 27.9 119.8 118.8 84.9 94.3 115.6 80.0 100.9 117.5 85.9 60.0 54.6 
82.4 0.0 52.3 38.5 76.2 33.9 31.6 40.2 36.7 48.7 57.3 31.6 62.0 68.0 36.1 31.6 42.0 47.2 69.4 27.8 69.7 12.2 42.2 54.9 60.3 44.3 65.3 17.1 52.0 66.0 38.8 42.4 69.7 74.7 36.7 
113.2 52.3 0.0 75.4 104.0 81.7 35.4 20.0 23.3 11.7 88.8 39.4 17.1 97.7 40.0 22.4 18.4 86.2 40.0 68.4 38.1 64.1 60.0 91.2 8.0 22.4 45.1 62.0 4.0 50.0 14.1 23.3 48.7 73.3 84.9 
43.9 38.5 75.4 0.0 37.9 58.3 68.1 56.3 52.5 66.5 19.0 36.9 76.9 29.7 38.2 53.7 58.2 10.8 71.0 10.8 72.7 32.6 23.4 17.0 82.9 76.8 62.1 51.4 77.0 59.5 61.7 75.3 65.1 53.7 21.3 
10.2 76.2 104.0 37.9 0.0 94.2 104.3 84.0 80.9 93.2 19.0 65.1 100.2 8.2 64.0 84.9 85.6 32.1 85.4 48.7 87.9 70.3 44.0 24.0 110.4 110.6 74.7 89.3 106.5 69.9 92.0 109.3 75.7 50.0 52.0 
97.3 33.9 81.7 58.3 94.2 0.0 50.4 73.2 70.0 80.6 76.0 65.3 94.0 86.1 69.7 63.8 74.9 62.1 103.3 49.0 103.5 28.6 71.7 70.3 89.2 66.8 99.2 19.7 80.3 99.6 69.8 64.8 103.5 105.6 42.8 
111.6 31.6 35.4 68.1 104.3 50.4 0.0 37.4 36.5 39.4 86.0 44.7 51.2 96.5 48.4 28.3 37.9 77.8 69.1 58.0 68.0 42.9 63.9 85.0 41.6 16.5 69.9 32.1 32.8 73.0 28.6 14.6 74.2 90.2 68.3 
93.2 40.2 20.0 56.3 84.0 73.2 37.4 0.0 4.0 10.2 69.0 19.7 22.4 77.7 20.0 10.0 2.0 67.1 32.2 50.4 31.6 50.6 40.0 71.7 26.8 32.6 32.6 54.0 22.6 36.1 10.2 32.2 36.9 56.3 68.0 
90.0 36.7 23.3 52.5 80.9 70.0 36.5 4.0 0.0 14.1 65.5 16.1 26.3 74.4 17.0 8.2 6.0 63.2 34.4 46.4 34.1 46.8 36.9 68.0 30.5 33.5 33.5 51.0 25.6 36.5 11.7 33.0 37.9 55.3 64.0 
102.6 48.7 11.7 66.5 93.2 80.6 39.4 10.2 14.1 0.0 78.7 29.7 13.4 87.1 29.5 17.1 8.2 77.2 30.6 60.5 29.1 59.7 49.4 81.7 17.2 30.3 34.2 61.1 15.2 38.8 11.3 30.6 38.1 61.7 78.0 
25.6 57.3 88.8 19.0 19.0 76.0 86.0 69.0 65.5 78.7 0.0 49.4 87.3 10.8 49.2 68.4 70.7 14.6 76.2 29.7 78.4 51.4 29.7 8.5 95.8 93.3 66.0 70.3 91.0 62.0 76.0 91.9 68.0 48.3 34.9 
74.0 31.6 39.4 36.9 65.1 65.3 44.7 19.7 16.1 29.7 49.4 0.0 40.2 58.4 4.5 20.0 21.5 47.5 39.4 32.1 40.2 38.4 21.3 52.0 46.5 46.6 33.9 48.4 41.6 34.4 26.9 45.7 38.2 46.0 50.6 
110.0 62.0 17.1 76.9 100.2 94.0 51.2 22.4 26.3 13.4 87.3 40.2 0.0 94.8 38.8 30.5 20.4 87.5 24.7 72.0 22.4 72.8 57.6 91.2 16.1 39.4 32.2 74.4 20.9 37.7 24.4 40.2 34.9 62.8 90.1 
15.6 68.0 97.7 29.7 8.2 86.1 96.5 77.7 74.4 87.1 10.8 58.4 94.8 0.0 57.7 77.9 79.3 24.0 81.6 40.5 84.0 62.1 37.7 16.1 104.3 103.3 71.0 81.0 100.0 66.5 85.3 102.0 72.4 49.0 44.2 
73.2 36.1 40.0 38.2 64.0 69.7 48.4 20.0 17.0 29.5 49.2 4.5 38.8 57.7 0.0 22.4 21.6 48.7 35.8 34.5 36.8 42.5 20.0 52.5 46.6 49.2 29.7 52.8 42.5 30.0 28.4 48.3 33.9 42.0 53.4 
93.5 31.6 22.4 53.7 84.9 63.8 28.3 10.0 8.2 17.1 68.4 20.0 30.5 77.9 22.4 0.0 11.3 64.4 42.2 46.2 41.6 42.8 41.2 70.0 30.3 26.8 41.8 44.4 23.4 44.7 8.2 26.0 46.2 62.8 62.5 
94.9 42.0 18.4 58.2 85.6 74.9 37.9 2.0 6.0 8.2 70.7 21.5 20.4 79.3 21.6 11.3 0.0 69.0 31.3 52.3 30.5 52.5 41.6 73.5 25.1 32.2 32.2 55.6 21.3 36.0 10.0 32.1 36.5 56.9 70.0 
36.1 47.2 86.2 10.8 32.1 62.1 77.8 67.1 63.2 77.2 14.6 47.5 87.5 24.0 48.7 64.4 69.0 0.0 80.4 19.8 82.2 39.4 32.2 8.2 93.6 87.2 71.0 58.3 87.7 67.9 72.5 85.6 73.8 58.8 20.4 
95.6 69.4 40.0 71.0 85.4 103.3 69.1 32.2 34.4 30.6 76.2 39.4 24.7 81.6 35.8 42.2 31.3 80.4 0.0 69.6 2.8 77.7 48.2 82.0 40.8 60.8 10.8 84.9 44.0 16.1 40.5 61.2 11.3 41.2 88.5 
54.6 27.8 68.4 10.8 48.7 49.0 58.0 50.4 46.4 60.5 29.7 32.1 72.0 40.5 34.5 46.2 52.3 19.8 69.6 0.0 70.9 22.1 25.5 27.2 76.2 67.7 61.7 40.8 69.6 60.0 54.4 66.0 65.3 58.8 19.0 
98.1 69.7 38.1 72.7 87.9 103.5 68.0 31.6 34.1 29.1 78.4 40.2 22.4 84.0 36.8 41.6 30.5 82.2 2.8 70.9 0.0 78.2 50.0 84.0 38.5 59.2 13.4 84.9 42.0 18.9 39.4 59.7 14.1 44.0 89.8 
75.4 12.2 64.1 32.6 70.3 28.6 42.9 50.6 46.8 59.7 51.4 38.4 72.8 62.1 42.5 42.8 52.5 39.4 77.7 22.1 78.2 0.0 43.1 47.5 72.1 56.3 72.2 19.0 64.0 72.1 50.4 54.4 76.4 77.0 25.6 
53.3 42.2 60.0 23.4 44.0 71.7 63.9 40.0 36.9 49.4 29.7 21.3 57.6 37.7 20.0 41.2 41.6 32.2 48.2 25.5 50.0 43.1 0.0 34.2 66.6 67.7 38.8 58.9 62.5 36.1 48.1 66.6 41.8 34.0 43.3 
27.9 54.9 91.2 17.0 24.0 70.3 85.0 71.7 68.0 81.7 8.5 52.0 91.2 16.1 52.5 70.0 73.5 8.2 82.0 27.2 84.0 47.5 34.2 0.0 98.5 93.7 72.1 66.5 93.1 68.5 77.9 92.2 74.4 56.4 28.1 
119.8 60.3 8.0 82.9 110.4 89.2 41.6 26.8 30.5 17.2 95.8 46.5 16.1 104.3 46.6 30.3 25.1 93.6 40.8 76.2 38.5 72.1 66.6 98.5 0.0 26.9 47.5 69.6 8.9 52.8 22.1 28.3 50.6 77.2 92.8 
118.8 44.3 22.4 76.8 110.6 66.8 16.5 32.6 33.5 30.3 93.3 46.6 39.4 103.3 49.2 26.8 32.2 87.2 60.8 67.7 59.2 56.3 67.7 93.7 26.9 0.0 64.0 48.0 18.9 68.1 22.4 2.0 68.0 88.8 80.6 
84.9 65.3 45.1 62.1 74.7 99.2 69.9 32.6 33.5 34.2 66.0 33.9 32.2 71.0 29.7 41.8 32.2 71.0 10.8 61.7 13.4 72.2 38.8 72.1 47.5 64.0 0.0 81.6 49.0 5.7 42.2 64.0 4.5 31.1 80.6 
94.3 17.1 62.0 51.4 89.3 19.7 32.1 54.0 51.0 61.1 70.3 48.4 74.4 81.0 52.8 44.4 55.6 58.3 84.9 40.8 84.9 19.0 58.9 66.5 69.6 48.0 81.6 0.0 60.7 82.7 50.1 46.0 86.0 91.8 42.8 
115.6 52.0 4.0 77.0 106.5 80.3 32.8 22.6 25.6 15.2 91.0 41.6 20.9 100.0 42.5 23.4 21.3 87.7 44.0 69.6 42.0 64.0 62.5 93.1 8.9 18.9 49.0 60.7 0.0 53.9 15.2 20.0 52.6 77.0 85.5 
80.0 66.0 50.0 59.5 69.9 99.6 73.0 36.1 36.5 38.8 62.0 34.4 37.7 66.5 30.0 44.7 36.0 67.9 16.1 60.0 18.9 72.1 36.1 68.5 52.8 68.1 5.7 82.7 53.9 0.0 46.0 68.0 6.0 25.5 78.7 
100.9 38.8 14.1 61.7 92.0 69.8 28.6 10.2 11.7 11.3 76.0 26.9 24.4 85.3 28.4 8.2 10.0 72.5 40.5 54.4 39.4 50.4 48.1 77.9 22.1 22.4 42.2 50.1 15.2 46.0 0.0 22.1 46.4 66.5 70.7 
117.5 42.4 23.3 75.3 109.3 64.8 14.6 32.2 33.0 30.6 91.9 45.7 40.2 102.0 48.3 26.0 32.1 85.6 61.2 66.0 59.7 54.4 66.6 92.2 28.3 2.0 64.0 46.0 20.0 68.0 22.1 0.0 68.1 88.3 78.8 
85.9 69.7 48.7 65.1 75.7 103.5 74.2 36.9 37.9 38.1 68.0 38.2 34.9 72.4 33.9 46.2 36.5 73.8 11.3 65.3 14.1 76.4 41.8 74.4 50.6 68.0 4.5 86.0 52.6 6.0 46.4 68.1 0.0 30.0 84.1 
60.0 74.7 73.3 53.7 50.0 105.6 90.2 56.3 55.3 61.7 48.3 46.0 62.8 49.0 42.0 62.8 56.9 58.8 41.2 58.8 44.0 77.0 34.0 56.4 77.2 88.8 31.1 91.8 77.0 25.5 66.5 88.3 30.0 0.0 75.0 
54.6 36.7 84.9 21.3 52.0 42.8 68.3 68.0 64.0 78.0 34.9 50.6 90.1 44.2 53.4 62.5 70.0 20.4 88.5 19.0 89.8 25.6 43.3 28.1 92.8 80.6 80.6 42.8 85.5 78.7 70.7 78.8 84.1 75.0 0.0 

Routes: 
Route: 0 1 7 15 6 25 31 8 0 | Demand: 98.0| Cost: 302.4
Route: 0 3 22 19 21 5 27 34 33 0 | Demand: 92.0| Cost: 341.0
Route: 0 4 10 17 23 0 | Demand: 74.0| Cost: 79.9
Route: 0 9 12 2 24 28 30 16 0 | Demand: 99.0| Cost: 270.1
Route: 0 11 14 29 18 20 32 26 13 0 | Demand: 97.0| Cost: 232.6

Total cost: 1226.0
Execution time: 0.001

