ClarkeWright Sequential: 
 
Distance Matrix: 
0.0 80.3 124.0 70.4 85.9 46.0 32.3 101.6 8.1 16.2 83.0 49.0 97.9 47.2 25.7 119.0 75.0 83.5 72.1 97.2 113.4 49.2 119.5 78.0 89.1 94.2 38.8 18.4 37.9 94.2 105.8 41.8 106.7 
80.3 0.0 45.5 14.6 45.5 36.4 60.8 24.0 73.4 64.4 64.8 55.3 17.8 41.1 56.2 39.1 20.0 39.1 72.0 19.2 33.1 31.4 39.7 7.8 10.8 22.4 61.1 65.0 61.1 17.1 40.0 61.0 29.5 
124.0 45.5 0.0 59.1 58.0 78.2 99.7 35.4 116.6 108.6 80.2 88.9 28.3 79.6 101.1 10.0 50.5 54.2 94.1 26.9 19.0 76.4 9.1 46.1 35.4 45.9 97.7 107.3 98.1 29.8 30.4 96.6 17.5 
70.4 14.6 59.1 0.0 55.0 31.3 56.1 31.3 64.2 54.2 71.6 54.8 30.8 38.6 45.2 51.7 28.6 48.8 75.8 33.6 44.6 21.6 52.5 19.1 25.3 24.3 58.1 57.1 57.9 31.6 54.1 58.7 43.9 
85.9 45.5 58.0 55.0 0.0 45.4 54.6 63.5 77.8 74.3 22.6 38.9 49.2 39.8 71.6 59.8 26.4 6.4 36.2 42.0 61.0 54.1 59.7 37.8 41.4 66.5 49.7 67.5 50.4 39.8 28.4 47.4 43.9 
46.0 36.4 78.2 31.3 45.4 0.0 25.0 59.8 38.4 31.4 52.5 25.6 53.3 9.2 26.6 73.8 29.1 41.2 50.8 51.6 69.1 13.5 74.3 32.6 43.8 55.0 26.9 29.2 26.7 48.5 60.5 27.9 60.8 
32.3 60.8 99.7 56.1 54.6 25.0 0.0 84.6 24.5 25.7 50.8 16.8 76.9 20.2 29.7 96.6 49.2 53.2 41.3 74.1 92.7 36.1 96.9 56.0 67.1 80.0 7.1 15.0 6.1 70.9 77.3 10.0 82.3 
101.6 24.0 35.4 31.3 63.5 59.8 84.6 0.0 95.3 85.5 85.0 79.2 14.9 65.1 76.5 25.7 41.8 57.5 94.2 22.7 16.8 52.6 26.7 30.4 22.4 10.8 85.1 87.6 85.1 24.1 47.2 85.0 27.9 
8.1 73.4 116.6 64.2 77.8 38.4 24.5 95.3 0.0 11.0 75.3 41.2 90.9 39.2 21.0 111.8 67.2 75.5 65.0 89.9 106.5 42.7 112.4 70.7 81.8 88.3 31.3 10.3 30.3 86.8 97.8 34.2 99.2 
16.2 64.4 108.6 54.2 74.3 31.4 25.7 85.5 11.0 0.0 75.1 41.0 82.1 34.5 10.0 103.2 60.4 71.2 66.9 81.7 97.4 33.1 103.8 62.5 73.4 78.1 32.8 11.7 31.8 78.7 91.8 35.7 91.4 
83.0 64.8 80.2 71.6 22.6 52.5 50.8 85.0 75.3 75.1 0.0 34.2 71.2 44.1 75.3 82.4 44.8 27.9 16.6 64.3 83.5 64.5 82.2 57.0 62.6 86.8 44.1 65.6 45.1 61.8 50.0 41.2 66.5 
49.0 55.3 88.9 54.8 38.9 25.6 16.8 79.2 41.2 41.0 34.2 0.0 69.2 16.6 42.4 87.1 39.5 38.4 26.9 64.9 84.6 39.1 87.3 49.0 59.1 76.7 10.8 31.4 11.7 61.8 63.8 8.5 71.8 
97.9 17.8 28.3 30.8 49.2 53.3 76.9 14.9 90.9 82.1 71.2 69.2 0.0 56.8 74.0 21.3 30.0 43.4 81.5 7.8 15.8 49.2 21.9 20.9 10.0 21.8 76.3 82.3 76.5 9.4 32.6 75.8 15.0 
47.2 41.1 79.6 38.6 39.8 9.2 20.2 65.1 39.2 34.5 44.1 16.6 56.8 0.0 32.1 76.3 29.2 36.7 41.6 53.9 72.5 22.6 76.7 35.9 46.8 61.4 20.0 29.1 20.0 50.7 58.7 20.2 62.2 
25.7 56.2 101.1 45.2 71.6 26.6 29.7 76.5 21.0 10.0 75.3 42.4 74.0 32.1 0.0 95.3 54.7 67.7 69.3 74.2 89.1 24.8 95.9 55.2 65.8 68.7 36.2 18.9 35.4 71.4 86.5 38.9 84.2 
119.0 39.1 10.0 51.7 59.8 73.8 96.6 25.7 111.8 103.2 82.4 87.1 21.3 76.3 95.3 0.0 47.8 55.2 95.2 22.5 9.1 70.4 1.0 41.2 30.0 36.4 95.2 103.0 95.5 25.6 34.4 94.4 16.0 
75.0 20.0 50.5 28.6 26.4 29.1 49.2 41.8 67.2 60.4 44.8 39.5 30.0 29.2 54.7 47.8 0.0 20.1 52.6 25.5 45.2 32.3 48.1 12.2 20.1 42.2 47.4 57.5 47.8 22.4 31.8 46.6 33.1 
83.5 39.1 54.2 48.8 6.4 41.2 53.2 57.5 75.5 71.2 27.9 38.4 43.4 36.7 67.7 55.2 20.1 0.0 40.0 36.4 55.8 49.0 55.1 31.4 35.2 60.2 48.8 65.2 49.5 34.0 26.0 46.9 39.2 
72.1 72.0 94.1 75.8 36.2 50.8 41.3 94.2 65.0 66.9 16.6 26.9 81.5 41.6 69.3 95.2 52.6 40.0 0.0 75.3 95.2 64.0 95.1 64.5 72.1 94.4 34.2 56.2 35.2 72.6 64.6 31.3 79.2 
97.2 19.2 26.9 33.6 42.0 51.6 74.1 22.7 89.9 81.7 64.3 64.9 7.8 53.9 74.2 22.5 25.5 36.4 75.3 0.0 20.0 49.5 22.8 19.2 8.6 29.2 72.8 80.8 73.1 3.2 25.1 72.0 10.3 
113.4 33.1 19.0 44.6 61.0 69.1 92.7 16.8 106.5 97.4 83.5 84.6 15.8 72.5 89.1 9.1 45.2 55.8 95.2 20.0 0.0 64.4 10.0 36.7 25.7 27.5 92.0 98.0 92.2 23.0 38.4 91.4 18.0 
49.2 31.4 76.4 21.6 54.1 13.5 36.1 52.6 42.7 33.1 64.5 39.1 49.2 22.6 24.8 70.4 32.3 49.0 64.0 49.5 64.4 0.0 71.1 30.6 41.0 45.9 39.4 35.5 39.0 46.8 63.7 40.7 59.5 
119.5 39.7 9.1 52.5 59.7 74.3 96.9 26.7 112.4 103.8 82.2 87.3 21.9 76.7 95.9 1.0 48.1 55.1 95.1 22.8 10.0 71.1 0.0 41.7 30.5 37.4 95.5 103.4 95.8 26.0 34.0 94.6 16.0 
78.0 7.8 46.1 19.1 37.8 32.6 56.0 30.4 70.7 62.5 57.0 49.0 20.9 35.9 55.2 41.2 12.2 31.4 64.5 19.2 36.7 30.6 41.7 0.0 11.2 30.0 55.6 61.8 55.7 16.3 35.4 55.2 29.0 
89.1 10.8 35.4 25.3 41.4 43.8 67.1 22.4 81.8 73.4 62.6 59.1 10.0 46.8 65.8 30.0 20.1 35.2 72.1 8.6 25.7 41.0 30.5 11.2 0.0 25.6 66.3 72.9 66.5 6.3 30.4 65.8 18.9 
94.2 22.4 45.9 24.3 66.5 55.0 80.0 10.8 88.3 78.1 86.8 76.7 21.8 61.4 68.7 36.4 42.2 60.2 94.4 29.2 27.5 45.9 37.4 30.0 25.6 0.0 81.3 81.4 81.2 29.5 54.2 81.6 36.5 
38.8 61.1 97.7 58.1 49.7 26.9 7.1 85.1 31.3 32.8 44.1 10.8 76.3 20.0 36.2 95.2 47.4 48.8 34.2 72.8 92.0 39.4 95.5 55.6 66.3 81.3 0.0 22.0 1.0 69.6 73.8 3.0 80.4 
18.4 65.0 107.3 57.1 67.5 29.2 15.0 87.6 10.3 11.7 65.6 31.4 82.3 29.1 18.9 103.0 57.5 65.2 56.2 80.8 98.0 35.5 103.4 61.8 72.9 81.4 22.0 0.0 21.0 77.7 87.8 25.0 89.9 
37.9 61.1 98.1 57.9 50.4 26.7 6.1 85.1 30.3 31.8 45.1 11.7 76.5 20.0 35.4 95.5 47.8 49.5 35.2 73.1 92.2 39.0 95.8 55.7 66.5 81.2 1.0 21.0 0.0 69.9 74.4 4.0 80.8 
94.2 17.1 29.8 31.6 39.8 48.5 70.9 24.1 86.8 78.7 61.8 61.8 9.4 50.7 71.4 25.6 22.4 34.0 72.6 3.2 23.0 46.8 26.0 16.3 6.3 29.5 69.6 77.7 69.9 0.0 25.0 68.9 12.8 
105.8 40.0 30.4 54.1 28.4 60.5 77.3 47.2 97.8 91.8 50.0 63.8 32.6 58.7 86.5 34.4 31.8 26.0 64.6 25.1 38.4 63.7 34.0 35.4 30.4 54.2 73.8 87.8 74.4 25.0 0.0 72.1 20.5 
41.8 61.0 96.6 58.7 47.4 27.9 10.0 85.0 34.2 35.7 41.2 8.5 75.8 20.2 38.9 94.4 46.6 46.9 31.3 72.0 91.4 40.7 94.6 55.2 65.8 81.6 3.0 25.0 4.0 68.9 72.1 0.0 79.4 
106.7 29.5 17.5 43.9 43.9 60.8 82.3 27.9 99.2 91.4 66.5 71.8 15.0 62.2 84.2 16.0 33.1 39.2 79.2 10.3 18.0 59.5 16.0 29.0 18.9 36.5 80.4 89.9 80.8 12.8 20.5 79.4 0.0 

Routes: 
Route: 0 1 20 12 15 22 2 24 19 7 30 33 0 | Demand: 99.0| Cost: 401.3
Route: 0 3 25 32 29 23 27 0 | Demand: 96.0| Cost: 240.5
Route: 0 4 17 10 18 16 13 0 | Demand: 93.0| Cost: 265.8
Route: 0 5 21 11 6 28 31 0 | Demand: 92.0| Cost: 167.3
Route: 0 8 26 9 14 0 | Demand: 66.0| Cost: 107.9

Total cost: 1182.8
Execution time: 0.004

-----------------------------------------

ClarkeWright Parallel: 
 
Distance Matrix: 
0.0 80.3 124.0 70.4 85.9 46.0 32.3 101.6 8.1 16.2 83.0 49.0 97.9 47.2 25.7 119.0 75.0 83.5 72.1 97.2 113.4 49.2 119.5 78.0 89.1 94.2 38.8 18.4 37.9 94.2 105.8 41.8 106.7 
80.3 0.0 45.5 14.6 45.5 36.4 60.8 24.0 73.4 64.4 64.8 55.3 17.8 41.1 56.2 39.1 20.0 39.1 72.0 19.2 33.1 31.4 39.7 7.8 10.8 22.4 61.1 65.0 61.1 17.1 40.0 61.0 29.5 
124.0 45.5 0.0 59.1 58.0 78.2 99.7 35.4 116.6 108.6 80.2 88.9 28.3 79.6 101.1 10.0 50.5 54.2 94.1 26.9 19.0 76.4 9.1 46.1 35.4 45.9 97.7 107.3 98.1 29.8 30.4 96.6 17.5 
70.4 14.6 59.1 0.0 55.0 31.3 56.1 31.3 64.2 54.2 71.6 54.8 30.8 38.6 45.2 51.7 28.6 48.8 75.8 33.6 44.6 21.6 52.5 19.1 25.3 24.3 58.1 57.1 57.9 31.6 54.1 58.7 43.9 
85.9 45.5 58.0 55.0 0.0 45.4 54.6 63.5 77.8 74.3 22.6 38.9 49.2 39.8 71.6 59.8 26.4 6.4 36.2 42.0 61.0 54.1 59.7 37.8 41.4 66.5 49.7 67.5 50.4 39.8 28.4 47.4 43.9 
46.0 36.4 78.2 31.3 45.4 0.0 25.0 59.8 38.4 31.4 52.5 25.6 53.3 9.2 26.6 73.8 29.1 41.2 50.8 51.6 69.1 13.5 74.3 32.6 43.8 55.0 26.9 29.2 26.7 48.5 60.5 27.9 60.8 
32.3 60.8 99.7 56.1 54.6 25.0 0.0 84.6 24.5 25.7 50.8 16.8 76.9 20.2 29.7 96.6 49.2 53.2 41.3 74.1 92.7 36.1 96.9 56.0 67.1 80.0 7.1 15.0 6.1 70.9 77.3 10.0 82.3 
101.6 24.0 35.4 31.3 63.5 59.8 84.6 0.0 95.3 85.5 85.0 79.2 14.9 65.1 76.5 25.7 41.8 57.5 94.2 22.7 16.8 52.6 26.7 30.4 22.4 10.8 85.1 87.6 85.1 24.1 47.2 85.0 27.9 
8.1 73.4 116.6 64.2 77.8 38.4 24.5 95.3 0.0 11.0 75.3 41.2 90.9 39.2 21.0 111.8 67.2 75.5 65.0 89.9 106.5 42.7 112.4 70.7 81.8 88.3 31.3 10.3 30.3 86.8 97.8 34.2 99.2 
16.2 64.4 108.6 54.2 74.3 31.4 25.7 85.5 11.0 0.0 75.1 41.0 82.1 34.5 10.0 103.2 60.4 71.2 66.9 81.7 97.4 33.1 103.8 62.5 73.4 78.1 32.8 11.7 31.8 78.7 91.8 35.7 91.4 
83.0 64.8 80.2 71.6 22.6 52.5 50.8 85.0 75.3 75.1 0.0 34.2 71.2 44.1 75.3 82.4 44.8 27.9 16.6 64.3 83.5 64.5 82.2 57.0 62.6 86.8 44.1 65.6 45.1 61.8 50.0 41.2 66.5 
49.0 55.3 88.9 54.8 38.9 25.6 16.8 79.2 41.2 41.0 34.2 0.0 69.2 16.6 42.4 87.1 39.5 38.4 26.9 64.9 84.6 39.1 87.3 49.0 59.1 76.7 10.8 31.4 11.7 61.8 63.8 8.5 71.8 
97.9 17.8 28.3 30.8 49.2 53.3 76.9 14.9 90.9 82.1 71.2 69.2 0.0 56.8 74.0 21.3 30.0 43.4 81.5 7.8 15.8 49.2 21.9 20.9 10.0 21.8 76.3 82.3 76.5 9.4 32.6 75.8 15.0 
47.2 41.1 79.6 38.6 39.8 9.2 20.2 65.1 39.2 34.5 44.1 16.6 56.8 0.0 32.1 76.3 29.2 36.7 41.6 53.9 72.5 22.6 76.7 35.9 46.8 61.4 20.0 29.1 20.0 50.7 58.7 20.2 62.2 
25.7 56.2 101.1 45.2 71.6 26.6 29.7 76.5 21.0 10.0 75.3 42.4 74.0 32.1 0.0 95.3 54.7 67.7 69.3 74.2 89.1 24.8 95.9 55.2 65.8 68.7 36.2 18.9 35.4 71.4 86.5 38.9 84.2 
119.0 39.1 10.0 51.7 59.8 73.8 96.6 25.7 111.8 103.2 82.4 87.1 21.3 76.3 95.3 0.0 47.8 55.2 95.2 22.5 9.1 70.4 1.0 41.2 30.0 36.4 95.2 103.0 95.5 25.6 34.4 94.4 16.0 
75.0 20.0 50.5 28.6 26.4 29.1 49.2 41.8 67.2 60.4 44.8 39.5 30.0 29.2 54.7 47.8 0.0 20.1 52.6 25.5 45.2 32.3 48.1 12.2 20.1 42.2 47.4 57.5 47.8 22.4 31.8 46.6 33.1 
83.5 39.1 54.2 48.8 6.4 41.2 53.2 57.5 75.5 71.2 27.9 38.4 43.4 36.7 67.7 55.2 20.1 0.0 40.0 36.4 55.8 49.0 55.1 31.4 35.2 60.2 48.8 65.2 49.5 34.0 26.0 46.9 39.2 
72.1 72.0 94.1 75.8 36.2 50.8 41.3 94.2 65.0 66.9 16.6 26.9 81.5 41.6 69.3 95.2 52.6 40.0 0.0 75.3 95.2 64.0 95.1 64.5 72.1 94.4 34.2 56.2 35.2 72.6 64.6 31.3 79.2 
97.2 19.2 26.9 33.6 42.0 51.6 74.1 22.7 89.9 81.7 64.3 64.9 7.8 53.9 74.2 22.5 25.5 36.4 75.3 0.0 20.0 49.5 22.8 19.2 8.6 29.2 72.8 80.8 73.1 3.2 25.1 72.0 10.3 
113.4 33.1 19.0 44.6 61.0 69.1 92.7 16.8 106.5 97.4 83.5 84.6 15.8 72.5 89.1 9.1 45.2 55.8 95.2 20.0 0.0 64.4 10.0 36.7 25.7 27.5 92.0 98.0 92.2 23.0 38.4 91.4 18.0 
49.2 31.4 76.4 21.6 54.1 13.5 36.1 52.6 42.7 33.1 64.5 39.1 49.2 22.6 24.8 70.4 32.3 49.0 64.0 49.5 64.4 0.0 71.1 30.6 41.0 45.9 39.4 35.5 39.0 46.8 63.7 40.7 59.5 
119.5 39.7 9.1 52.5 59.7 74.3 96.9 26.7 112.4 103.8 82.2 87.3 21.9 76.7 95.9 1.0 48.1 55.1 95.1 22.8 10.0 71.1 0.0 41.7 30.5 37.4 95.5 103.4 95.8 26.0 34.0 94.6 16.0 
78.0 7.8 46.1 19.1 37.8 32.6 56.0 30.4 70.7 62.5 57.0 49.0 20.9 35.9 55.2 41.2 12.2 31.4 64.5 19.2 36.7 30.6 41.7 0.0 11.2 30.0 55.6 61.8 55.7 16.3 35.4 55.2 29.0 
89.1 10.8 35.4 25.3 41.4 43.8 67.1 22.4 81.8 73.4 62.6 59.1 10.0 46.8 65.8 30.0 20.1 35.2 72.1 8.6 25.7 41.0 30.5 11.2 0.0 25.6 66.3 72.9 66.5 6.3 30.4 65.8 18.9 
94.2 22.4 45.9 24.3 66.5 55.0 80.0 10.8 88.3 78.1 86.8 76.7 21.8 61.4 68.7 36.4 42.2 60.2 94.4 29.2 27.5 45.9 37.4 30.0 25.6 0.0 81.3 81.4 81.2 29.5 54.2 81.6 36.5 
38.8 61.1 97.7 58.1 49.7 26.9 7.1 85.1 31.3 32.8 44.1 10.8 76.3 20.0 36.2 95.2 47.4 48.8 34.2 72.8 92.0 39.4 95.5 55.6 66.3 81.3 0.0 22.0 1.0 69.6 73.8 3.0 80.4 
18.4 65.0 107.3 57.1 67.5 29.2 15.0 87.6 10.3 11.7 65.6 31.4 82.3 29.1 18.9 103.0 57.5 65.2 56.2 80.8 98.0 35.5 103.4 61.8 72.9 81.4 22.0 0.0 21.0 77.7 87.8 25.0 89.9 
37.9 61.1 98.1 57.9 50.4 26.7 6.1 85.1 30.3 31.8 45.1 11.7 76.5 20.0 35.4 95.5 47.8 49.5 35.2 73.1 92.2 39.0 95.8 55.7 66.5 81.2 1.0 21.0 0.0 69.9 74.4 4.0 80.8 
94.2 17.1 29.8 31.6 39.8 48.5 70.9 24.1 86.8 78.7 61.8 61.8 9.4 50.7 71.4 25.6 22.4 34.0 72.6 3.2 23.0 46.8 26.0 16.3 6.3 29.5 69.6 77.7 69.9 0.0 25.0 68.9 12.8 
105.8 40.0 30.4 54.1 28.4 60.5 77.3 47.2 97.8 91.8 50.0 63.8 32.6 58.7 86.5 34.4 31.8 26.0 64.6 25.1 38.4 63.7 34.0 35.4 30.4 54.2 73.8 87.8 74.4 25.0 0.0 72.1 20.5 
41.8 61.0 96.6 58.7 47.4 27.9 10.0 85.0 34.2 35.7 41.2 8.5 75.8 20.2 38.9 94.4 46.6 46.9 31.3 72.0 91.4 40.7 94.6 55.2 65.8 81.6 3.0 25.0 4.0 68.9 72.1 0.0 79.4 
106.7 29.5 17.5 43.9 43.9 60.8 82.3 27.9 99.2 91.4 66.5 71.8 15.0 62.2 84.2 16.0 33.1 39.2 79.2 10.3 18.0 59.5 16.0 29.0 18.9 36.5 80.4 89.9 80.8 12.8 20.5 79.4 0.0 

Routes: 
Route: 0 1 12 7 2 15 22 20 32 30 0 | Demand: 93.0| Cost: 313.7
Route: 0 3 4 17 10 18 21 27 0 | Demand: 99.0| Cost: 294.2
Route: 0 5 13 26 11 31 28 0 | Demand: 99.0| Cost: 136.4
Route: 0 6 9 14 8 0 | Demand: 60.0| Cost: 97.1
Route: 0 16 19 29 24 25 23 33 0 | Demand: 95.0| Cost: 257.4

Total cost: 1098.8
Execution time: 0.003

