ClarkeWright Sequential: 
 
Distance Matrix: 
0.0 88.1 33.3 51.1 27.8 76.2 14.4 63.1 91.7 33.2 49.4 87.2 95.3 98.0 84.9 78.1 104.9 94.4 66.4 73.8 60.2 49.4 58.5 85.9 83.0 97.4 109.0 72.1 126.0 58.0 95.3 100.1 60.3 112.2 39.9 63.4 111.1 83.1 
88.1 0.0 57.2 86.6 61.7 24.2 74.5 25.0 16.1 55.4 70.8 69.7 78.8 94.4 41.9 11.2 67.8 16.0 36.2 23.3 43.5 39.3 72.4 90.6 104.0 10.0 50.2 58.3 56.8 91.9 18.0 66.6 42.2 69.4 71.4 38.5 52.1 20.1 
33.3 57.2 0.0 41.4 5.7 42.9 18.9 33.1 58.9 14.9 29.7 60.4 69.9 77.1 52.5 46.5 75.2 61.7 33.3 40.7 27.8 18.0 37.9 66.8 70.8 65.9 76.4 43.7 93.0 48.8 67.7 70.8 27.7 81.9 23.0 30.4 78.5 57.0 
51.1 86.6 41.4 0.0 42.5 64.3 43.9 67.7 80.9 55.8 15.8 46.0 50.9 48.8 59.4 75.6 66.9 83.9 51.2 64.0 43.4 54.2 17.5 36.2 32.1 92.6 81.0 38.1 99.7 7.6 101.6 61.9 44.6 74.9 18.4 48.5 82.6 93.3 
27.8 61.7 5.7 42.5 0.0 48.4 13.4 37.1 64.1 13.5 32.6 65.3 74.5 81.0 58.1 51.2 80.5 66.9 38.9 46.1 33.4 22.4 41.2 70.3 73.1 70.6 82.0 48.7 98.6 50.1 71.3 76.1 33.3 87.3 24.7 36.1 84.2 60.0 
76.2 24.2 42.9 64.3 48.4 0.0 61.8 22.6 17.0 47.4 48.7 46.3 55.9 70.8 20.4 15.3 48.4 20.0 13.2 3.2 21.1 28.3 49.0 66.5 79.9 28.5 38.1 34.1 51.9 69.0 41.7 46.1 20.0 52.0 51.0 16.0 40.3 38.9 
14.4 74.5 18.9 43.9 13.4 61.8 0.0 49.6 77.5 21.4 38.5 74.8 83.5 87.8 70.7 64.3 91.6 80.2 52.0 59.5 46.0 35.4 47.7 76.2 76.0 83.7 94.8 59.1 111.7 51.4 83.0 87.0 46.0 98.7 29.2 49.0 96.9 71.2 
63.1 25.0 33.1 67.7 37.1 22.6 49.6 0.0 31.8 30.5 52.4 64.2 74.3 87.2 42.0 15.8 70.0 34.0 25.3 19.4 28.8 15.1 56.6 80.5 90.6 34.5 60.4 48.8 72.7 74.1 34.9 67.2 27.5 74.2 50.6 25.5 62.6 25.6 
91.7 16.1 58.9 80.9 64.1 17.0 77.5 31.8 0.0 61.0 65.4 56.6 65.1 81.3 28.3 16.6 52.3 3.0 30.0 18.4 38.0 42.5 65.0 79.1 93.9 14.1 34.1 47.9 42.2 85.1 33.2 51.6 37.0 53.5 68.0 33.0 36.0 36.0 
33.2 55.4 14.9 55.8 13.5 47.4 21.4 30.5 61.0 0.0 44.6 73.4 83.2 91.4 61.3 46.1 86.3 63.5 41.2 44.6 37.9 19.1 52.6 81.4 85.6 65.0 84.1 56.4 99.2 63.3 62.1 82.3 37.3 92.5 37.6 38.9 86.3 50.0 
49.4 70.8 29.7 15.8 32.6 48.7 38.5 52.4 65.4 44.6 0.0 38.6 46.1 49.4 45.6 59.8 58.0 68.4 35.5 48.3 27.7 39.6 9.2 38.0 41.1 76.9 68.5 26.1 87.1 21.6 85.9 53.0 28.9 65.9 9.5 32.8 70.3 77.9 
87.2 69.7 60.4 46.0 65.3 46.3 74.8 64.2 56.6 73.4 38.6 0.0 10.2 24.8 28.3 61.6 21.0 58.9 38.9 48.4 37.2 59.2 30.4 24.0 41.4 70.8 40.2 17.0 58.0 45.2 87.6 16.2 38.3 29.1 47.7 39.1 41.0 85.1 
95.3 78.8 69.9 50.9 74.5 55.9 83.5 74.3 65.1 83.2 46.1 10.2 0.0 17.0 37.0 71.2 21.0 67.2 49.0 58.1 47.4 69.4 37.2 21.2 39.2 79.2 44.3 27.0 60.7 48.6 96.8 17.5 48.5 28.2 55.5 49.2 44.6 94.8 
98.0 94.4 77.1 48.8 81.0 70.8 87.8 87.2 81.3 91.4 49.4 24.8 17.0 0.0 53.0 86.0 37.1 83.5 62.2 72.7 58.9 80.1 40.2 12.5 26.8 95.5 61.1 38.5 76.9 44.1 112.3 34.2 60.2 43.3 58.7 61.7 61.4 109.3 
84.9 41.9 52.5 59.4 58.1 20.4 70.7 42.0 28.3 61.3 45.6 28.3 37.0 53.0 0.0 35.1 28.1 30.6 20.1 23.2 24.8 43.1 42.1 51.1 66.9 42.4 24.2 22.1 42.1 62.0 59.9 25.7 24.8 32.4 51.5 22.5 26.2 58.9 
78.1 11.2 46.5 75.6 51.2 15.3 64.3 15.8 16.6 46.1 59.8 61.6 71.2 86.0 35.1 0.0 62.6 18.4 25.8 13.5 32.6 28.9 61.8 81.3 94.0 19.4 48.5 48.8 58.6 81.0 27.0 60.7 31.3 65.4 60.2 27.8 50.6 23.8 
104.9 67.8 75.2 66.9 80.5 48.4 91.6 70.0 52.3 86.3 58.0 21.0 21.0 37.1 28.1 62.6 0.0 53.7 46.5 51.2 48.4 69.4 50.6 42.0 60.1 65.9 24.7 32.8 39.8 66.2 85.5 5.0 49.0 8.1 66.5 48.1 24.6 86.1 
94.4 16.0 61.7 83.9 66.9 20.0 80.2 34.0 3.0 63.5 68.4 58.9 67.2 83.5 30.6 18.4 53.7 0.0 33.0 21.4 41.0 45.2 67.9 81.5 96.6 12.2 34.4 50.6 41.1 88.1 32.3 53.3 40.0 54.4 71.0 36.0 36.2 36.1 
66.4 36.2 33.3 51.2 38.9 13.2 52.0 25.3 30.0 41.2 35.5 38.9 49.0 62.2 20.1 25.8 46.5 33.0 0.0 13.0 8.0 23.1 36.2 56.2 68.2 41.5 43.3 23.9 59.7 56.0 52.8 43.1 7.1 51.9 38.1 3.2 45.5 47.6 
73.8 23.3 40.7 64.0 46.1 3.2 59.5 19.4 18.4 44.6 48.3 48.4 58.1 72.7 23.2 13.5 51.2 21.4 13.0 0.0 20.6 25.5 49.2 67.9 80.8 28.6 41.2 35.4 54.8 68.9 40.4 48.8 19.4 55.0 50.0 15.5 43.5 36.7 
60.2 43.5 27.8 43.4 33.4 21.1 46.0 28.8 38.0 37.9 27.7 37.2 47.4 58.9 24.8 32.6 48.4 41.0 8.0 20.6 0.0 22.0 29.2 51.6 62.2 49.2 48.8 20.6 66.0 48.5 59.4 44.4 1.4 54.6 30.1 5.1 50.9 53.0 
49.4 39.3 18.0 54.2 22.4 28.3 35.4 15.1 42.5 19.1 39.6 59.2 69.4 80.1 43.1 28.9 69.4 45.2 23.1 25.5 22.0 0.0 45.2 71.7 79.6 48.3 65.2 42.4 80.1 61.0 50.0 65.8 21.0 75.0 36.4 21.4 67.4 39.9 
58.5 72.4 37.9 17.5 41.2 49.0 47.7 56.6 65.0 52.6 9.2 30.4 37.2 40.2 42.1 61.8 50.6 67.9 36.2 49.2 29.2 45.2 0.0 29.1 34.4 77.5 63.6 20.6 82.3 20.2 88.5 45.6 30.5 58.6 18.7 34.0 65.1 81.7 
85.9 90.6 66.8 36.2 70.3 66.5 76.2 80.5 79.1 81.4 38.0 24.0 21.2 12.5 51.1 81.3 42.0 81.5 56.2 67.9 51.6 71.7 29.1 0.0 18.0 93.0 64.0 32.6 81.2 31.6 108.2 38.0 53.0 49.4 47.1 55.2 64.6 103.9 
83.0 104.0 70.8 32.1 73.1 79.9 76.0 90.6 93.9 85.6 41.1 41.4 39.2 26.8 66.9 94.0 60.1 96.6 68.2 80.8 62.2 79.6 34.4 18.0 0.0 107.5 81.6 46.1 99.1 25.0 121.0 56.0 63.7 67.4 48.4 66.6 82.4 115.3 
97.4 10.0 65.9 92.6 70.6 28.5 83.7 34.5 14.1 65.0 76.9 70.8 79.2 95.5 42.4 19.4 65.9 12.2 41.5 28.6 49.2 48.3 77.5 93.0 107.5 0.0 45.6 61.4 49.4 97.4 21.1 65.5 48.1 66.3 78.4 44.1 47.3 27.9 
109.0 50.2 76.4 81.0 82.0 38.1 94.8 60.4 34.1 84.1 68.5 40.2 44.3 61.1 24.2 48.5 24.7 34.4 43.3 41.2 48.8 65.2 63.6 64.0 81.6 45.6 0.0 43.0 18.7 82.4 66.5 26.9 48.8 22.0 75.2 46.0 2.2 70.0 
72.1 58.3 43.7 38.1 48.7 34.1 59.1 48.8 47.9 56.4 26.1 17.0 27.0 38.5 22.1 48.8 32.8 50.6 23.9 35.4 20.6 42.4 20.6 32.6 46.1 61.4 43.0 0.0 61.7 40.0 75.7 28.0 21.8 40.4 34.0 23.3 44.6 71.4 
126.0 56.8 93.0 99.7 98.6 51.9 111.7 72.7 42.2 99.2 87.1 58.0 60.7 76.9 42.1 58.6 39.8 41.1 59.7 54.8 66.0 80.1 82.3 81.2 99.1 49.4 18.7 61.7 0.0 101.0 70.1 43.3 65.8 34.2 93.5 62.6 17.3 76.7 
58.0 91.9 48.8 7.6 50.1 69.0 51.4 74.1 85.1 63.3 21.6 45.2 48.6 44.1 62.0 81.0 66.2 88.1 56.0 68.9 48.5 61.0 20.2 31.6 25.0 97.4 82.4 40.0 101.0 0.0 107.4 61.3 49.8 74.2 25.8 53.5 83.7 99.6 
95.3 18.0 67.7 101.6 71.3 41.7 83.0 34.9 33.2 62.1 85.9 87.6 96.8 112.3 59.9 27.0 85.5 32.3 52.8 40.4 59.4 50.0 88.5 108.2 121.0 21.1 66.5 75.7 70.1 107.4 0.0 84.5 58.0 86.6 85.1 54.6 68.2 13.0 
100.1 66.6 70.8 61.9 76.1 46.1 87.0 67.2 51.6 82.3 53.0 16.2 17.5 34.2 25.7 60.7 5.0 53.3 43.1 48.8 44.4 65.8 45.6 38.0 56.0 65.5 26.9 28.0 43.3 61.3 84.5 0.0 45.1 13.0 61.6 44.4 27.2 84.4 
60.3 42.2 27.7 44.6 33.3 20.0 46.0 27.5 37.0 37.3 28.9 38.3 48.5 60.2 24.8 31.3 49.0 40.0 7.1 19.4 1.4 21.0 30.5 53.0 63.7 48.1 48.8 21.8 65.8 49.8 58.0 45.1 0.0 55.2 31.1 4.0 50.9 51.6 
112.2 69.4 81.9 74.9 87.3 52.0 98.7 74.2 53.5 92.5 65.9 29.1 28.2 43.3 32.4 65.4 8.1 54.4 51.9 55.0 54.6 75.0 58.6 49.4 67.4 66.3 22.0 40.4 34.2 74.2 86.6 13.0 55.2 0.0 74.2 53.8 21.2 88.5 
39.9 71.4 23.0 18.4 24.7 51.0 29.2 50.6 68.0 37.6 9.5 47.7 55.5 58.7 51.5 60.2 66.5 71.0 38.1 50.0 30.1 36.4 18.7 47.1 48.4 78.4 75.2 34.0 93.5 25.8 85.1 61.6 31.1 74.2 0.0 35.1 77.0 76.0 
63.4 38.5 30.4 48.5 36.1 16.0 49.0 25.5 33.0 38.9 32.8 39.1 49.2 61.7 22.5 27.8 48.1 36.0 3.2 15.5 5.1 21.4 34.0 55.2 66.6 44.1 46.0 23.3 62.6 53.5 54.6 44.4 4.0 53.8 35.1 0.0 48.2 48.8 
111.1 52.1 78.5 82.6 84.2 40.3 96.9 62.6 36.0 86.3 70.3 41.0 44.6 61.4 26.2 50.6 24.6 36.2 45.5 43.5 50.9 67.4 65.1 64.6 82.4 47.3 2.2 44.6 17.3 83.7 68.2 27.2 50.9 21.2 77.0 48.2 0.0 72.0 
83.1 20.1 57.0 93.3 60.0 38.9 71.2 25.6 36.0 50.0 77.9 85.1 94.8 109.3 58.9 23.8 86.1 36.1 47.6 36.7 53.0 39.9 81.7 103.9 115.3 27.9 70.0 71.4 76.7 99.6 13.0 84.4 51.6 88.5 76.0 48.8 72.0 0.0 

Routes: 
Route: 0 1 25 8 36 13 2 0 | Demand: 99.0| Cost: 320.0
Route: 0 3 24 29 23 17 21 19 12 26 0 | Demand: 97.0| Cost: 503.4
Route: 0 4 5 18 28 35 32 20 0 | Demand: 100.0| Cost: 277.3
Route: 0 6 14 15 7 33 34 0 | Demand: 93.0| Cost: 324.3
Route: 0 9 30 37 22 16 0 | Demand: 97.0| Cost: 345.5
Route: 0 10 11 31 27 0 | Demand: 84.0| Cost: 204.3

Total cost: 1974.8
Execution time: 0.005

-----------------------------------------

ClarkeWright Parallel: 
 
Distance Matrix: 
0.0 88.1 33.3 51.1 27.8 76.2 14.4 63.1 91.7 33.2 49.4 87.2 95.3 98.0 84.9 78.1 104.9 94.4 66.4 73.8 60.2 49.4 58.5 85.9 83.0 97.4 109.0 72.1 126.0 58.0 95.3 100.1 60.3 112.2 39.9 63.4 111.1 83.1 
88.1 0.0 57.2 86.6 61.7 24.2 74.5 25.0 16.1 55.4 70.8 69.7 78.8 94.4 41.9 11.2 67.8 16.0 36.2 23.3 43.5 39.3 72.4 90.6 104.0 10.0 50.2 58.3 56.8 91.9 18.0 66.6 42.2 69.4 71.4 38.5 52.1 20.1 
33.3 57.2 0.0 41.4 5.7 42.9 18.9 33.1 58.9 14.9 29.7 60.4 69.9 77.1 52.5 46.5 75.2 61.7 33.3 40.7 27.8 18.0 37.9 66.8 70.8 65.9 76.4 43.7 93.0 48.8 67.7 70.8 27.7 81.9 23.0 30.4 78.5 57.0 
51.1 86.6 41.4 0.0 42.5 64.3 43.9 67.7 80.9 55.8 15.8 46.0 50.9 48.8 59.4 75.6 66.9 83.9 51.2 64.0 43.4 54.2 17.5 36.2 32.1 92.6 81.0 38.1 99.7 7.6 101.6 61.9 44.6 74.9 18.4 48.5 82.6 93.3 
27.8 61.7 5.7 42.5 0.0 48.4 13.4 37.1 64.1 13.5 32.6 65.3 74.5 81.0 58.1 51.2 80.5 66.9 38.9 46.1 33.4 22.4 41.2 70.3 73.1 70.6 82.0 48.7 98.6 50.1 71.3 76.1 33.3 87.3 24.7 36.1 84.2 60.0 
76.2 24.2 42.9 64.3 48.4 0.0 61.8 22.6 17.0 47.4 48.7 46.3 55.9 70.8 20.4 15.3 48.4 20.0 13.2 3.2 21.1 28.3 49.0 66.5 79.9 28.5 38.1 34.1 51.9 69.0 41.7 46.1 20.0 52.0 51.0 16.0 40.3 38.9 
14.4 74.5 18.9 43.9 13.4 61.8 0.0 49.6 77.5 21.4 38.5 74.8 83.5 87.8 70.7 64.3 91.6 80.2 52.0 59.5 46.0 35.4 47.7 76.2 76.0 83.7 94.8 59.1 111.7 51.4 83.0 87.0 46.0 98.7 29.2 49.0 96.9 71.2 
63.1 25.0 33.1 67.7 37.1 22.6 49.6 0.0 31.8 30.5 52.4 64.2 74.3 87.2 42.0 15.8 70.0 34.0 25.3 19.4 28.8 15.1 56.6 80.5 90.6 34.5 60.4 48.8 72.7 74.1 34.9 67.2 27.5 74.2 50.6 25.5 62.6 25.6 
91.7 16.1 58.9 80.9 64.1 17.0 77.5 31.8 0.0 61.0 65.4 56.6 65.1 81.3 28.3 16.6 52.3 3.0 30.0 18.4 38.0 42.5 65.0 79.1 93.9 14.1 34.1 47.9 42.2 85.1 33.2 51.6 37.0 53.5 68.0 33.0 36.0 36.0 
33.2 55.4 14.9 55.8 13.5 47.4 21.4 30.5 61.0 0.0 44.6 73.4 83.2 91.4 61.3 46.1 86.3 63.5 41.2 44.6 37.9 19.1 52.6 81.4 85.6 65.0 84.1 56.4 99.2 63.3 62.1 82.3 37.3 92.5 37.6 38.9 86.3 50.0 
49.4 70.8 29.7 15.8 32.6 48.7 38.5 52.4 65.4 44.6 0.0 38.6 46.1 49.4 45.6 59.8 58.0 68.4 35.5 48.3 27.7 39.6 9.2 38.0 41.1 76.9 68.5 26.1 87.1 21.6 85.9 53.0 28.9 65.9 9.5 32.8 70.3 77.9 
87.2 69.7 60.4 46.0 65.3 46.3 74.8 64.2 56.6 73.4 38.6 0.0 10.2 24.8 28.3 61.6 21.0 58.9 38.9 48.4 37.2 59.2 30.4 24.0 41.4 70.8 40.2 17.0 58.0 45.2 87.6 16.2 38.3 29.1 47.7 39.1 41.0 85.1 
95.3 78.8 69.9 50.9 74.5 55.9 83.5 74.3 65.1 83.2 46.1 10.2 0.0 17.0 37.0 71.2 21.0 67.2 49.0 58.1 47.4 69.4 37.2 21.2 39.2 79.2 44.3 27.0 60.7 48.6 96.8 17.5 48.5 28.2 55.5 49.2 44.6 94.8 
98.0 94.4 77.1 48.8 81.0 70.8 87.8 87.2 81.3 91.4 49.4 24.8 17.0 0.0 53.0 86.0 37.1 83.5 62.2 72.7 58.9 80.1 40.2 12.5 26.8 95.5 61.1 38.5 76.9 44.1 112.3 34.2 60.2 43.3 58.7 61.7 61.4 109.3 
84.9 41.9 52.5 59.4 58.1 20.4 70.7 42.0 28.3 61.3 45.6 28.3 37.0 53.0 0.0 35.1 28.1 30.6 20.1 23.2 24.8 43.1 42.1 51.1 66.9 42.4 24.2 22.1 42.1 62.0 59.9 25.7 24.8 32.4 51.5 22.5 26.2 58.9 
78.1 11.2 46.5 75.6 51.2 15.3 64.3 15.8 16.6 46.1 59.8 61.6 71.2 86.0 35.1 0.0 62.6 18.4 25.8 13.5 32.6 28.9 61.8 81.3 94.0 19.4 48.5 48.8 58.6 81.0 27.0 60.7 31.3 65.4 60.2 27.8 50.6 23.8 
104.9 67.8 75.2 66.9 80.5 48.4 91.6 70.0 52.3 86.3 58.0 21.0 21.0 37.1 28.1 62.6 0.0 53.7 46.5 51.2 48.4 69.4 50.6 42.0 60.1 65.9 24.7 32.8 39.8 66.2 85.5 5.0 49.0 8.1 66.5 48.1 24.6 86.1 
94.4 16.0 61.7 83.9 66.9 20.0 80.2 34.0 3.0 63.5 68.4 58.9 67.2 83.5 30.6 18.4 53.7 0.0 33.0 21.4 41.0 45.2 67.9 81.5 96.6 12.2 34.4 50.6 41.1 88.1 32.3 53.3 40.0 54.4 71.0 36.0 36.2 36.1 
66.4 36.2 33.3 51.2 38.9 13.2 52.0 25.3 30.0 41.2 35.5 38.9 49.0 62.2 20.1 25.8 46.5 33.0 0.0 13.0 8.0 23.1 36.2 56.2 68.2 41.5 43.3 23.9 59.7 56.0 52.8 43.1 7.1 51.9 38.1 3.2 45.5 47.6 
73.8 23.3 40.7 64.0 46.1 3.2 59.5 19.4 18.4 44.6 48.3 48.4 58.1 72.7 23.2 13.5 51.2 21.4 13.0 0.0 20.6 25.5 49.2 67.9 80.8 28.6 41.2 35.4 54.8 68.9 40.4 48.8 19.4 55.0 50.0 15.5 43.5 36.7 
60.2 43.5 27.8 43.4 33.4 21.1 46.0 28.8 38.0 37.9 27.7 37.2 47.4 58.9 24.8 32.6 48.4 41.0 8.0 20.6 0.0 22.0 29.2 51.6 62.2 49.2 48.8 20.6 66.0 48.5 59.4 44.4 1.4 54.6 30.1 5.1 50.9 53.0 
49.4 39.3 18.0 54.2 22.4 28.3 35.4 15.1 42.5 19.1 39.6 59.2 69.4 80.1 43.1 28.9 69.4 45.2 23.1 25.5 22.0 0.0 45.2 71.7 79.6 48.3 65.2 42.4 80.1 61.0 50.0 65.8 21.0 75.0 36.4 21.4 67.4 39.9 
58.5 72.4 37.9 17.5 41.2 49.0 47.7 56.6 65.0 52.6 9.2 30.4 37.2 40.2 42.1 61.8 50.6 67.9 36.2 49.2 29.2 45.2 0.0 29.1 34.4 77.5 63.6 20.6 82.3 20.2 88.5 45.6 30.5 58.6 18.7 34.0 65.1 81.7 
85.9 90.6 66.8 36.2 70.3 66.5 76.2 80.5 79.1 81.4 38.0 24.0 21.2 12.5 51.1 81.3 42.0 81.5 56.2 67.9 51.6 71.7 29.1 0.0 18.0 93.0 64.0 32.6 81.2 31.6 108.2 38.0 53.0 49.4 47.1 55.2 64.6 103.9 
83.0 104.0 70.8 32.1 73.1 79.9 76.0 90.6 93.9 85.6 41.1 41.4 39.2 26.8 66.9 94.0 60.1 96.6 68.2 80.8 62.2 79.6 34.4 18.0 0.0 107.5 81.6 46.1 99.1 25.0 121.0 56.0 63.7 67.4 48.4 66.6 82.4 115.3 
97.4 10.0 65.9 92.6 70.6 28.5 83.7 34.5 14.1 65.0 76.9 70.8 79.2 95.5 42.4 19.4 65.9 12.2 41.5 28.6 49.2 48.3 77.5 93.0 107.5 0.0 45.6 61.4 49.4 97.4 21.1 65.5 48.1 66.3 78.4 44.1 47.3 27.9 
109.0 50.2 76.4 81.0 82.0 38.1 94.8 60.4 34.1 84.1 68.5 40.2 44.3 61.1 24.2 48.5 24.7 34.4 43.3 41.2 48.8 65.2 63.6 64.0 81.6 45.6 0.0 43.0 18.7 82.4 66.5 26.9 48.8 22.0 75.2 46.0 2.2 70.0 
72.1 58.3 43.7 38.1 48.7 34.1 59.1 48.8 47.9 56.4 26.1 17.0 27.0 38.5 22.1 48.8 32.8 50.6 23.9 35.4 20.6 42.4 20.6 32.6 46.1 61.4 43.0 0.0 61.7 40.0 75.7 28.0 21.8 40.4 34.0 23.3 44.6 71.4 
126.0 56.8 93.0 99.7 98.6 51.9 111.7 72.7 42.2 99.2 87.1 58.0 60.7 76.9 42.1 58.6 39.8 41.1 59.7 54.8 66.0 80.1 82.3 81.2 99.1 49.4 18.7 61.7 0.0 101.0 70.1 43.3 65.8 34.2 93.5 62.6 17.3 76.7 
58.0 91.9 48.8 7.6 50.1 69.0 51.4 74.1 85.1 63.3 21.6 45.2 48.6 44.1 62.0 81.0 66.2 88.1 56.0 68.9 48.5 61.0 20.2 31.6 25.0 97.4 82.4 40.0 101.0 0.0 107.4 61.3 49.8 74.2 25.8 53.5 83.7 99.6 
95.3 18.0 67.7 101.6 71.3 41.7 83.0 34.9 33.2 62.1 85.9 87.6 96.8 112.3 59.9 27.0 85.5 32.3 52.8 40.4 59.4 50.0 88.5 108.2 121.0 21.1 66.5 75.7 70.1 107.4 0.0 84.5 58.0 86.6 85.1 54.6 68.2 13.0 
100.1 66.6 70.8 61.9 76.1 46.1 87.0 67.2 51.6 82.3 53.0 16.2 17.5 34.2 25.7 60.7 5.0 53.3 43.1 48.8 44.4 65.8 45.6 38.0 56.0 65.5 26.9 28.0 43.3 61.3 84.5 0.0 45.1 13.0 61.6 44.4 27.2 84.4 
60.3 42.2 27.7 44.6 33.3 20.0 46.0 27.5 37.0 37.3 28.9 38.3 48.5 60.2 24.8 31.3 49.0 40.0 7.1 19.4 1.4 21.0 30.5 53.0 63.7 48.1 48.8 21.8 65.8 49.8 58.0 45.1 0.0 55.2 31.1 4.0 50.9 51.6 
112.2 69.4 81.9 74.9 87.3 52.0 98.7 74.2 53.5 92.5 65.9 29.1 28.2 43.3 32.4 65.4 8.1 54.4 51.9 55.0 54.6 75.0 58.6 49.4 67.4 66.3 22.0 40.4 34.2 74.2 86.6 13.0 55.2 0.0 74.2 53.8 21.2 88.5 
39.9 71.4 23.0 18.4 24.7 51.0 29.2 50.6 68.0 37.6 9.5 47.7 55.5 58.7 51.5 60.2 66.5 71.0 38.1 50.0 30.1 36.4 18.7 47.1 48.4 78.4 75.2 34.0 93.5 25.8 85.1 61.6 31.1 74.2 0.0 35.1 77.0 76.0 
63.4 38.5 30.4 48.5 36.1 16.0 49.0 25.5 33.0 38.9 32.8 39.1 49.2 61.7 22.5 27.8 48.1 36.0 3.2 15.5 5.1 21.4 34.0 55.2 66.6 44.1 46.0 23.3 62.6 53.5 54.6 44.4 4.0 53.8 35.1 0.0 48.2 48.8 
111.1 52.1 78.5 82.6 84.2 40.3 96.9 62.6 36.0 86.3 70.3 41.0 44.6 61.4 26.2 50.6 24.6 36.2 45.5 43.5 50.9 67.4 65.1 64.6 82.4 47.3 2.2 44.6 17.3 83.7 68.2 27.2 50.9 21.2 77.0 48.2 0.0 72.0 
83.1 20.1 57.0 93.3 60.0 38.9 71.2 25.6 36.0 50.0 77.9 85.1 94.8 109.3 58.9 23.8 86.1 36.1 47.6 36.7 53.0 39.9 81.7 103.9 115.3 27.9 70.0 71.4 76.7 99.6 13.0 84.4 51.6 88.5 76.0 48.8 72.0 0.0 

Routes: 
Route: 0 2 5 19 14 27 18 35 21 0 | Demand: 98.0| Cost: 222.6
Route: 0 4 7 20 32 9 6 0 | Demand: 99.0| Cost: 168.2
Route: 0 10 3 22 24 29 34 0 | Demand: 81.0| Cost: 207.8
Route: 0 11 26 28 36 0 | Demand: 97.0| Cost: 274.5
Route: 0 12 16 33 31 13 23 0 | Demand: 96.0| Cost: 270.0
Route: 0 15 1 8 17 25 30 37 0 | Demand: 99.0| Cost: 237.8

Total cost: 1380.9
Execution time: 0.002

