ClarkeWright Sequential: 
 
Distance Matrix: 
0.0 46.0 71.2 106.4 107.0 104.4 80.6 75.2 81.4 102.3 117.3 47.5 67.5 45.0 73.7 57.2 110.1 10.0 60.0 74.4 84.4 107.0 37.4 92.8 84.7 76.9 26.1 100.2 14.0 40.4 96.4 8.6 50.4 
46.0 0.0 26.4 60.8 61.1 59.2 34.7 31.0 36.7 56.6 71.8 12.7 43.0 35.5 28.0 14.0 64.6 39.7 24.7 30.1 41.5 61.9 23.3 49.3 55.2 42.4 21.5 57.7 36.4 5.8 68.4 37.5 31.1 
71.2 26.4 0.0 35.4 39.0 40.4 14.0 5.0 10.3 36.1 46.1 25.0 37.6 45.4 5.1 14.1 38.9 63.7 20.0 4.0 16.0 35.8 39.4 37.1 60.2 46.1 45.3 46.1 62.6 32.2 53.2 62.6 50.4 
106.4 60.8 35.4 0.0 14.9 24.2 27.3 32.0 25.6 18.9 11.2 60.2 62.6 77.8 32.8 49.5 4.1 99.0 52.0 32.6 26.6 5.7 74.2 35.7 71.6 60.2 80.7 40.3 97.1 66.6 61.8 97.8 77.4 
107.0 61.1 39.0 14.9 0.0 9.8 26.6 37.4 31.6 6.1 20.9 63.5 72.1 84.1 34.9 52.4 17.2 100.6 58.2 37.6 36.0 20.5 78.3 24.0 60.1 50.4 82.2 26.6 96.2 66.6 75.3 98.6 71.6 
104.4 59.2 40.4 24.2 9.8 0.0 26.7 40.0 35.1 5.8 30.7 63.6 76.2 85.7 35.7 52.5 26.9 98.8 60.4 40.0 41.2 29.8 78.4 15.5 51.0 42.2 80.6 16.8 92.8 64.4 82.3 96.3 65.5 
80.6 34.7 14.0 27.3 26.6 26.7 0.0 14.9 12.7 22.8 38.5 37.2 51.2 59.0 9.1 26.0 31.4 74.0 34.0 14.6 21.3 29.8 52.0 23.8 52.0 38.5 55.6 32.6 70.4 40.3 63.3 72.2 50.6 
75.2 31.0 5.0 32.0 37.4 40.0 14.9 0.0 6.4 35.2 42.4 28.3 36.5 46.8 7.8 18.0 35.4 67.4 20.9 1.0 11.0 31.9 42.2 38.6 64.0 50.0 49.2 47.4 67.1 36.8 49.5 66.6 55.3 
81.4 36.7 10.3 25.6 31.6 35.1 12.7 6.4 0.0 30.0 36.1 34.7 41.0 52.9 10.0 24.2 29.0 73.7 26.9 7.1 8.6 25.6 48.6 35.8 64.4 50.6 55.4 44.3 72.9 42.5 50.6 72.8 59.0 
102.3 56.6 36.1 18.9 6.1 5.8 22.8 35.2 30.0 0.0 26.5 60.0 71.0 81.5 31.6 48.8 21.9 96.3 55.9 35.4 35.7 24.4 74.8 18.0 54.2 44.3 77.9 21.5 91.2 62.0 76.6 94.0 65.7 
117.3 71.8 46.1 11.2 20.9 30.7 38.5 42.4 36.1 26.5 0.0 70.7 70.2 87.1 43.8 60.2 7.2 109.7 61.6 43.1 35.5 10.8 84.4 44.4 80.6 70.0 91.4 47.4 108.2 77.7 65.2 108.7 88.3 
47.5 12.7 25.0 60.2 63.5 63.6 37.2 28.3 34.7 60.0 70.7 0.0 30.5 24.3 28.7 11.2 63.7 39.2 14.0 27.6 36.9 60.1 14.9 56.3 67.1 53.9 21.5 65.2 41.2 15.2 57.0 38.9 43.6 
67.5 43.0 37.6 62.6 72.1 76.2 51.2 36.5 41.0 71.0 70.2 30.5 0.0 23.4 42.7 33.4 64.6 57.6 20.0 36.7 36.3 59.8 31.1 74.7 94.4 80.4 45.4 83.7 66.3 45.7 29.0 60.1 74.1 
45.0 35.5 45.4 77.8 84.1 85.7 59.0 46.8 52.9 81.5 87.1 24.3 23.4 0.0 50.0 34.0 80.6 35.0 26.0 46.5 51.6 76.3 13.5 80.0 90.6 77.8 26.9 89.0 46.2 35.0 51.8 38.3 63.4 
73.7 28.0 5.1 32.8 34.9 35.7 9.1 7.8 10.0 31.6 43.8 28.7 42.7 50.0 0.0 17.5 36.6 66.5 25.0 7.1 17.7 34.0 43.4 32.0 56.2 42.2 48.1 41.0 64.4 33.8 57.3 65.1 49.0 
57.2 14.0 14.1 49.5 52.4 52.5 26.0 18.0 24.2 48.8 60.2 11.2 33.4 34.0 17.5 0.0 53.1 49.5 13.5 17.2 27.9 49.8 26.0 46.0 61.0 47.2 31.2 55.0 49.2 19.4 55.9 48.6 43.1 
110.1 64.6 38.9 4.1 17.2 26.9 31.4 35.4 29.0 21.9 7.2 63.7 64.6 80.6 36.6 53.1 0.0 102.6 54.9 36.1 29.1 5.0 77.5 39.3 75.3 64.1 84.3 43.4 101.0 70.5 62.0 101.5 81.5 
10.0 39.7 63.7 99.0 100.6 98.8 74.0 67.4 73.7 96.3 109.7 39.2 57.6 35.0 66.5 49.5 102.6 0.0 51.0 66.6 76.0 99.2 27.9 88.1 84.0 74.8 18.4 96.0 16.6 34.5 86.5 5.8 50.2 
60.0 24.7 20.0 52.0 58.2 60.4 34.0 20.9 26.9 55.9 61.6 14.0 20.0 26.0 25.0 13.5 54.9 51.0 0.0 20.6 26.2 50.8 23.6 56.6 74.4 60.5 34.5 65.6 54.9 28.6 43.7 51.6 55.5 
74.4 30.1 4.0 32.6 37.6 40.0 14.6 1.0 7.1 35.4 43.1 27.6 36.7 46.5 7.1 17.2 36.1 66.6 20.6 0.0 12.0 32.6 41.6 38.3 63.3 49.2 48.4 47.1 66.2 35.8 50.2 65.8 54.3 
84.4 41.5 16.0 26.6 36.0 41.2 21.3 11.0 8.6 35.7 35.5 36.9 36.3 51.6 17.7 27.9 29.1 76.0 26.2 12.0 0.0 24.7 49.5 43.8 72.9 59.2 58.3 52.0 77.1 47.1 42.4 75.8 66.3 
107.0 61.9 35.8 5.7 20.5 29.8 29.8 31.9 25.6 24.4 10.8 60.1 59.8 76.3 34.0 49.8 5.0 99.2 50.8 32.6 24.7 0.0 73.7 40.9 76.4 64.6 81.1 45.8 98.3 67.7 57.1 98.4 80.4 
37.4 23.3 39.4 74.2 78.3 78.4 52.0 42.2 48.6 74.8 84.4 14.9 31.1 13.5 43.4 26.0 77.5 27.9 23.6 41.6 49.5 73.7 0.0 70.9 78.1 65.7 14.6 79.6 35.2 21.9 60.0 29.4 50.0 
92.8 49.3 37.1 35.7 24.0 15.5 23.8 38.6 35.8 18.0 44.4 56.3 74.7 80.0 32.0 46.0 39.3 88.1 56.6 38.3 43.8 40.9 70.9 0.0 36.2 26.7 70.6 9.1 80.4 53.9 86.3 85.0 50.8 
84.7 55.2 60.2 71.6 60.1 51.0 52.0 64.0 64.4 54.2 80.6 67.1 94.4 90.6 56.2 61.0 75.3 84.0 74.4 63.3 72.9 76.4 78.1 36.2 0.0 14.1 70.9 35.4 70.7 56.3 113.4 79.1 34.4 
76.9 42.4 46.1 60.2 50.4 42.2 38.5 50.0 50.6 44.3 70.0 53.9 80.4 77.8 42.2 47.2 64.1 74.8 60.5 49.2 59.2 64.6 65.7 26.7 14.1 0.0 60.0 29.2 63.2 44.4 99.2 70.4 28.3 
26.1 21.5 45.3 80.7 82.2 80.6 55.6 49.2 55.4 77.9 91.4 21.5 45.4 26.9 48.1 31.2 84.3 18.4 34.5 48.4 58.3 81.1 14.6 70.6 70.9 60.0 0.0 78.7 21.0 16.8 74.2 17.5 39.4 
100.2 57.7 46.1 40.3 26.6 16.8 32.6 47.4 44.3 21.5 47.4 65.2 83.7 89.0 41.0 55.0 43.4 96.0 65.6 47.1 52.0 45.8 79.6 9.1 35.4 29.2 78.7 0.0 87.5 62.0 94.3 92.6 55.9 
14.0 36.4 62.6 97.1 96.2 92.8 70.4 67.1 72.9 91.2 108.2 41.2 66.3 46.2 64.4 49.2 101.0 16.6 54.9 66.2 77.1 98.3 35.2 80.4 70.7 63.2 21.0 87.5 0.0 30.5 95.1 10.8 36.3 
40.4 5.8 32.2 66.6 66.6 64.4 40.3 36.8 42.5 62.0 77.7 15.2 45.7 35.0 33.8 19.4 70.5 34.5 28.6 35.8 47.1 67.7 21.9 53.9 56.3 44.4 16.8 62.0 30.5 0.0 72.1 32.0 29.0 
96.4 68.4 53.2 61.8 75.3 82.3 63.3 49.5 50.6 76.6 65.2 57.0 29.0 51.8 57.3 55.9 62.0 86.5 43.7 50.2 42.4 57.1 60.0 86.3 113.4 99.2 74.2 94.3 95.1 72.1 0.0 89.1 98.9 
8.6 37.5 62.6 97.8 98.6 96.3 72.2 66.6 72.8 94.0 108.7 38.9 60.1 38.3 65.1 48.6 101.5 5.8 51.6 65.8 75.8 98.4 29.4 85.0 79.1 70.4 17.5 92.6 10.8 32.0 89.1 0.0 45.0 
50.4 31.1 50.4 77.4 71.6 65.5 50.6 55.3 59.0 65.7 88.3 43.6 74.1 63.4 49.0 43.1 81.5 50.2 55.5 54.3 66.3 80.4 50.0 50.8 34.4 28.3 39.4 55.9 36.3 29.0 98.9 45.0 0.0 

Routes: 
Route: 0 1 4 6 9 14 3 10 16 11 0 | Demand: 100.0| Cost: 350.5
Route: 0 2 21 8 19 7 20 32 0 | Demand: 97.0| Cost: 268.4
Route: 0 5 27 23 25 24 15 0 | Demand: 96.0| Cost: 289.3
Route: 0 12 30 18 33 26 17 0 | Demand: 100.0| Cost: 205.2
Route: 0 13 22 0 | Demand: 91.0| Cost: 95.9
Route: 0 28 29 31 0 | Demand: 57.0| Cost: 85.1

Total cost: 1294.4
Execution time: 0.006

-----------------------------------------

ClarkeWright Parallel: 
 
Distance Matrix: 
0.0 46.0 71.2 106.4 107.0 104.4 80.6 75.2 81.4 102.3 117.3 47.5 67.5 45.0 73.7 57.2 110.1 10.0 60.0 74.4 84.4 107.0 37.4 92.8 84.7 76.9 26.1 100.2 14.0 40.4 96.4 8.6 50.4 
46.0 0.0 26.4 60.8 61.1 59.2 34.7 31.0 36.7 56.6 71.8 12.7 43.0 35.5 28.0 14.0 64.6 39.7 24.7 30.1 41.5 61.9 23.3 49.3 55.2 42.4 21.5 57.7 36.4 5.8 68.4 37.5 31.1 
71.2 26.4 0.0 35.4 39.0 40.4 14.0 5.0 10.3 36.1 46.1 25.0 37.6 45.4 5.1 14.1 38.9 63.7 20.0 4.0 16.0 35.8 39.4 37.1 60.2 46.1 45.3 46.1 62.6 32.2 53.2 62.6 50.4 
106.4 60.8 35.4 0.0 14.9 24.2 27.3 32.0 25.6 18.9 11.2 60.2 62.6 77.8 32.8 49.5 4.1 99.0 52.0 32.6 26.6 5.7 74.2 35.7 71.6 60.2 80.7 40.3 97.1 66.6 61.8 97.8 77.4 
107.0 61.1 39.0 14.9 0.0 9.8 26.6 37.4 31.6 6.1 20.9 63.5 72.1 84.1 34.9 52.4 17.2 100.6 58.2 37.6 36.0 20.5 78.3 24.0 60.1 50.4 82.2 26.6 96.2 66.6 75.3 98.6 71.6 
104.4 59.2 40.4 24.2 9.8 0.0 26.7 40.0 35.1 5.8 30.7 63.6 76.2 85.7 35.7 52.5 26.9 98.8 60.4 40.0 41.2 29.8 78.4 15.5 51.0 42.2 80.6 16.8 92.8 64.4 82.3 96.3 65.5 
80.6 34.7 14.0 27.3 26.6 26.7 0.0 14.9 12.7 22.8 38.5 37.2 51.2 59.0 9.1 26.0 31.4 74.0 34.0 14.6 21.3 29.8 52.0 23.8 52.0 38.5 55.6 32.6 70.4 40.3 63.3 72.2 50.6 
75.2 31.0 5.0 32.0 37.4 40.0 14.9 0.0 6.4 35.2 42.4 28.3 36.5 46.8 7.8 18.0 35.4 67.4 20.9 1.0 11.0 31.9 42.2 38.6 64.0 50.0 49.2 47.4 67.1 36.8 49.5 66.6 55.3 
81.4 36.7 10.3 25.6 31.6 35.1 12.7 6.4 0.0 30.0 36.1 34.7 41.0 52.9 10.0 24.2 29.0 73.7 26.9 7.1 8.6 25.6 48.6 35.8 64.4 50.6 55.4 44.3 72.9 42.5 50.6 72.8 59.0 
102.3 56.6 36.1 18.9 6.1 5.8 22.8 35.2 30.0 0.0 26.5 60.0 71.0 81.5 31.6 48.8 21.9 96.3 55.9 35.4 35.7 24.4 74.8 18.0 54.2 44.3 77.9 21.5 91.2 62.0 76.6 94.0 65.7 
117.3 71.8 46.1 11.2 20.9 30.7 38.5 42.4 36.1 26.5 0.0 70.7 70.2 87.1 43.8 60.2 7.2 109.7 61.6 43.1 35.5 10.8 84.4 44.4 80.6 70.0 91.4 47.4 108.2 77.7 65.2 108.7 88.3 
47.5 12.7 25.0 60.2 63.5 63.6 37.2 28.3 34.7 60.0 70.7 0.0 30.5 24.3 28.7 11.2 63.7 39.2 14.0 27.6 36.9 60.1 14.9 56.3 67.1 53.9 21.5 65.2 41.2 15.2 57.0 38.9 43.6 
67.5 43.0 37.6 62.6 72.1 76.2 51.2 36.5 41.0 71.0 70.2 30.5 0.0 23.4 42.7 33.4 64.6 57.6 20.0 36.7 36.3 59.8 31.1 74.7 94.4 80.4 45.4 83.7 66.3 45.7 29.0 60.1 74.1 
45.0 35.5 45.4 77.8 84.1 85.7 59.0 46.8 52.9 81.5 87.1 24.3 23.4 0.0 50.0 34.0 80.6 35.0 26.0 46.5 51.6 76.3 13.5 80.0 90.6 77.8 26.9 89.0 46.2 35.0 51.8 38.3 63.4 
73.7 28.0 5.1 32.8 34.9 35.7 9.1 7.8 10.0 31.6 43.8 28.7 42.7 50.0 0.0 17.5 36.6 66.5 25.0 7.1 17.7 34.0 43.4 32.0 56.2 42.2 48.1 41.0 64.4 33.8 57.3 65.1 49.0 
57.2 14.0 14.1 49.5 52.4 52.5 26.0 18.0 24.2 48.8 60.2 11.2 33.4 34.0 17.5 0.0 53.1 49.5 13.5 17.2 27.9 49.8 26.0 46.0 61.0 47.2 31.2 55.0 49.2 19.4 55.9 48.6 43.1 
110.1 64.6 38.9 4.1 17.2 26.9 31.4 35.4 29.0 21.9 7.2 63.7 64.6 80.6 36.6 53.1 0.0 102.6 54.9 36.1 29.1 5.0 77.5 39.3 75.3 64.1 84.3 43.4 101.0 70.5 62.0 101.5 81.5 
10.0 39.7 63.7 99.0 100.6 98.8 74.0 67.4 73.7 96.3 109.7 39.2 57.6 35.0 66.5 49.5 102.6 0.0 51.0 66.6 76.0 99.2 27.9 88.1 84.0 74.8 18.4 96.0 16.6 34.5 86.5 5.8 50.2 
60.0 24.7 20.0 52.0 58.2 60.4 34.0 20.9 26.9 55.9 61.6 14.0 20.0 26.0 25.0 13.5 54.9 51.0 0.0 20.6 26.2 50.8 23.6 56.6 74.4 60.5 34.5 65.6 54.9 28.6 43.7 51.6 55.5 
74.4 30.1 4.0 32.6 37.6 40.0 14.6 1.0 7.1 35.4 43.1 27.6 36.7 46.5 7.1 17.2 36.1 66.6 20.6 0.0 12.0 32.6 41.6 38.3 63.3 49.2 48.4 47.1 66.2 35.8 50.2 65.8 54.3 
84.4 41.5 16.0 26.6 36.0 41.2 21.3 11.0 8.6 35.7 35.5 36.9 36.3 51.6 17.7 27.9 29.1 76.0 26.2 12.0 0.0 24.7 49.5 43.8 72.9 59.2 58.3 52.0 77.1 47.1 42.4 75.8 66.3 
107.0 61.9 35.8 5.7 20.5 29.8 29.8 31.9 25.6 24.4 10.8 60.1 59.8 76.3 34.0 49.8 5.0 99.2 50.8 32.6 24.7 0.0 73.7 40.9 76.4 64.6 81.1 45.8 98.3 67.7 57.1 98.4 80.4 
37.4 23.3 39.4 74.2 78.3 78.4 52.0 42.2 48.6 74.8 84.4 14.9 31.1 13.5 43.4 26.0 77.5 27.9 23.6 41.6 49.5 73.7 0.0 70.9 78.1 65.7 14.6 79.6 35.2 21.9 60.0 29.4 50.0 
92.8 49.3 37.1 35.7 24.0 15.5 23.8 38.6 35.8 18.0 44.4 56.3 74.7 80.0 32.0 46.0 39.3 88.1 56.6 38.3 43.8 40.9 70.9 0.0 36.2 26.7 70.6 9.1 80.4 53.9 86.3 85.0 50.8 
84.7 55.2 60.2 71.6 60.1 51.0 52.0 64.0 64.4 54.2 80.6 67.1 94.4 90.6 56.2 61.0 75.3 84.0 74.4 63.3 72.9 76.4 78.1 36.2 0.0 14.1 70.9 35.4 70.7 56.3 113.4 79.1 34.4 
76.9 42.4 46.1 60.2 50.4 42.2 38.5 50.0 50.6 44.3 70.0 53.9 80.4 77.8 42.2 47.2 64.1 74.8 60.5 49.2 59.2 64.6 65.7 26.7 14.1 0.0 60.0 29.2 63.2 44.4 99.2 70.4 28.3 
26.1 21.5 45.3 80.7 82.2 80.6 55.6 49.2 55.4 77.9 91.4 21.5 45.4 26.9 48.1 31.2 84.3 18.4 34.5 48.4 58.3 81.1 14.6 70.6 70.9 60.0 0.0 78.7 21.0 16.8 74.2 17.5 39.4 
100.2 57.7 46.1 40.3 26.6 16.8 32.6 47.4 44.3 21.5 47.4 65.2 83.7 89.0 41.0 55.0 43.4 96.0 65.6 47.1 52.0 45.8 79.6 9.1 35.4 29.2 78.7 0.0 87.5 62.0 94.3 92.6 55.9 
14.0 36.4 62.6 97.1 96.2 92.8 70.4 67.1 72.9 91.2 108.2 41.2 66.3 46.2 64.4 49.2 101.0 16.6 54.9 66.2 77.1 98.3 35.2 80.4 70.7 63.2 21.0 87.5 0.0 30.5 95.1 10.8 36.3 
40.4 5.8 32.2 66.6 66.6 64.4 40.3 36.8 42.5 62.0 77.7 15.2 45.7 35.0 33.8 19.4 70.5 34.5 28.6 35.8 47.1 67.7 21.9 53.9 56.3 44.4 16.8 62.0 30.5 0.0 72.1 32.0 29.0 
96.4 68.4 53.2 61.8 75.3 82.3 63.3 49.5 50.6 76.6 65.2 57.0 29.0 51.8 57.3 55.9 62.0 86.5 43.7 50.2 42.4 57.1 60.0 86.3 113.4 99.2 74.2 94.3 95.1 72.1 0.0 89.1 98.9 
8.6 37.5 62.6 97.8 98.6 96.3 72.2 66.6 72.8 94.0 108.7 38.9 60.1 38.3 65.1 48.6 101.5 5.8 51.6 65.8 75.8 98.4 29.4 85.0 79.1 70.4 17.5 92.6 10.8 32.0 89.1 0.0 45.0 
50.4 31.1 50.4 77.4 71.6 65.5 50.6 55.3 59.0 65.7 88.3 43.6 74.1 63.4 49.0 43.1 81.5 50.2 55.5 54.3 66.3 80.4 50.0 50.8 34.4 28.3 39.4 55.9 36.3 29.0 98.9 45.0 0.0 

Routes: 
Route: 0 1 11 4 3 10 16 21 9 5 6 0 | Demand: 100.0| Cost: 298.0
Route: 0 2 25 24 23 27 32 0 | Demand: 93.0| Cost: 283.0
Route: 0 7 8 20 19 14 15 0 | Demand: 100.0| Cost: 184.0
Route: 0 13 22 17 0 | Demand: 98.0| Cost: 96.4
Route: 0 26 18 12 30 33 0 | Demand: 93.0| Cost: 215.4
Route: 0 28 29 31 0 | Demand: 57.0| Cost: 85.1

Total cost: 1161.9
Execution time: 0.002

