ClarkeWright Sequential: 
 
Distance Matrix: 
0.0 36.9 46.5 85.9 92.3 37.9 67.5 83.6 80.4 56.4 44.4 72.1 60.0 38.2 85.2 36.5 58.1 75.3 67.9 41.6 24.0 45.6 48.0 93.4 41.2 92.8 2.8 84.4 107.7 100.0 55.8 72.0 41.2 75.3 26.9 104.7 104.7 96.7 121.2 
36.9 0.0 37.6 70.0 88.5 4.0 62.0 47.4 77.3 22.8 18.0 61.2 27.2 19.7 48.4 2.0 45.1 69.6 40.5 16.1 14.4 43.3 14.4 86.3 41.2 69.0 34.5 52.8 73.8 63.2 51.0 36.5 32.2 65.5 18.9 76.2 85.2 61.1 95.9 
46.5 37.6 0.0 39.4 51.4 34.0 24.7 59.2 39.8 34.0 22.6 26.3 34.2 17.9 69.9 39.4 11.7 32.6 30.3 22.8 42.2 8.2 50.5 50.2 10.2 48.2 43.9 48.7 73.3 81.0 13.4 65.6 6.0 30.1 24.0 62.8 58.3 68.0 76.4 
85.9 70.0 39.4 0.0 31.3 66.0 25.1 63.8 28.1 53.9 52.0 15.6 50.6 52.6 80.0 72.0 27.9 22.4 34.9 54.0 78.9 41.6 78.9 24.4 46.0 20.4 83.3 42.5 60.2 84.9 32.6 84.1 44.9 15.2 62.1 38.2 19.8 64.4 42.0 
92.3 88.5 51.4 31.3 0.0 84.8 26.7 93.5 12.0 78.2 71.7 28.8 76.0 69.0 108.9 90.4 43.9 19.0 62.3 72.8 93.4 48.2 100.3 8.0 52.0 51.3 90.2 73.2 91.4 115.3 38.5 110.4 57.3 24.4 75.0 68.4 42.0 95.4 66.1 
37.9 4.0 34.0 66.0 84.8 0.0 58.3 45.7 73.5 19.8 14.0 57.3 24.1 16.1 48.0 6.0 41.2 65.8 36.8 12.2 17.0 40.0 17.0 82.5 38.2 65.1 35.4 49.7 71.2 62.5 47.4 37.4 28.8 61.6 17.1 72.7 81.2 59.1 92.2 
67.5 62.0 24.7 25.1 26.7 58.3 0.0 73.4 15.2 53.8 45.7 10.2 52.3 42.4 87.2 63.9 18.4 8.0 41.2 46.5 66.8 22.1 74.2 26.1 26.3 42.8 65.1 56.3 78.6 95.8 12.0 86.4 30.6 10.0 48.4 60.5 44.4 78.4 67.1 
83.6 47.4 59.2 63.8 93.5 45.7 73.4 0.0 86.0 28.3 42.2 66.0 26.0 50.2 17.1 48.4 56.5 77.7 32.2 44.4 61.8 67.5 42.4 87.7 68.7 49.2 81.0 22.4 29.5 22.4 68.4 28.6 58.3 70.0 59.2 44.2 68.0 14.1 66.1 
80.4 77.3 39.8 28.1 12.0 73.5 15.2 86.0 0.0 68.4 60.8 20.0 66.6 57.6 100.7 79.1 33.3 8.5 54.0 61.7 81.6 36.2 89.4 14.4 40.0 48.4 78.2 67.1 87.4 108.2 26.7 100.9 45.6 16.1 63.2 66.3 43.7 89.4 67.9 
56.4 22.8 34.0 53.9 78.2 19.8 53.8 28.3 68.4 0.0 14.0 49.4 4.5 22.0 36.1 24.4 35.4 60.0 20.0 16.1 36.8 42.0 26.1 74.2 42.4 48.4 53.7 30.0 51.6 48.4 45.6 32.6 31.6 53.9 31.0 53.7 66.0 40.5 74.0 
44.4 18.0 22.6 52.0 71.7 14.0 45.7 42.2 60.8 14.0 0.0 43.7 16.5 8.0 49.5 20.0 27.9 52.8 24.4 2.8 28.6 30.0 28.6 69.0 29.5 52.0 41.6 40.0 63.5 62.3 35.6 43.3 18.9 48.1 17.9 61.2 67.5 53.9 79.6 
72.1 61.2 26.3 15.6 28.8 57.3 10.2 66.0 20.0 49.4 43.7 0.0 47.2 42.2 80.7 63.2 16.1 11.7 34.1 45.1 68.0 26.8 72.1 25.3 31.3 32.6 69.6 47.5 69.1 88.2 17.2 81.6 32.2 4.5 50.2 50.4 35.4 69.9 57.3 
60.0 27.2 34.2 50.6 76.0 24.1 52.3 26.0 66.6 4.5 16.5 47.2 0.0 24.3 35.8 28.8 34.1 58.1 16.1 19.0 41.0 42.4 30.3 71.7 43.2 44.2 57.3 25.6 47.7 47.1 44.9 34.4 32.6 51.6 34.2 49.2 62.0 37.4 69.6 
38.2 19.7 17.9 52.6 69.0 16.1 42.4 50.2 57.6 22.0 8.0 42.2 24.3 0.0 57.3 21.5 26.1 50.0 29.7 6.3 26.3 24.1 32.8 67.1 22.8 55.6 35.4 46.6 70.7 70.3 31.3 50.1 12.8 46.4 11.3 66.5 69.6 61.6 83.8 
85.2 48.4 69.9 80.0 108.9 48.0 87.2 17.1 100.7 36.1 49.5 80.7 35.8 57.3 0.0 48.7 69.3 92.2 46.7 51.0 61.6 78.0 38.6 103.5 78.4 66.2 82.9 39.4 42.8 15.2 80.6 17.0 67.7 84.9 64.1 60.8 85.1 26.3 82.6 
36.5 2.0 39.4 72.0 90.4 6.0 63.9 48.4 79.1 24.4 20.0 63.2 28.8 21.5 48.7 0.0 47.1 71.5 42.4 18.1 13.4 44.9 13.4 88.3 42.8 70.9 34.2 54.4 75.1 63.6 52.8 36.2 34.0 67.5 20.0 77.9 87.1 62.1 97.7 
58.1 45.1 11.7 27.9 43.9 41.2 18.4 56.5 33.3 35.4 27.9 16.1 34.1 26.1 69.3 47.1 0.0 25.1 24.7 29.1 52.0 16.1 56.5 41.2 20.0 37.2 55.5 42.0 66.1 78.8 12.2 67.9 17.1 20.4 34.5 52.8 46.6 63.2 65.1 
75.3 69.6 32.6 22.4 19.0 65.8 8.0 77.7 8.5 60.0 52.8 11.7 58.1 50.0 92.2 71.5 25.1 0.0 45.6 53.9 74.7 30.1 81.4 18.1 34.2 42.0 73.0 59.1 80.0 99.9 20.0 92.5 38.5 8.2 56.3 60.0 40.2 81.4 63.9 
67.9 40.5 30.3 34.9 62.3 36.8 41.2 32.2 54.0 20.0 24.4 34.1 16.1 29.7 46.7 42.4 24.7 45.6 0.0 27.2 52.8 38.1 46.0 57.2 40.4 28.6 65.1 18.4 43.2 54.6 36.9 49.2 31.6 38.2 41.0 36.9 46.0 38.5 55.5 
41.6 16.1 22.8 54.0 72.8 12.2 46.5 44.4 61.7 16.1 2.8 45.1 19.0 6.3 51.0 18.1 29.1 53.9 27.2 0.0 26.0 29.7 27.8 70.3 28.8 54.6 38.8 42.8 66.2 64.1 36.1 43.9 18.4 49.5 15.2 64.0 69.9 56.3 82.4 
24.0 14.4 42.2 78.9 93.4 17.0 66.8 61.8 81.6 36.8 28.6 68.0 41.0 26.3 61.6 13.4 52.0 74.7 52.8 26.0 0.0 45.6 24.0 92.3 42.4 80.6 22.1 66.6 88.1 76.7 54.9 48.0 36.2 72.0 18.4 89.3 95.6 75.5 108.2 
45.6 43.3 8.2 41.6 48.2 40.0 22.1 67.5 36.2 42.0 30.0 26.8 42.4 24.1 78.0 44.9 16.1 30.1 38.1 29.7 45.6 0.0 56.9 48.2 4.5 53.3 43.2 56.3 80.9 89.3 10.2 73.2 11.3 29.7 27.2 68.9 61.2 76.1 80.9 
48.0 14.4 50.5 78.9 100.3 17.0 74.2 42.4 89.4 26.1 28.6 72.1 30.3 32.8 38.6 13.4 56.5 81.4 46.0 27.8 24.0 56.9 0.0 97.4 55.2 74.4 46.0 53.9 71.2 53.9 63.8 24.1 45.6 76.6 33.3 78.4 92.0 56.6 99.5 
93.4 86.3 50.2 24.4 8.0 82.5 26.1 87.7 14.4 74.2 69.0 25.3 71.7 67.1 103.5 88.3 41.2 18.1 57.2 70.3 92.3 48.2 97.4 0.0 52.3 43.9 91.1 66.8 84.1 109.1 38.1 106.0 56.1 20.9 74.1 60.7 34.0 88.8 58.1 
41.2 41.2 10.2 46.0 52.0 38.2 26.3 68.7 40.0 42.4 29.5 31.3 43.2 22.8 78.4 42.8 20.0 34.2 40.4 28.8 42.4 4.5 55.2 52.3 0.0 57.2 38.8 58.9 83.5 90.2 14.6 72.7 10.8 34.2 24.2 72.5 65.6 78.0 85.0 
92.8 69.0 48.2 20.4 51.3 65.1 42.8 49.2 48.4 48.4 52.0 32.6 44.2 55.6 66.2 70.9 37.2 42.0 28.6 54.6 80.6 53.3 74.4 43.9 57.2 0.0 90.0 26.8 40.2 68.4 46.5 73.8 52.3 34.1 66.6 18.0 19.0 46.7 28.4 
2.8 34.5 43.9 83.3 90.2 35.4 65.1 81.0 78.2 53.7 41.6 69.6 57.3 35.4 82.9 34.2 55.5 73.0 65.1 38.8 22.1 43.2 46.0 91.1 38.8 90.0 0.0 81.6 105.0 97.7 53.4 70.0 38.5 72.8 24.1 101.8 102.0 94.0 118.4 
84.4 52.8 48.7 42.5 73.2 49.7 56.3 22.4 67.1 30.0 40.0 47.5 25.6 46.6 39.4 54.4 42.0 59.1 18.4 42.8 66.6 56.3 53.9 66.8 58.9 26.8 81.6 0.0 24.7 42.4 54.1 48.2 50.0 51.0 57.7 24.7 45.7 22.4 46.4 
107.7 73.8 73.3 60.2 91.4 71.2 78.6 29.5 87.4 51.6 63.5 69.1 47.7 70.7 42.8 75.1 66.1 80.0 43.2 66.2 88.1 80.9 71.2 84.1 83.5 40.2 105.0 24.7 0.0 36.5 78.0 57.6 74.7 71.8 81.4 25.5 55.3 16.5 43.9 
100.0 63.2 81.0 84.9 115.3 62.5 95.8 22.4 108.2 48.4 62.3 88.2 47.1 70.3 15.2 63.6 78.8 99.9 54.6 64.1 76.7 89.3 53.9 109.1 90.2 68.4 97.7 42.4 36.5 0.0 90.6 31.6 79.6 92.1 78.0 59.1 86.5 22.4 79.7 
55.8 51.0 13.4 32.6 38.5 47.4 12.0 68.4 26.7 45.6 35.6 17.2 44.9 31.3 80.6 52.8 12.2 20.0 36.9 36.1 54.9 10.2 63.8 38.1 14.6 46.5 53.4 54.1 78.0 90.6 0.0 77.9 19.0 19.7 36.5 63.2 52.3 75.3 73.2 
72.0 36.5 65.6 84.1 110.4 37.4 86.4 28.6 100.9 32.6 43.3 81.6 34.4 50.1 17.0 36.2 67.9 92.5 49.2 43.9 48.0 73.2 24.1 106.0 72.7 73.8 70.0 48.2 57.6 31.6 77.9 0.0 62.1 86.0 54.4 72.0 92.6 41.2 94.0 
41.2 32.2 6.0 44.9 57.3 28.8 30.6 58.3 45.6 31.6 18.9 32.2 32.6 12.8 67.7 34.0 17.1 38.5 31.6 18.4 36.2 11.3 45.6 56.1 10.8 52.3 38.5 50.0 74.7 79.6 19.0 62.1 0.0 36.1 18.0 66.0 63.5 68.1 80.7 
75.3 65.5 30.1 15.2 24.4 61.6 10.0 70.0 16.1 53.9 48.1 4.5 51.6 46.4 84.9 67.5 20.4 8.2 38.2 49.5 72.0 29.7 76.6 20.9 34.2 34.1 72.8 51.0 71.8 92.1 19.7 86.0 36.1 0.0 54.0 52.0 34.4 73.3 57.3 
26.9 18.9 24.0 62.1 75.0 17.1 48.4 59.2 63.2 31.0 17.9 50.2 34.2 11.3 64.1 20.0 34.5 56.3 41.0 15.2 18.4 27.2 33.3 74.1 24.2 66.6 24.1 57.7 81.4 78.0 36.5 54.4 18.0 54.0 0.0 77.8 79.8 71.5 94.9 
104.7 76.2 62.8 38.2 68.4 72.7 60.5 44.2 66.3 53.7 61.2 50.4 49.2 66.5 60.8 77.9 52.8 60.0 36.9 64.0 89.3 68.9 78.4 60.7 72.5 18.0 101.8 24.7 25.5 59.1 63.2 72.0 66.0 52.0 77.8 0.0 30.0 36.8 22.0 
104.7 85.2 58.3 19.8 42.0 81.2 44.4 68.0 43.7 66.0 67.5 35.4 62.0 69.6 85.1 87.1 46.6 40.2 46.0 69.9 95.6 61.2 92.0 34.0 65.6 19.0 102.0 45.7 55.3 86.5 52.3 92.6 63.5 34.4 79.8 30.0 0.0 64.4 24.3 
96.7 61.1 68.0 64.4 95.4 59.1 78.4 14.1 89.4 40.5 53.9 69.9 37.4 61.6 26.3 62.1 63.2 81.4 38.5 56.3 75.5 76.1 56.6 88.8 78.0 46.7 94.0 22.4 16.5 22.4 75.3 41.2 68.1 73.3 71.5 36.8 64.4 0.0 57.7 
121.2 95.9 76.4 42.0 66.1 92.2 67.1 66.1 67.9 74.0 79.6 57.3 69.6 83.8 82.6 97.7 65.1 63.9 55.5 82.4 108.2 80.9 99.5 58.1 85.0 28.4 118.4 46.4 43.9 79.7 73.2 94.0 80.7 57.3 94.9 22.0 24.3 57.7 0.0 

Routes: 
Route: 0 1 14 29 7 37 31 15 22 9 0 | Demand: 100.0| Cost: 1972.2
Route: 0 2 3 16 36 11 33 38 0 | Demand: 100.0| Cost: 1624.1
Route: 0 4 23 8 17 6 25 18 32 0 | Demand: 100.0| Cost: 1783.3
Route: 0 5 28 12 27 35 10 19 0 | Demand: 100.0| Cost: 1713.4
Route: 0 13 39 30 21 24 34 20 26 0 | Demand: 75.0| Cost: 1034.0

Total cost: 8127.0
<<<<<<< HEAD
Execution time: 0.012
=======
Execution time: 0.01
>>>>>>> 642f4c0247b69c42f8987fec3c7fae7d83e620b9

-----------------------------------------

ClarkeWright Parallel: 
 
Distance Matrix: 
0.0 36.9 46.5 85.9 92.3 37.9 67.5 83.6 80.4 56.4 44.4 72.1 60.0 38.2 85.2 36.5 58.1 75.3 67.9 41.6 24.0 45.6 48.0 93.4 41.2 92.8 2.8 84.4 107.7 100.0 55.8 72.0 41.2 75.3 26.9 104.7 104.7 96.7 121.2 
36.9 0.0 37.6 70.0 88.5 4.0 62.0 47.4 77.3 22.8 18.0 61.2 27.2 19.7 48.4 2.0 45.1 69.6 40.5 16.1 14.4 43.3 14.4 86.3 41.2 69.0 34.5 52.8 73.8 63.2 51.0 36.5 32.2 65.5 18.9 76.2 85.2 61.1 95.9 
46.5 37.6 0.0 39.4 51.4 34.0 24.7 59.2 39.8 34.0 22.6 26.3 34.2 17.9 69.9 39.4 11.7 32.6 30.3 22.8 42.2 8.2 50.5 50.2 10.2 48.2 43.9 48.7 73.3 81.0 13.4 65.6 6.0 30.1 24.0 62.8 58.3 68.0 76.4 
85.9 70.0 39.4 0.0 31.3 66.0 25.1 63.8 28.1 53.9 52.0 15.6 50.6 52.6 80.0 72.0 27.9 22.4 34.9 54.0 78.9 41.6 78.9 24.4 46.0 20.4 83.3 42.5 60.2 84.9 32.6 84.1 44.9 15.2 62.1 38.2 19.8 64.4 42.0 
92.3 88.5 51.4 31.3 0.0 84.8 26.7 93.5 12.0 78.2 71.7 28.8 76.0 69.0 108.9 90.4 43.9 19.0 62.3 72.8 93.4 48.2 100.3 8.0 52.0 51.3 90.2 73.2 91.4 115.3 38.5 110.4 57.3 24.4 75.0 68.4 42.0 95.4 66.1 
37.9 4.0 34.0 66.0 84.8 0.0 58.3 45.7 73.5 19.8 14.0 57.3 24.1 16.1 48.0 6.0 41.2 65.8 36.8 12.2 17.0 40.0 17.0 82.5 38.2 65.1 35.4 49.7 71.2 62.5 47.4 37.4 28.8 61.6 17.1 72.7 81.2 59.1 92.2 
67.5 62.0 24.7 25.1 26.7 58.3 0.0 73.4 15.2 53.8 45.7 10.2 52.3 42.4 87.2 63.9 18.4 8.0 41.2 46.5 66.8 22.1 74.2 26.1 26.3 42.8 65.1 56.3 78.6 95.8 12.0 86.4 30.6 10.0 48.4 60.5 44.4 78.4 67.1 
83.6 47.4 59.2 63.8 93.5 45.7 73.4 0.0 86.0 28.3 42.2 66.0 26.0 50.2 17.1 48.4 56.5 77.7 32.2 44.4 61.8 67.5 42.4 87.7 68.7 49.2 81.0 22.4 29.5 22.4 68.4 28.6 58.3 70.0 59.2 44.2 68.0 14.1 66.1 
80.4 77.3 39.8 28.1 12.0 73.5 15.2 86.0 0.0 68.4 60.8 20.0 66.6 57.6 100.7 79.1 33.3 8.5 54.0 61.7 81.6 36.2 89.4 14.4 40.0 48.4 78.2 67.1 87.4 108.2 26.7 100.9 45.6 16.1 63.2 66.3 43.7 89.4 67.9 
56.4 22.8 34.0 53.9 78.2 19.8 53.8 28.3 68.4 0.0 14.0 49.4 4.5 22.0 36.1 24.4 35.4 60.0 20.0 16.1 36.8 42.0 26.1 74.2 42.4 48.4 53.7 30.0 51.6 48.4 45.6 32.6 31.6 53.9 31.0 53.7 66.0 40.5 74.0 
44.4 18.0 22.6 52.0 71.7 14.0 45.7 42.2 60.8 14.0 0.0 43.7 16.5 8.0 49.5 20.0 27.9 52.8 24.4 2.8 28.6 30.0 28.6 69.0 29.5 52.0 41.6 40.0 63.5 62.3 35.6 43.3 18.9 48.1 17.9 61.2 67.5 53.9 79.6 
72.1 61.2 26.3 15.6 28.8 57.3 10.2 66.0 20.0 49.4 43.7 0.0 47.2 42.2 80.7 63.2 16.1 11.7 34.1 45.1 68.0 26.8 72.1 25.3 31.3 32.6 69.6 47.5 69.1 88.2 17.2 81.6 32.2 4.5 50.2 50.4 35.4 69.9 57.3 
60.0 27.2 34.2 50.6 76.0 24.1 52.3 26.0 66.6 4.5 16.5 47.2 0.0 24.3 35.8 28.8 34.1 58.1 16.1 19.0 41.0 42.4 30.3 71.7 43.2 44.2 57.3 25.6 47.7 47.1 44.9 34.4 32.6 51.6 34.2 49.2 62.0 37.4 69.6 
38.2 19.7 17.9 52.6 69.0 16.1 42.4 50.2 57.6 22.0 8.0 42.2 24.3 0.0 57.3 21.5 26.1 50.0 29.7 6.3 26.3 24.1 32.8 67.1 22.8 55.6 35.4 46.6 70.7 70.3 31.3 50.1 12.8 46.4 11.3 66.5 69.6 61.6 83.8 
85.2 48.4 69.9 80.0 108.9 48.0 87.2 17.1 100.7 36.1 49.5 80.7 35.8 57.3 0.0 48.7 69.3 92.2 46.7 51.0 61.6 78.0 38.6 103.5 78.4 66.2 82.9 39.4 42.8 15.2 80.6 17.0 67.7 84.9 64.1 60.8 85.1 26.3 82.6 
36.5 2.0 39.4 72.0 90.4 6.0 63.9 48.4 79.1 24.4 20.0 63.2 28.8 21.5 48.7 0.0 47.1 71.5 42.4 18.1 13.4 44.9 13.4 88.3 42.8 70.9 34.2 54.4 75.1 63.6 52.8 36.2 34.0 67.5 20.0 77.9 87.1 62.1 97.7 
58.1 45.1 11.7 27.9 43.9 41.2 18.4 56.5 33.3 35.4 27.9 16.1 34.1 26.1 69.3 47.1 0.0 25.1 24.7 29.1 52.0 16.1 56.5 41.2 20.0 37.2 55.5 42.0 66.1 78.8 12.2 67.9 17.1 20.4 34.5 52.8 46.6 63.2 65.1 
75.3 69.6 32.6 22.4 19.0 65.8 8.0 77.7 8.5 60.0 52.8 11.7 58.1 50.0 92.2 71.5 25.1 0.0 45.6 53.9 74.7 30.1 81.4 18.1 34.2 42.0 73.0 59.1 80.0 99.9 20.0 92.5 38.5 8.2 56.3 60.0 40.2 81.4 63.9 
67.9 40.5 30.3 34.9 62.3 36.8 41.2 32.2 54.0 20.0 24.4 34.1 16.1 29.7 46.7 42.4 24.7 45.6 0.0 27.2 52.8 38.1 46.0 57.2 40.4 28.6 65.1 18.4 43.2 54.6 36.9 49.2 31.6 38.2 41.0 36.9 46.0 38.5 55.5 
41.6 16.1 22.8 54.0 72.8 12.2 46.5 44.4 61.7 16.1 2.8 45.1 19.0 6.3 51.0 18.1 29.1 53.9 27.2 0.0 26.0 29.7 27.8 70.3 28.8 54.6 38.8 42.8 66.2 64.1 36.1 43.9 18.4 49.5 15.2 64.0 69.9 56.3 82.4 
24.0 14.4 42.2 78.9 93.4 17.0 66.8 61.8 81.6 36.8 28.6 68.0 41.0 26.3 61.6 13.4 52.0 74.7 52.8 26.0 0.0 45.6 24.0 92.3 42.4 80.6 22.1 66.6 88.1 76.7 54.9 48.0 36.2 72.0 18.4 89.3 95.6 75.5 108.2 
45.6 43.3 8.2 41.6 48.2 40.0 22.1 67.5 36.2 42.0 30.0 26.8 42.4 24.1 78.0 44.9 16.1 30.1 38.1 29.7 45.6 0.0 56.9 48.2 4.5 53.3 43.2 56.3 80.9 89.3 10.2 73.2 11.3 29.7 27.2 68.9 61.2 76.1 80.9 
48.0 14.4 50.5 78.9 100.3 17.0 74.2 42.4 89.4 26.1 28.6 72.1 30.3 32.8 38.6 13.4 56.5 81.4 46.0 27.8 24.0 56.9 0.0 97.4 55.2 74.4 46.0 53.9 71.2 53.9 63.8 24.1 45.6 76.6 33.3 78.4 92.0 56.6 99.5 
93.4 86.3 50.2 24.4 8.0 82.5 26.1 87.7 14.4 74.2 69.0 25.3 71.7 67.1 103.5 88.3 41.2 18.1 57.2 70.3 92.3 48.2 97.4 0.0 52.3 43.9 91.1 66.8 84.1 109.1 38.1 106.0 56.1 20.9 74.1 60.7 34.0 88.8 58.1 
41.2 41.2 10.2 46.0 52.0 38.2 26.3 68.7 40.0 42.4 29.5 31.3 43.2 22.8 78.4 42.8 20.0 34.2 40.4 28.8 42.4 4.5 55.2 52.3 0.0 57.2 38.8 58.9 83.5 90.2 14.6 72.7 10.8 34.2 24.2 72.5 65.6 78.0 85.0 
92.8 69.0 48.2 20.4 51.3 65.1 42.8 49.2 48.4 48.4 52.0 32.6 44.2 55.6 66.2 70.9 37.2 42.0 28.6 54.6 80.6 53.3 74.4 43.9 57.2 0.0 90.0 26.8 40.2 68.4 46.5 73.8 52.3 34.1 66.6 18.0 19.0 46.7 28.4 
2.8 34.5 43.9 83.3 90.2 35.4 65.1 81.0 78.2 53.7 41.6 69.6 57.3 35.4 82.9 34.2 55.5 73.0 65.1 38.8 22.1 43.2 46.0 91.1 38.8 90.0 0.0 81.6 105.0 97.7 53.4 70.0 38.5 72.8 24.1 101.8 102.0 94.0 118.4 
84.4 52.8 48.7 42.5 73.2 49.7 56.3 22.4 67.1 30.0 40.0 47.5 25.6 46.6 39.4 54.4 42.0 59.1 18.4 42.8 66.6 56.3 53.9 66.8 58.9 26.8 81.6 0.0 24.7 42.4 54.1 48.2 50.0 51.0 57.7 24.7 45.7 22.4 46.4 
107.7 73.8 73.3 60.2 91.4 71.2 78.6 29.5 87.4 51.6 63.5 69.1 47.7 70.7 42.8 75.1 66.1 80.0 43.2 66.2 88.1 80.9 71.2 84.1 83.5 40.2 105.0 24.7 0.0 36.5 78.0 57.6 74.7 71.8 81.4 25.5 55.3 16.5 43.9 
100.0 63.2 81.0 84.9 115.3 62.5 95.8 22.4 108.2 48.4 62.3 88.2 47.1 70.3 15.2 63.6 78.8 99.9 54.6 64.1 76.7 89.3 53.9 109.1 90.2 68.4 97.7 42.4 36.5 0.0 90.6 31.6 79.6 92.1 78.0 59.1 86.5 22.4 79.7 
55.8 51.0 13.4 32.6 38.5 47.4 12.0 68.4 26.7 45.6 35.6 17.2 44.9 31.3 80.6 52.8 12.2 20.0 36.9 36.1 54.9 10.2 63.8 38.1 14.6 46.5 53.4 54.1 78.0 90.6 0.0 77.9 19.0 19.7 36.5 63.2 52.3 75.3 73.2 
72.0 36.5 65.6 84.1 110.4 37.4 86.4 28.6 100.9 32.6 43.3 81.6 34.4 50.1 17.0 36.2 67.9 92.5 49.2 43.9 48.0 73.2 24.1 106.0 72.7 73.8 70.0 48.2 57.6 31.6 77.9 0.0 62.1 86.0 54.4 72.0 92.6 41.2 94.0 
41.2 32.2 6.0 44.9 57.3 28.8 30.6 58.3 45.6 31.6 18.9 32.2 32.6 12.8 67.7 34.0 17.1 38.5 31.6 18.4 36.2 11.3 45.6 56.1 10.8 52.3 38.5 50.0 74.7 79.6 19.0 62.1 0.0 36.1 18.0 66.0 63.5 68.1 80.7 
75.3 65.5 30.1 15.2 24.4 61.6 10.0 70.0 16.1 53.9 48.1 4.5 51.6 46.4 84.9 67.5 20.4 8.2 38.2 49.5 72.0 29.7 76.6 20.9 34.2 34.1 72.8 51.0 71.8 92.1 19.7 86.0 36.1 0.0 54.0 52.0 34.4 73.3 57.3 
26.9 18.9 24.0 62.1 75.0 17.1 48.4 59.2 63.2 31.0 17.9 50.2 34.2 11.3 64.1 20.0 34.5 56.3 41.0 15.2 18.4 27.2 33.3 74.1 24.2 66.6 24.1 57.7 81.4 78.0 36.5 54.4 18.0 54.0 0.0 77.8 79.8 71.5 94.9 
104.7 76.2 62.8 38.2 68.4 72.7 60.5 44.2 66.3 53.7 61.2 50.4 49.2 66.5 60.8 77.9 52.8 60.0 36.9 64.0 89.3 68.9 78.4 60.7 72.5 18.0 101.8 24.7 25.5 59.1 63.2 72.0 66.0 52.0 77.8 0.0 30.0 36.8 22.0 
104.7 85.2 58.3 19.8 42.0 81.2 44.4 68.0 43.7 66.0 67.5 35.4 62.0 69.6 85.1 87.1 46.6 40.2 46.0 69.9 95.6 61.2 92.0 34.0 65.6 19.0 102.0 45.7 55.3 86.5 52.3 92.6 63.5 34.4 79.8 30.0 0.0 64.4 24.3 
96.7 61.1 68.0 64.4 95.4 59.1 78.4 14.1 89.4 40.5 53.9 69.9 37.4 61.6 26.3 62.1 63.2 81.4 38.5 56.3 75.5 76.1 56.6 88.8 78.0 46.7 94.0 22.4 16.5 22.4 75.3 41.2 68.1 73.3 71.5 36.8 64.4 0.0 57.7 
121.2 95.9 76.4 42.0 66.1 92.2 67.1 66.1 67.9 74.0 79.6 57.3 69.6 83.8 82.6 97.7 65.1 63.9 55.5 82.4 108.2 80.9 99.5 58.1 85.0 28.4 118.4 46.4 43.9 79.7 73.2 94.0 80.7 57.3 94.9 22.0 24.3 57.7 0.0 

Routes: 
Route: 0 1 9 12 27 14 29 28 37 31 39 0 | Demand: 98.0| Cost: 425.1
Route: 0 5 7 22 10 19 13 0 | Demand: 100.0| Cost: 476.7
Route: 0 6 11 17 4 23 8 33 0 | Demand: 99.0| Cost: 357.2
Route: 0 16 18 3 25 36 35 38 0 | Demand: 100.0| Cost: 446.5
Route: 0 26 24 2 21 30 32 34 15 20 0 | Demand: 78.0| Cost: 170.2

Total cost: 1875.7
Execution time: 0.014

