ClarkeWright Sequential: 
 
Distance Matrix: 
0.0 92.8 76.2 76.0 56.4 84.1 69.3 102.9 47.4 63.8 99.4 38.6 63.2 41.2 99.3 96.6 69.6 52.6 109.1 2.8 73.8 86.6 108.2 54.6 96.5 52.3 20.9 96.9 83.5 92.2 101.4 85.4 96.1 66.2 59.9 92.3 29.7 71.6 66.0 85.9 54.9 90.0 93.6 48.7 99.3 22.4 
92.8 0.0 70.9 54.0 38.4 30.6 24.1 20.6 46.7 40.0 8.2 56.6 38.2 53.7 31.2 17.0 53.0 66.1 26.1 90.0 34.5 52.8 46.6 39.7 6.3 68.1 73.6 25.6 63.6 19.8 63.8 33.0 66.0 28.8 48.0 75.2 69.9 21.3 54.6 16.1 38.2 79.6 52.8 58.9 21.3 73.5 
76.2 70.9 0.0 101.9 66.6 89.3 64.4 91.1 64.9 35.6 71.0 68.9 38.4 48.3 98.4 86.2 18.9 24.1 66.3 74.1 36.8 22.8 48.3 65.3 77.2 24.0 71.4 93.0 11.7 54.3 29.7 92.1 22.8 68.1 29.7 16.1 48.2 62.1 95.3 78.7 61.0 14.6 28.6 31.6 90.6 73.8 
76.0 54.0 101.9 0.0 35.4 24.3 40.2 46.8 39.4 66.8 62.0 41.8 64.0 58.3 35.0 43.2 83.7 84.4 80.1 74.0 70.0 93.3 97.5 36.9 52.2 86.0 56.1 36.8 100.0 69.9 108.2 22.8 107.7 35.0 72.1 112.8 70.9 43.9 10.0 38.0 41.0 115.0 96.6 74.4 42.4 54.0 
56.4 38.4 66.6 35.4 0.0 30.0 14.4 46.5 8.9 32.2 46.0 18.4 29.5 24.7 44.4 40.2 48.8 49.4 60.2 53.7 37.4 60.2 70.0 2.0 41.0 51.1 36.1 41.2 65.5 45.1 75.9 32.1 74.3 10.0 36.9 78.2 40.0 17.9 28.8 29.5 5.7 80.0 64.6 39.4 43.1 35.6 
84.1 30.6 89.3 24.3 30.0 0.0 25.1 23.3 38.2 53.9 38.2 45.6 51.1 54.3 15.2 19.0 70.5 76.6 56.6 81.6 53.8 76.4 76.2 32.0 28.0 78.4 63.2 14.1 85.0 48.3 90.0 2.8 90.7 22.8 60.8 97.7 70.0 27.2 27.8 14.6 34.2 100.9 78.4 67.1 18.9 62.0 
69.3 24.1 64.4 40.2 14.4 25.1 0.0 34.9 22.6 28.8 31.6 32.6 26.1 32.6 36.5 28.6 45.6 51.9 46.2 66.6 30.0 53.3 58.5 15.6 27.2 53.9 49.7 32.1 60.8 32.1 68.0 27.8 67.7 6.0 35.8 73.6 49.0 4.0 36.9 18.1 14.4 76.4 56.4 42.8 32.2 49.5 
102.9 20.6 91.1 46.8 46.5 23.3 34.9 0.0 55.5 58.5 24.1 64.5 56.3 67.5 14.1 6.3 72.8 84.2 41.2 100.2 54.4 73.4 65.3 48.3 14.4 86.2 82.4 10.2 84.1 40.0 84.0 24.2 86.5 36.8 66.5 95.8 84.0 34.2 51.1 17.1 48.7 100.2 73.2 76.0 4.5 81.6 
47.4 46.7 64.9 39.4 8.9 38.2 22.6 55.5 0.0 33.0 54.0 10.0 30.6 18.9 53.0 49.2 48.3 45.3 67.1 44.7 40.0 61.6 74.4 7.2 49.7 46.9 27.2 50.0 65.4 51.3 77.7 40.0 75.3 18.9 35.8 77.8 32.6 25.6 31.2 38.5 8.9 78.9 66.8 35.4 52.0 26.9 
63.8 40.0 35.6 66.8 32.2 53.9 28.8 58.5 33.0 0.0 43.2 40.0 2.8 23.4 63.9 53.0 17.0 26.1 47.2 61.1 10.0 28.6 44.9 31.3 46.0 28.1 50.0 58.8 33.3 30.5 44.7 56.6 42.4 32.6 8.0 46.0 35.4 26.8 61.1 44.3 26.8 48.2 34.1 19.7 57.3 51.4 
99.4 8.2 71.0 62.0 46.0 38.2 31.6 24.1 54.0 43.2 0.0 64.0 41.8 59.4 36.7 22.4 54.0 69.1 18.4 96.5 36.1 51.3 41.2 47.2 10.8 71.0 80.6 31.3 62.6 17.1 60.5 40.4 63.5 36.7 51.0 73.5 75.2 28.4 62.8 24.0 45.3 78.4 50.1 62.6 26.1 80.7 
38.6 56.6 68.9 41.8 18.4 45.6 32.6 64.5 10.0 40.0 64.0 0.0 38.0 20.6 60.7 58.3 53.9 47.2 76.9 36.1 48.2 68.5 83.2 17.0 59.5 48.4 17.9 58.3 70.9 60.9 84.6 47.1 81.6 28.4 41.2 82.9 29.5 35.6 32.3 47.7 18.9 83.3 74.1 37.7 60.8 17.2 
63.2 38.2 38.4 64.0 29.5 51.1 26.1 56.3 30.6 2.8 41.8 38.0 0.0 22.4 61.4 50.6 19.8 28.0 46.9 60.5 10.8 31.0 46.2 28.6 44.0 30.0 48.7 56.3 36.1 30.0 47.1 53.9 44.9 29.7 10.2 48.8 35.4 24.2 58.3 41.8 24.2 51.0 36.2 20.9 54.9 50.0 
41.2 53.7 48.3 58.3 24.7 54.3 32.6 67.5 18.9 23.4 59.4 20.6 22.4 0.0 68.0 61.2 34.2 26.9 67.9 38.4 33.1 50.0 68.4 22.8 58.3 28.3 26.7 64.1 51.0 51.0 66.0 56.6 62.3 32.0 22.0 62.6 16.5 33.5 50.0 50.6 20.1 62.8 56.3 17.2 64.8 28.3 
99.3 31.2 98.4 35.0 44.4 15.2 36.5 14.1 53.0 63.9 36.7 60.7 61.4 68.0 0.0 14.4 79.6 88.3 54.6 96.8 61.8 82.8 77.7 46.4 26.1 90.2 78.4 5.7 92.6 51.0 94.8 14.4 96.5 36.0 71.5 104.9 84.1 37.4 41.0 19.7 48.0 108.8 83.5 79.2 10.8 77.3 
96.6 17.0 86.2 43.2 40.2 19.0 28.6 6.3 49.2 53.0 22.4 58.3 50.6 61.2 14.4 0.0 67.7 78.4 40.5 93.9 49.4 69.3 63.2 42.0 11.7 80.4 76.2 8.9 79.6 36.8 80.7 20.4 82.8 30.5 60.8 91.6 77.7 28.1 46.5 10.8 42.4 95.8 69.7 70.0 4.5 75.5 
69.6 53.0 18.9 83.7 48.8 70.5 45.6 72.8 48.3 17.0 54.0 53.9 19.8 34.2 79.6 67.7 0.0 19.8 52.5 67.1 18.4 17.1 41.0 47.7 59.2 21.3 60.0 74.3 17.1 38.2 32.2 73.2 28.1 49.5 12.6 29.5 39.8 43.3 77.7 59.9 43.3 31.2 24.2 20.9 72.1 62.0 
52.6 66.1 24.1 84.4 49.4 76.6 51.9 84.2 45.3 26.1 69.1 47.2 28.0 26.9 88.3 78.4 19.8 0.0 70.7 50.4 33.5 36.1 60.8 47.7 72.0 2.0 47.5 83.5 31.0 55.0 49.4 79.1 43.7 53.9 18.1 40.0 24.1 51.0 76.6 69.1 43.9 38.5 43.3 10.0 82.6 50.0 
109.1 26.1 66.3 80.1 60.2 56.6 46.2 41.2 67.1 47.2 18.4 76.9 46.9 67.9 54.6 40.5 52.5 70.7 0.0 106.3 37.7 44.0 26.1 60.9 29.1 72.5 92.1 49.4 56.0 17.0 48.7 58.9 53.4 51.9 53.9 64.8 82.2 42.4 80.2 42.2 58.1 70.5 40.4 66.6 43.9 92.6 
2.8 90.0 74.1 74.0 53.7 81.6 66.6 100.2 44.7 61.1 96.5 36.1 60.5 38.4 96.8 93.9 67.1 50.4 106.3 0.0 71.0 84.1 105.5 51.9 93.7 50.2 18.4 94.3 81.2 89.4 99.0 83.0 93.7 63.5 57.3 90.2 27.2 68.8 64.0 83.2 52.2 88.0 91.1 46.2 96.7 20.1 
73.8 34.5 36.8 70.0 37.4 53.8 30.0 54.4 40.0 10.0 36.1 48.2 10.8 33.1 61.8 49.4 18.4 33.5 37.7 71.0 0.0 23.3 35.4 36.9 40.8 35.4 59.5 56.4 31.2 21.5 38.6 56.6 37.7 35.0 16.1 43.9 45.3 26.9 65.4 42.2 32.6 47.2 27.2 28.8 53.9 60.7 
86.6 52.8 22.8 93.3 60.2 76.4 53.3 73.4 61.6 28.6 51.3 68.5 31.0 50.0 82.8 69.3 17.1 36.1 44.0 84.1 23.3 0.0 26.1 59.5 59.1 37.2 76.4 77.2 12.0 34.2 16.1 79.2 14.4 58.3 28.1 22.4 56.9 50.0 88.6 63.8 55.0 27.2 7.2 37.9 73.8 78.2 
108.2 46.6 48.3 97.5 70.0 76.2 58.5 65.3 74.4 44.9 41.2 83.2 46.2 68.4 77.7 63.2 41.0 60.8 26.1 105.5 35.4 26.1 0.0 70.0 51.6 62.2 94.9 72.1 36.8 27.9 24.1 78.8 30.1 64.5 48.4 42.2 78.9 54.6 95.4 61.7 66.1 48.4 19.7 60.5 67.2 96.2 
54.6 39.7 65.3 36.9 2.0 32.0 15.6 48.3 7.2 31.3 47.2 17.0 28.6 22.8 46.4 42.0 47.7 47.7 60.9 51.9 36.9 59.5 70.0 0.0 42.5 49.4 34.4 43.2 64.5 45.6 75.3 34.1 73.5 11.7 35.6 77.2 38.1 18.9 30.0 31.3 4.5 78.8 64.0 37.7 44.9 34.1 
96.5 6.3 77.2 52.2 41.0 28.0 27.2 14.4 49.7 46.0 10.8 59.5 44.0 58.3 26.1 11.7 59.2 72.0 29.1 93.7 40.8 59.1 51.6 42.5 0.0 74.0 76.8 20.6 69.9 25.6 69.7 30.1 72.1 31.1 54.0 81.4 74.7 25.1 53.9 14.6 41.6 85.9 58.8 64.5 15.6 76.6 
52.3 68.1 24.0 86.0 51.1 78.4 53.9 86.2 46.9 28.1 71.0 48.4 30.0 28.3 90.2 80.4 21.3 2.0 72.5 50.2 35.4 37.2 62.2 49.4 74.0 0.0 48.1 85.5 31.6 56.9 50.2 81.0 44.3 55.7 20.1 40.0 24.3 53.0 78.1 71.0 45.7 38.2 44.4 11.7 84.6 50.6 
20.9 73.6 71.4 56.1 36.1 63.2 49.7 82.4 27.2 50.0 80.6 17.9 48.7 26.7 78.4 76.2 60.0 47.5 92.1 18.4 59.5 76.4 94.9 34.4 76.8 48.1 0.0 76.2 76.1 75.5 92.2 64.6 88.0 46.0 48.4 86.8 24.2 52.3 46.2 65.5 35.4 85.9 82.9 40.2 78.7 2.8 
96.9 25.6 93.0 36.8 41.2 14.1 32.1 10.2 50.0 58.8 31.3 58.3 56.3 64.1 5.7 8.9 74.3 83.5 49.4 94.3 56.4 77.2 72.1 43.2 20.6 85.5 76.2 0.0 87.1 45.3 89.1 14.4 90.9 32.2 66.5 99.3 80.4 32.6 41.6 14.6 44.4 103.2 77.9 74.7 6.0 75.2 
83.5 63.6 11.7 100.0 65.5 85.0 60.8 84.1 65.4 33.3 62.6 70.9 36.1 51.0 92.6 79.6 17.1 31.0 56.0 81.2 31.2 12.0 36.8 64.5 69.9 31.6 76.1 87.1 0.0 45.6 18.9 87.9 12.6 65.3 29.7 12.8 54.3 58.0 94.3 73.2 60.0 16.1 17.1 36.0 84.1 78.2 
92.2 19.8 54.3 69.9 45.1 48.3 32.1 40.0 51.3 30.5 17.1 60.9 30.0 51.0 51.0 36.8 38.2 55.0 17.0 89.4 21.5 34.2 27.9 45.6 25.6 56.9 75.5 45.3 45.6 0.0 44.0 51.0 46.6 38.1 37.6 56.5 65.3 28.1 68.3 34.0 42.4 61.4 33.3 50.1 41.0 76.2 
101.4 63.8 29.7 108.2 75.9 90.0 68.0 84.0 77.7 44.7 60.5 84.6 47.1 66.0 94.8 80.7 32.2 49.4 48.7 99.0 38.6 16.1 24.1 75.3 69.7 50.2 92.2 89.1 18.9 44.0 0.0 92.8 7.2 73.3 44.0 19.0 71.8 64.5 104.0 76.6 70.9 25.3 11.7 53.0 85.0 94.1 
85.4 33.0 92.1 22.8 32.1 2.8 27.8 24.2 40.0 56.6 40.4 47.1 53.9 56.6 14.4 20.4 73.2 79.1 58.9 83.0 56.6 79.2 78.8 34.1 30.1 81.0 64.6 14.4 87.9 51.0 92.8 0.0 93.5 25.3 63.5 100.5 72.1 30.0 27.2 17.1 36.5 103.7 81.2 69.6 19.7 63.2 
96.1 66.0 22.8 107.7 74.3 90.7 67.7 86.5 75.3 42.4 63.5 81.6 44.9 62.3 96.5 82.8 28.1 43.7 53.4 93.7 37.7 14.4 30.1 73.5 72.1 44.3 88.0 90.9 12.6 46.6 7.2 93.5 0.0 72.7 40.4 12.2 66.8 64.4 102.9 77.8 69.1 18.4 13.4 48.2 87.2 90.0 
66.2 28.8 68.1 35.0 10.0 22.8 6.0 36.8 18.9 32.6 36.7 28.4 29.7 32.0 36.0 30.5 49.5 53.9 51.9 63.5 35.0 58.3 64.5 11.7 31.1 55.7 46.0 32.2 65.3 38.1 73.3 25.3 72.7 0.0 38.8 78.1 48.2 10.0 31.0 19.7 12.2 80.6 61.7 44.3 33.5 45.6 
59.9 48.0 29.7 72.1 36.9 60.8 35.8 66.5 35.8 8.0 51.0 41.2 10.2 22.0 71.5 60.8 12.6 18.1 53.9 57.3 16.1 28.1 48.4 35.6 54.0 20.1 48.4 66.5 29.7 37.6 44.0 63.5 40.4 38.8 0.0 42.0 30.5 34.2 65.6 51.9 31.2 43.3 34.5 12.8 65.1 50.2 
92.3 75.2 16.1 112.8 78.2 97.7 73.6 95.8 77.8 46.0 73.5 82.9 48.8 62.6 104.9 91.6 29.5 40.0 64.8 90.2 43.9 22.4 42.2 77.2 81.4 40.0 86.8 99.3 12.8 56.5 19.0 100.5 12.2 78.1 42.0 0.0 64.0 70.7 107.1 85.6 72.7 6.3 24.3 46.7 96.0 89.1 
29.7 69.9 48.2 70.9 40.0 70.0 49.0 84.0 32.6 35.4 75.2 29.5 35.4 16.5 84.1 77.7 39.8 24.1 82.2 27.2 45.3 56.9 78.9 38.1 74.7 24.3 24.2 80.4 54.3 65.3 71.8 72.1 66.8 48.2 30.5 64.0 0.0 50.0 61.7 67.1 36.1 62.5 63.9 19.0 81.2 26.8 
71.6 21.3 62.1 43.9 17.9 27.2 4.0 34.2 25.6 26.8 28.4 35.6 24.2 33.5 37.4 28.1 43.3 51.0 42.4 68.8 26.9 50.0 54.6 18.9 25.1 53.0 52.3 32.6 58.0 28.1 64.5 30.0 64.4 10.0 34.2 70.7 50.0 0.0 40.8 18.1 17.0 73.8 52.8 42.2 32.0 52.3 
66.0 54.6 95.3 10.0 28.8 27.8 36.9 51.1 31.2 61.1 62.8 32.3 58.3 50.0 41.0 46.5 77.7 76.6 80.2 64.0 65.4 88.6 95.4 30.0 53.9 78.1 46.2 41.6 94.3 68.3 104.0 27.2 102.9 31.0 65.6 107.1 61.7 40.8 0.0 39.3 34.4 108.8 92.5 66.6 46.6 44.0 
85.9 16.1 78.7 38.0 29.5 14.6 18.1 17.1 38.5 44.3 24.0 47.7 41.8 50.6 19.7 10.8 59.9 69.1 42.2 83.2 42.2 63.8 61.7 31.3 14.6 71.0 65.5 14.6 73.2 34.0 76.6 17.1 77.8 19.7 51.9 85.6 67.1 18.1 39.3 0.0 31.6 89.3 65.1 60.3 14.1 64.9 
54.9 38.2 61.0 41.0 5.7 34.2 14.4 48.7 8.9 26.8 45.3 18.9 24.2 20.1 48.0 42.4 43.3 43.9 58.1 52.2 32.6 55.0 66.1 4.5 41.6 45.7 35.4 44.4 60.0 42.4 70.9 36.5 69.1 12.2 31.2 72.7 36.1 17.0 34.4 31.6 0.0 74.4 59.7 34.0 45.6 35.4 
90.0 79.6 14.6 115.0 80.0 100.9 76.4 100.2 78.9 48.2 78.4 83.3 51.0 62.8 108.8 95.8 31.2 38.5 70.5 88.0 47.2 27.2 48.4 78.8 85.9 38.2 85.9 103.2 16.1 61.4 25.3 103.7 18.4 80.6 43.3 6.3 62.5 73.8 108.8 89.3 74.4 0.0 30.1 46.2 100.2 88.3 
93.6 52.8 28.6 96.6 64.6 78.4 56.4 73.2 66.8 34.1 50.1 74.1 36.2 56.3 83.5 69.7 24.2 43.3 40.4 91.1 27.2 7.2 19.7 64.0 58.8 44.4 82.9 77.9 17.1 33.3 11.7 81.2 13.4 61.7 34.5 24.3 63.9 52.8 92.5 65.1 59.7 30.1 0.0 44.9 74.0 84.6 
48.7 58.9 31.6 74.4 39.4 67.1 42.8 76.0 35.4 19.7 62.6 37.7 20.9 17.2 79.2 70.0 20.9 10.0 66.6 46.2 28.8 37.9 60.5 37.7 64.5 11.7 40.2 74.7 36.0 50.1 53.0 69.6 48.2 44.3 12.8 46.7 19.0 42.2 66.6 60.3 34.0 46.2 44.9 0.0 74.1 42.4 
99.3 21.3 90.6 42.4 43.1 18.9 32.2 4.5 52.0 57.3 26.1 60.8 54.9 64.8 10.8 4.5 72.1 82.6 43.9 96.7 53.9 73.8 67.2 44.9 15.6 84.6 78.7 6.0 84.1 41.0 85.0 19.7 87.2 33.5 65.1 96.0 81.2 32.0 46.6 14.1 45.6 100.2 74.0 74.1 0.0 77.9 
22.4 73.5 73.8 54.0 35.6 62.0 49.5 81.6 26.9 51.4 80.7 17.2 50.0 28.3 77.3 75.5 62.0 50.0 92.6 20.1 60.7 78.2 96.2 34.1 76.6 50.6 2.8 75.2 78.2 76.2 94.1 63.2 90.0 45.6 50.2 89.1 26.8 52.3 44.0 64.9 35.4 88.3 84.6 42.4 77.9 0.0 

Routes: 
Route: 0 1 46 10 24 15 18 7 39 44 29 4 0 | Demand: 100.0| Cost: 3330.2
Route: 0 2 35 41 22 32 28 30 42 21 34 0 | Demand: 99.0| Cost: 2580.7
Route: 0 3 14 31 27 37 5 6 0 | Demand: 100.0| Cost: 1631.5
Route: 0 8 23 33 40 9 17 12 0 | Demand: 98.0| Cost: 1045.6
Route: 0 11 38 20 13 36 0 | Demand: 92.0| Cost: 850.4
Route: 0 16 25 43 26 19 0 | Demand: 93.0| Cost: 761.4
Route: 0 45 0 | Demand: 21.0| Cost: 44.8

Total cost: 10244.6
<<<<<<< HEAD
Execution time: 0.014
=======
Execution time: 0.023
>>>>>>> 642f4c0247b69c42f8987fec3c7fae7d83e620b9

-----------------------------------------

ClarkeWright Parallel: 
 
Distance Matrix: 
0.0 92.8 76.2 76.0 56.4 84.1 69.3 102.9 47.4 63.8 99.4 38.6 63.2 41.2 99.3 96.6 69.6 52.6 109.1 2.8 73.8 86.6 108.2 54.6 96.5 52.3 20.9 96.9 83.5 92.2 101.4 85.4 96.1 66.2 59.9 92.3 29.7 71.6 66.0 85.9 54.9 90.0 93.6 48.7 99.3 22.4 
92.8 0.0 70.9 54.0 38.4 30.6 24.1 20.6 46.7 40.0 8.2 56.6 38.2 53.7 31.2 17.0 53.0 66.1 26.1 90.0 34.5 52.8 46.6 39.7 6.3 68.1 73.6 25.6 63.6 19.8 63.8 33.0 66.0 28.8 48.0 75.2 69.9 21.3 54.6 16.1 38.2 79.6 52.8 58.9 21.3 73.5 
76.2 70.9 0.0 101.9 66.6 89.3 64.4 91.1 64.9 35.6 71.0 68.9 38.4 48.3 98.4 86.2 18.9 24.1 66.3 74.1 36.8 22.8 48.3 65.3 77.2 24.0 71.4 93.0 11.7 54.3 29.7 92.1 22.8 68.1 29.7 16.1 48.2 62.1 95.3 78.7 61.0 14.6 28.6 31.6 90.6 73.8 
76.0 54.0 101.9 0.0 35.4 24.3 40.2 46.8 39.4 66.8 62.0 41.8 64.0 58.3 35.0 43.2 83.7 84.4 80.1 74.0 70.0 93.3 97.5 36.9 52.2 86.0 56.1 36.8 100.0 69.9 108.2 22.8 107.7 35.0 72.1 112.8 70.9 43.9 10.0 38.0 41.0 115.0 96.6 74.4 42.4 54.0 
56.4 38.4 66.6 35.4 0.0 30.0 14.4 46.5 8.9 32.2 46.0 18.4 29.5 24.7 44.4 40.2 48.8 49.4 60.2 53.7 37.4 60.2 70.0 2.0 41.0 51.1 36.1 41.2 65.5 45.1 75.9 32.1 74.3 10.0 36.9 78.2 40.0 17.9 28.8 29.5 5.7 80.0 64.6 39.4 43.1 35.6 
84.1 30.6 89.3 24.3 30.0 0.0 25.1 23.3 38.2 53.9 38.2 45.6 51.1 54.3 15.2 19.0 70.5 76.6 56.6 81.6 53.8 76.4 76.2 32.0 28.0 78.4 63.2 14.1 85.0 48.3 90.0 2.8 90.7 22.8 60.8 97.7 70.0 27.2 27.8 14.6 34.2 100.9 78.4 67.1 18.9 62.0 
69.3 24.1 64.4 40.2 14.4 25.1 0.0 34.9 22.6 28.8 31.6 32.6 26.1 32.6 36.5 28.6 45.6 51.9 46.2 66.6 30.0 53.3 58.5 15.6 27.2 53.9 49.7 32.1 60.8 32.1 68.0 27.8 67.7 6.0 35.8 73.6 49.0 4.0 36.9 18.1 14.4 76.4 56.4 42.8 32.2 49.5 
102.9 20.6 91.1 46.8 46.5 23.3 34.9 0.0 55.5 58.5 24.1 64.5 56.3 67.5 14.1 6.3 72.8 84.2 41.2 100.2 54.4 73.4 65.3 48.3 14.4 86.2 82.4 10.2 84.1 40.0 84.0 24.2 86.5 36.8 66.5 95.8 84.0 34.2 51.1 17.1 48.7 100.2 73.2 76.0 4.5 81.6 
47.4 46.7 64.9 39.4 8.9 38.2 22.6 55.5 0.0 33.0 54.0 10.0 30.6 18.9 53.0 49.2 48.3 45.3 67.1 44.7 40.0 61.6 74.4 7.2 49.7 46.9 27.2 50.0 65.4 51.3 77.7 40.0 75.3 18.9 35.8 77.8 32.6 25.6 31.2 38.5 8.9 78.9 66.8 35.4 52.0 26.9 
63.8 40.0 35.6 66.8 32.2 53.9 28.8 58.5 33.0 0.0 43.2 40.0 2.8 23.4 63.9 53.0 17.0 26.1 47.2 61.1 10.0 28.6 44.9 31.3 46.0 28.1 50.0 58.8 33.3 30.5 44.7 56.6 42.4 32.6 8.0 46.0 35.4 26.8 61.1 44.3 26.8 48.2 34.1 19.7 57.3 51.4 
99.4 8.2 71.0 62.0 46.0 38.2 31.6 24.1 54.0 43.2 0.0 64.0 41.8 59.4 36.7 22.4 54.0 69.1 18.4 96.5 36.1 51.3 41.2 47.2 10.8 71.0 80.6 31.3 62.6 17.1 60.5 40.4 63.5 36.7 51.0 73.5 75.2 28.4 62.8 24.0 45.3 78.4 50.1 62.6 26.1 80.7 
38.6 56.6 68.9 41.8 18.4 45.6 32.6 64.5 10.0 40.0 64.0 0.0 38.0 20.6 60.7 58.3 53.9 47.2 76.9 36.1 48.2 68.5 83.2 17.0 59.5 48.4 17.9 58.3 70.9 60.9 84.6 47.1 81.6 28.4 41.2 82.9 29.5 35.6 32.3 47.7 18.9 83.3 74.1 37.7 60.8 17.2 
63.2 38.2 38.4 64.0 29.5 51.1 26.1 56.3 30.6 2.8 41.8 38.0 0.0 22.4 61.4 50.6 19.8 28.0 46.9 60.5 10.8 31.0 46.2 28.6 44.0 30.0 48.7 56.3 36.1 30.0 47.1 53.9 44.9 29.7 10.2 48.8 35.4 24.2 58.3 41.8 24.2 51.0 36.2 20.9 54.9 50.0 
41.2 53.7 48.3 58.3 24.7 54.3 32.6 67.5 18.9 23.4 59.4 20.6 22.4 0.0 68.0 61.2 34.2 26.9 67.9 38.4 33.1 50.0 68.4 22.8 58.3 28.3 26.7 64.1 51.0 51.0 66.0 56.6 62.3 32.0 22.0 62.6 16.5 33.5 50.0 50.6 20.1 62.8 56.3 17.2 64.8 28.3 
99.3 31.2 98.4 35.0 44.4 15.2 36.5 14.1 53.0 63.9 36.7 60.7 61.4 68.0 0.0 14.4 79.6 88.3 54.6 96.8 61.8 82.8 77.7 46.4 26.1 90.2 78.4 5.7 92.6 51.0 94.8 14.4 96.5 36.0 71.5 104.9 84.1 37.4 41.0 19.7 48.0 108.8 83.5 79.2 10.8 77.3 
96.6 17.0 86.2 43.2 40.2 19.0 28.6 6.3 49.2 53.0 22.4 58.3 50.6 61.2 14.4 0.0 67.7 78.4 40.5 93.9 49.4 69.3 63.2 42.0 11.7 80.4 76.2 8.9 79.6 36.8 80.7 20.4 82.8 30.5 60.8 91.6 77.7 28.1 46.5 10.8 42.4 95.8 69.7 70.0 4.5 75.5 
69.6 53.0 18.9 83.7 48.8 70.5 45.6 72.8 48.3 17.0 54.0 53.9 19.8 34.2 79.6 67.7 0.0 19.8 52.5 67.1 18.4 17.1 41.0 47.7 59.2 21.3 60.0 74.3 17.1 38.2 32.2 73.2 28.1 49.5 12.6 29.5 39.8 43.3 77.7 59.9 43.3 31.2 24.2 20.9 72.1 62.0 
52.6 66.1 24.1 84.4 49.4 76.6 51.9 84.2 45.3 26.1 69.1 47.2 28.0 26.9 88.3 78.4 19.8 0.0 70.7 50.4 33.5 36.1 60.8 47.7 72.0 2.0 47.5 83.5 31.0 55.0 49.4 79.1 43.7 53.9 18.1 40.0 24.1 51.0 76.6 69.1 43.9 38.5 43.3 10.0 82.6 50.0 
109.1 26.1 66.3 80.1 60.2 56.6 46.2 41.2 67.1 47.2 18.4 76.9 46.9 67.9 54.6 40.5 52.5 70.7 0.0 106.3 37.7 44.0 26.1 60.9 29.1 72.5 92.1 49.4 56.0 17.0 48.7 58.9 53.4 51.9 53.9 64.8 82.2 42.4 80.2 42.2 58.1 70.5 40.4 66.6 43.9 92.6 
2.8 90.0 74.1 74.0 53.7 81.6 66.6 100.2 44.7 61.1 96.5 36.1 60.5 38.4 96.8 93.9 67.1 50.4 106.3 0.0 71.0 84.1 105.5 51.9 93.7 50.2 18.4 94.3 81.2 89.4 99.0 83.0 93.7 63.5 57.3 90.2 27.2 68.8 64.0 83.2 52.2 88.0 91.1 46.2 96.7 20.1 
73.8 34.5 36.8 70.0 37.4 53.8 30.0 54.4 40.0 10.0 36.1 48.2 10.8 33.1 61.8 49.4 18.4 33.5 37.7 71.0 0.0 23.3 35.4 36.9 40.8 35.4 59.5 56.4 31.2 21.5 38.6 56.6 37.7 35.0 16.1 43.9 45.3 26.9 65.4 42.2 32.6 47.2 27.2 28.8 53.9 60.7 
86.6 52.8 22.8 93.3 60.2 76.4 53.3 73.4 61.6 28.6 51.3 68.5 31.0 50.0 82.8 69.3 17.1 36.1 44.0 84.1 23.3 0.0 26.1 59.5 59.1 37.2 76.4 77.2 12.0 34.2 16.1 79.2 14.4 58.3 28.1 22.4 56.9 50.0 88.6 63.8 55.0 27.2 7.2 37.9 73.8 78.2 
108.2 46.6 48.3 97.5 70.0 76.2 58.5 65.3 74.4 44.9 41.2 83.2 46.2 68.4 77.7 63.2 41.0 60.8 26.1 105.5 35.4 26.1 0.0 70.0 51.6 62.2 94.9 72.1 36.8 27.9 24.1 78.8 30.1 64.5 48.4 42.2 78.9 54.6 95.4 61.7 66.1 48.4 19.7 60.5 67.2 96.2 
54.6 39.7 65.3 36.9 2.0 32.0 15.6 48.3 7.2 31.3 47.2 17.0 28.6 22.8 46.4 42.0 47.7 47.7 60.9 51.9 36.9 59.5 70.0 0.0 42.5 49.4 34.4 43.2 64.5 45.6 75.3 34.1 73.5 11.7 35.6 77.2 38.1 18.9 30.0 31.3 4.5 78.8 64.0 37.7 44.9 34.1 
96.5 6.3 77.2 52.2 41.0 28.0 27.2 14.4 49.7 46.0 10.8 59.5 44.0 58.3 26.1 11.7 59.2 72.0 29.1 93.7 40.8 59.1 51.6 42.5 0.0 74.0 76.8 20.6 69.9 25.6 69.7 30.1 72.1 31.1 54.0 81.4 74.7 25.1 53.9 14.6 41.6 85.9 58.8 64.5 15.6 76.6 
52.3 68.1 24.0 86.0 51.1 78.4 53.9 86.2 46.9 28.1 71.0 48.4 30.0 28.3 90.2 80.4 21.3 2.0 72.5 50.2 35.4 37.2 62.2 49.4 74.0 0.0 48.1 85.5 31.6 56.9 50.2 81.0 44.3 55.7 20.1 40.0 24.3 53.0 78.1 71.0 45.7 38.2 44.4 11.7 84.6 50.6 
20.9 73.6 71.4 56.1 36.1 63.2 49.7 82.4 27.2 50.0 80.6 17.9 48.7 26.7 78.4 76.2 60.0 47.5 92.1 18.4 59.5 76.4 94.9 34.4 76.8 48.1 0.0 76.2 76.1 75.5 92.2 64.6 88.0 46.0 48.4 86.8 24.2 52.3 46.2 65.5 35.4 85.9 82.9 40.2 78.7 2.8 
96.9 25.6 93.0 36.8 41.2 14.1 32.1 10.2 50.0 58.8 31.3 58.3 56.3 64.1 5.7 8.9 74.3 83.5 49.4 94.3 56.4 77.2 72.1 43.2 20.6 85.5 76.2 0.0 87.1 45.3 89.1 14.4 90.9 32.2 66.5 99.3 80.4 32.6 41.6 14.6 44.4 103.2 77.9 74.7 6.0 75.2 
83.5 63.6 11.7 100.0 65.5 85.0 60.8 84.1 65.4 33.3 62.6 70.9 36.1 51.0 92.6 79.6 17.1 31.0 56.0 81.2 31.2 12.0 36.8 64.5 69.9 31.6 76.1 87.1 0.0 45.6 18.9 87.9 12.6 65.3 29.7 12.8 54.3 58.0 94.3 73.2 60.0 16.1 17.1 36.0 84.1 78.2 
92.2 19.8 54.3 69.9 45.1 48.3 32.1 40.0 51.3 30.5 17.1 60.9 30.0 51.0 51.0 36.8 38.2 55.0 17.0 89.4 21.5 34.2 27.9 45.6 25.6 56.9 75.5 45.3 45.6 0.0 44.0 51.0 46.6 38.1 37.6 56.5 65.3 28.1 68.3 34.0 42.4 61.4 33.3 50.1 41.0 76.2 
101.4 63.8 29.7 108.2 75.9 90.0 68.0 84.0 77.7 44.7 60.5 84.6 47.1 66.0 94.8 80.7 32.2 49.4 48.7 99.0 38.6 16.1 24.1 75.3 69.7 50.2 92.2 89.1 18.9 44.0 0.0 92.8 7.2 73.3 44.0 19.0 71.8 64.5 104.0 76.6 70.9 25.3 11.7 53.0 85.0 94.1 
85.4 33.0 92.1 22.8 32.1 2.8 27.8 24.2 40.0 56.6 40.4 47.1 53.9 56.6 14.4 20.4 73.2 79.1 58.9 83.0 56.6 79.2 78.8 34.1 30.1 81.0 64.6 14.4 87.9 51.0 92.8 0.0 93.5 25.3 63.5 100.5 72.1 30.0 27.2 17.1 36.5 103.7 81.2 69.6 19.7 63.2 
96.1 66.0 22.8 107.7 74.3 90.7 67.7 86.5 75.3 42.4 63.5 81.6 44.9 62.3 96.5 82.8 28.1 43.7 53.4 93.7 37.7 14.4 30.1 73.5 72.1 44.3 88.0 90.9 12.6 46.6 7.2 93.5 0.0 72.7 40.4 12.2 66.8 64.4 102.9 77.8 69.1 18.4 13.4 48.2 87.2 90.0 
66.2 28.8 68.1 35.0 10.0 22.8 6.0 36.8 18.9 32.6 36.7 28.4 29.7 32.0 36.0 30.5 49.5 53.9 51.9 63.5 35.0 58.3 64.5 11.7 31.1 55.7 46.0 32.2 65.3 38.1 73.3 25.3 72.7 0.0 38.8 78.1 48.2 10.0 31.0 19.7 12.2 80.6 61.7 44.3 33.5 45.6 
59.9 48.0 29.7 72.1 36.9 60.8 35.8 66.5 35.8 8.0 51.0 41.2 10.2 22.0 71.5 60.8 12.6 18.1 53.9 57.3 16.1 28.1 48.4 35.6 54.0 20.1 48.4 66.5 29.7 37.6 44.0 63.5 40.4 38.8 0.0 42.0 30.5 34.2 65.6 51.9 31.2 43.3 34.5 12.8 65.1 50.2 
92.3 75.2 16.1 112.8 78.2 97.7 73.6 95.8 77.8 46.0 73.5 82.9 48.8 62.6 104.9 91.6 29.5 40.0 64.8 90.2 43.9 22.4 42.2 77.2 81.4 40.0 86.8 99.3 12.8 56.5 19.0 100.5 12.2 78.1 42.0 0.0 64.0 70.7 107.1 85.6 72.7 6.3 24.3 46.7 96.0 89.1 
29.7 69.9 48.2 70.9 40.0 70.0 49.0 84.0 32.6 35.4 75.2 29.5 35.4 16.5 84.1 77.7 39.8 24.1 82.2 27.2 45.3 56.9 78.9 38.1 74.7 24.3 24.2 80.4 54.3 65.3 71.8 72.1 66.8 48.2 30.5 64.0 0.0 50.0 61.7 67.1 36.1 62.5 63.9 19.0 81.2 26.8 
71.6 21.3 62.1 43.9 17.9 27.2 4.0 34.2 25.6 26.8 28.4 35.6 24.2 33.5 37.4 28.1 43.3 51.0 42.4 68.8 26.9 50.0 54.6 18.9 25.1 53.0 52.3 32.6 58.0 28.1 64.5 30.0 64.4 10.0 34.2 70.7 50.0 0.0 40.8 18.1 17.0 73.8 52.8 42.2 32.0 52.3 
66.0 54.6 95.3 10.0 28.8 27.8 36.9 51.1 31.2 61.1 62.8 32.3 58.3 50.0 41.0 46.5 77.7 76.6 80.2 64.0 65.4 88.6 95.4 30.0 53.9 78.1 46.2 41.6 94.3 68.3 104.0 27.2 102.9 31.0 65.6 107.1 61.7 40.8 0.0 39.3 34.4 108.8 92.5 66.6 46.6 44.0 
85.9 16.1 78.7 38.0 29.5 14.6 18.1 17.1 38.5 44.3 24.0 47.7 41.8 50.6 19.7 10.8 59.9 69.1 42.2 83.2 42.2 63.8 61.7 31.3 14.6 71.0 65.5 14.6 73.2 34.0 76.6 17.1 77.8 19.7 51.9 85.6 67.1 18.1 39.3 0.0 31.6 89.3 65.1 60.3 14.1 64.9 
54.9 38.2 61.0 41.0 5.7 34.2 14.4 48.7 8.9 26.8 45.3 18.9 24.2 20.1 48.0 42.4 43.3 43.9 58.1 52.2 32.6 55.0 66.1 4.5 41.6 45.7 35.4 44.4 60.0 42.4 70.9 36.5 69.1 12.2 31.2 72.7 36.1 17.0 34.4 31.6 0.0 74.4 59.7 34.0 45.6 35.4 
90.0 79.6 14.6 115.0 80.0 100.9 76.4 100.2 78.9 48.2 78.4 83.3 51.0 62.8 108.8 95.8 31.2 38.5 70.5 88.0 47.2 27.2 48.4 78.8 85.9 38.2 85.9 103.2 16.1 61.4 25.3 103.7 18.4 80.6 43.3 6.3 62.5 73.8 108.8 89.3 74.4 0.0 30.1 46.2 100.2 88.3 
93.6 52.8 28.6 96.6 64.6 78.4 56.4 73.2 66.8 34.1 50.1 74.1 36.2 56.3 83.5 69.7 24.2 43.3 40.4 91.1 27.2 7.2 19.7 64.0 58.8 44.4 82.9 77.9 17.1 33.3 11.7 81.2 13.4 61.7 34.5 24.3 63.9 52.8 92.5 65.1 59.7 30.1 0.0 44.9 74.0 84.6 
48.7 58.9 31.6 74.4 39.4 67.1 42.8 76.0 35.4 19.7 62.6 37.7 20.9 17.2 79.2 70.0 20.9 10.0 66.6 46.2 28.8 37.9 60.5 37.7 64.5 11.7 40.2 74.7 36.0 50.1 53.0 69.6 48.2 44.3 12.8 46.7 19.0 42.2 66.6 60.3 34.0 46.2 44.9 0.0 74.1 42.4 
99.3 21.3 90.6 42.4 43.1 18.9 32.2 4.5 52.0 57.3 26.1 60.8 54.9 64.8 10.8 4.5 72.1 82.6 43.9 96.7 53.9 73.8 67.2 44.9 15.6 84.6 78.7 6.0 84.1 41.0 85.0 19.7 87.2 33.5 65.1 96.0 81.2 32.0 46.6 14.1 45.6 100.2 74.0 74.1 0.0 77.9 
22.4 73.5 73.8 54.0 35.6 62.0 49.5 81.6 26.9 51.4 80.7 17.2 50.0 28.3 77.3 75.5 62.0 50.0 92.6 20.1 60.7 78.2 96.2 34.1 76.6 50.6 2.8 75.2 78.2 76.2 94.1 63.2 90.0 45.6 50.2 89.1 26.8 52.3 44.0 64.9 35.4 88.3 84.6 42.4 77.9 0.0 

Routes: 
Route: 0 2 28 21 22 30 32 42 35 41 34 0 | Demand: 99.0| Cost: 748.2
Route: 0 3 5 14 27 31 0 | Demand: 95.0| Cost: 373.0
Route: 0 4 1 18 24 10 7 46 44 15 29 39 0 | Demand: 100.0| Cost: 496.3
Route: 0 11 16 12 9 20 6 37 33 40 0 | Demand: 98.0| Cost: 313.4
Route: 0 13 8 23 38 19 0 | Demand: 98.0| Cost: 409.8
Route: 0 26 45 0 | Demand: 41.0| Cost: 87.9
Route: 0 36 17 25 43 0 | Demand: 72.0| Cost: 175.6

Total cost: 2604.2
<<<<<<< HEAD
Execution time: 0.001
=======
Execution time: 0.007
>>>>>>> 642f4c0247b69c42f8987fec3c7fae7d83e620b9

