ClarkeWright Sequential: 
 
Distance Matrix: 
0.0 46.4 20.0 102.5 83.0 116.3 10.2 28.3 67.2 101.2 99.2 99.3 122.1 10.2 120.2 57.3 102.6 77.8 61.6 41.2 61.2 108.5 113.5 39.3 23.3 111.8 64.0 106.5 92.1 91.2 107.6 116.3 14.1 46.0 111.5 89.1 42.2 57.7 67.7 57.3 104.7 62.2 82.4 114.4 17.0 39.4 79.4 127.6 
46.4 0.0 48.1 58.3 77.8 87.3 44.2 47.4 48.4 82.1 70.9 58.0 97.0 36.2 88.6 11.7 80.6 36.9 16.1 12.8 63.8 94.1 78.9 48.2 26.7 81.7 72.8 90.0 70.3 56.4 74.2 81.6 36.2 37.7 72.2 60.2 18.9 44.3 62.8 60.5 88.0 38.1 36.1 88.8 34.5 14.1 54.3 92.6 
20.0 48.1 0.0 97.3 63.9 102.0 10.2 8.9 52.5 84.4 85.3 91.8 106.3 20.6 106.8 56.6 86.6 71.4 60.3 38.2 41.8 90.4 101.5 20.6 21.5 98.1 44.0 88.8 76.4 80.5 95.4 104.3 14.1 31.6 102.2 76.0 36.1 42.5 49.2 37.9 87.1 50.1 82.9 99.0 14.4 36.2 65.6 115.4 
102.5 58.3 97.3 0.0 86.1 55.7 97.5 92.3 58.8 69.4 48.4 12.8 69.1 92.5 51.4 46.6 64.0 26.1 42.2 61.4 87.4 83.7 39.3 86.0 79.7 50.2 98.1 78.1 59.5 31.2 39.4 40.8 89.8 70.0 24.1 44.0 61.6 65.1 79.1 86.3 76.6 52.6 31.3 62.6 87.4 63.2 50.1 48.0 
83.0 77.8 63.9 86.1 0.0 54.6 72.8 55.0 31.6 29.1 44.4 74.2 52.0 78.9 62.3 76.0 34.5 66.5 76.2 66.0 22.4 28.3 64.3 43.7 68.0 54.0 25.6 28.8 30.3 55.5 58.5 66.1 71.0 42.2 74.7 43.1 59.7 33.5 16.0 26.0 27.8 42.2 93.7 47.5 68.7 65.5 36.1 74.1 
116.3 87.3 102.0 55.7 54.6 0.0 107.5 93.7 49.5 26.0 17.2 43.7 13.4 108.4 8.2 78.6 20.1 54.3 75.7 81.4 69.9 36.1 17.2 82.8 94.4 6.0 77.8 31.0 26.8 32.2 16.5 17.0 102.2 70.7 33.3 27.8 77.2 59.5 59.1 71.6 30.6 54.4 80.2 8.9 99.4 82.4 36.9 20.4 
10.2 44.2 10.2 97.5 72.8 107.5 0.0 18.1 58.1 91.6 90.5 93.2 112.8 11.3 111.8 54.0 93.2 72.1 58.1 36.5 51.0 98.5 105.6 29.1 18.1 103.2 54.0 96.6 82.8 83.8 99.6 108.4 8.0 36.9 104.7 80.7 36.1 48.4 57.6 47.1 94.8 54.0 80.0 105.3 10.2 34.5 70.7 119.6 
28.3 47.4 8.9 92.3 55.0 93.7 18.1 0.0 44.4 75.6 77.2 85.9 97.7 26.7 98.8 54.4 77.9 66.3 57.7 36.1 33.0 81.4 94.0 11.7 22.6 90.0 36.1 79.9 67.9 73.5 87.8 96.7 19.0 24.2 95.5 68.3 32.6 34.4 40.2 29.1 78.2 43.1 80.5 90.5 17.9 34.2 57.7 107.7 
67.2 48.4 52.5 58.8 31.6 49.5 58.1 44.4 0.0 35.4 32.8 48.7 54.9 60.0 54.4 44.9 35.8 36.1 44.7 38.1 28.6 46.0 50.2 34.0 46.5 45.6 39.3 42.4 25.1 32.1 43.9 52.8 53.3 21.3 54.3 24.2 32.2 10.0 20.6 28.1 40.4 10.8 62.3 47.2 50.5 38.2 13.4 63.5 
101.2 82.1 84.4 69.4 29.1 26.0 91.6 75.6 35.4 0.0 21.3 56.6 23.3 94.8 34.1 76.2 6.3 57.6 74.7 73.0 47.2 14.4 38.6 64.0 81.7 26.7 53.7 8.9 12.2 38.8 34.0 39.8 87.7 55.5 52.2 26.8 67.5 43.9 36.9 49.7 7.2 44.4 86.2 18.4 85.0 73.3 28.1 46.2 
99.2 70.9 85.3 48.4 44.4 17.2 90.5 77.2 32.8 21.3 0.0 35.6 26.3 91.2 21.6 62.8 15.6 40.2 60.3 64.4 55.8 35.4 20.0 66.6 77.2 12.8 64.8 29.7 14.1 19.0 14.1 22.1 85.0 53.8 31.3 10.8 60.0 42.8 45.1 56.9 28.3 37.2 67.9 18.1 82.2 65.3 19.8 31.6 
99.3 58.0 91.8 12.8 74.2 43.7 93.2 85.9 48.7 56.6 35.6 0.0 56.9 89.6 40.2 46.7 51.2 21.6 42.5 58.3 77.3 70.9 28.1 78.4 76.0 37.9 87.9 65.3 46.9 18.9 27.2 30.0 85.9 62.5 15.2 31.6 57.3 56.0 68.4 76.7 63.8 44.0 38.5 50.2 83.3 60.0 38.6 38.8 
122.1 97.0 106.3 69.1 52.0 13.4 112.8 97.7 54.9 23.3 26.3 56.9 0.0 114.9 19.8 89.1 19.8 66.0 86.6 89.9 70.5 28.0 30.5 86.3 101.2 19.0 76.9 24.3 30.0 44.0 29.7 30.0 108.2 76.0 46.6 36.9 85.1 64.4 60.0 72.8 24.7 61.7 92.8 8.2 105.4 90.6 43.9 30.5 
10.2 36.2 20.6 92.5 78.9 108.4 11.3 26.7 60.0 94.8 91.2 89.6 114.9 0.0 111.9 47.1 95.8 68.0 51.4 31.3 58.0 103.1 104.7 36.0 14.1 103.7 62.5 100.7 85.1 82.2 99.0 107.5 8.0 39.4 102.1 80.9 32.8 51.0 63.2 54.0 98.8 54.0 72.2 107.1 10.2 29.5 71.6 118.8 
120.2 88.6 106.8 51.4 62.3 8.2 111.8 98.8 54.4 34.1 21.6 40.2 19.8 111.9 0.0 79.1 28.0 53.9 75.9 83.8 76.6 44.3 12.2 88.2 97.8 8.9 84.9 39.3 33.5 32.3 14.6 10.8 106.1 75.3 27.9 31.1 80.0 64.4 65.8 78.0 38.8 58.0 78.0 17.1 103.2 84.9 41.2 12.2 
57.3 11.7 56.6 46.6 76.0 78.6 54.0 54.4 44.9 76.2 62.8 46.7 89.1 47.1 79.1 0.0 74.0 26.1 4.5 18.4 65.1 89.1 68.9 52.8 36.0 72.8 75.0 84.6 64.1 46.8 64.6 71.6 46.0 39.7 61.2 52.3 22.4 43.3 62.1 62.2 82.6 34.2 26.3 80.9 44.0 20.4 48.2 82.4 
102.6 80.6 86.6 64.0 34.5 20.1 93.2 77.9 35.8 6.3 15.6 51.2 19.8 95.8 28.0 74.0 0.0 53.9 72.1 72.3 51.1 19.8 32.3 66.5 82.3 20.4 58.3 14.1 10.8 34.0 27.8 33.5 88.8 56.6 46.0 22.8 67.1 44.9 40.5 53.3 12.8 43.7 82.2 13.4 86.1 72.8 26.3 40.0 
77.8 36.9 71.4 26.1 66.5 54.3 72.1 66.3 36.1 57.6 40.2 21.6 66.0 68.0 53.9 26.1 53.9 0.0 22.4 36.7 63.6 71.7 43.1 60.1 54.6 48.4 74.3 66.5 45.7 22.1 39.3 45.7 64.6 44.2 35.4 31.0 36.1 40.5 56.6 62.0 64.6 27.9 28.6 58.0 62.0 38.5 31.6 56.4 
61.6 16.1 60.3 42.2 76.2 75.7 58.1 57.7 44.7 74.7 60.3 42.5 86.6 51.4 75.9 4.5 72.1 22.4 0.0 22.1 66.5 87.9 65.4 55.5 40.0 69.9 76.6 83.2 62.5 43.7 61.4 68.0 50.2 41.6 57.2 50.0 25.3 44.0 62.8 63.8 81.2 34.0 22.8 78.4 48.0 24.1 46.7 78.7 
41.2 12.8 38.2 61.4 66.0 81.4 36.5 36.1 38.1 73.0 64.4 58.3 89.9 31.3 83.8 18.4 72.3 36.7 22.1 0.0 51.1 84.1 75.3 35.6 18.4 76.2 60.0 80.4 61.6 52.5 70.0 78.1 28.6 25.1 71.2 53.7 6.3 32.6 50.6 47.7 78.4 28.6 44.7 81.7 26.3 2.0 46.2 89.4 
61.2 63.8 41.8 87.4 22.4 69.9 51.0 33.0 28.6 47.2 55.8 77.3 70.5 58.0 76.6 65.1 51.1 63.6 66.5 51.1 0.0 50.0 75.3 22.1 48.7 67.7 10.8 49.5 43.1 60.1 69.1 77.7 50.0 26.1 82.0 50.2 44.9 23.3 10.8 4.0 48.1 35.8 87.2 64.5 48.0 50.1 40.0 87.4 
108.5 94.1 90.4 83.7 28.3 36.1 98.5 81.4 46.0 14.4 35.4 70.9 28.0 103.1 44.3 89.1 19.8 71.7 87.9 84.1 50.0 0.0 51.1 69.8 90.7 38.5 53.8 5.7 26.0 53.3 47.2 51.9 95.5 64.0 65.6 41.2 78.2 53.0 41.2 53.3 7.2 56.0 100.3 27.2 93.0 84.2 41.2 56.3 
113.5 78.9 101.5 39.3 64.3 17.2 105.6 94.0 50.2 38.6 20.0 28.1 30.5 104.7 12.2 68.9 32.3 43.1 65.4 75.3 75.3 51.1 0.0 84.1 90.6 12.8 84.6 45.7 34.1 22.8 6.3 2.8 99.4 70.0 16.1 26.0 72.1 59.9 64.8 76.2 44.7 51.6 66.1 25.5 96.5 76.6 36.8 14.1 
39.3 48.2 20.6 86.0 43.7 82.8 29.1 11.7 34.0 64.0 66.6 78.4 86.3 36.0 88.2 52.8 66.5 60.1 55.5 35.6 22.1 69.8 84.1 0.0 27.9 79.3 27.2 68.3 56.6 64.6 77.8 86.8 28.0 16.0 86.8 58.1 30.5 24.2 28.6 18.1 66.6 34.5 78.0 79.2 26.1 34.1 47.4 97.5 
23.3 26.7 21.5 79.7 68.0 94.4 18.1 22.6 46.5 81.7 77.2 76.0 101.2 14.1 97.8 36.0 82.3 54.6 40.0 18.4 48.7 90.7 90.6 27.9 0.0 89.6 55.0 87.9 71.6 68.1 84.9 93.4 10.2 26.7 88.2 66.8 18.9 37.9 52.0 44.7 86.0 40.0 62.1 93.3 8.0 16.5 57.7 104.7 
111.8 81.7 98.1 50.2 54.0 6.0 103.2 90.0 45.6 26.7 12.8 37.9 19.0 103.7 8.9 72.8 20.4 48.4 69.9 76.2 67.7 38.5 12.8 79.3 89.6 0.0 76.2 33.1 24.7 26.3 10.8 13.4 97.7 66.6 28.4 22.8 72.1 55.6 56.9 69.1 32.3 49.7 74.2 12.8 94.8 77.2 32.6 20.1 
64.0 72.8 44.0 98.1 25.6 77.8 54.0 36.1 39.3 53.7 64.8 87.9 76.9 62.5 84.9 75.0 58.3 74.3 76.6 60.0 10.8 53.8 84.6 27.2 55.0 76.2 0.0 54.4 51.4 70.5 78.4 86.8 54.6 35.4 92.1 60.0 54.0 34.0 20.0 12.8 53.3 46.5 97.7 71.7 53.0 58.8 50.2 96.1 
106.5 90.0 88.8 78.1 28.8 31.0 96.6 79.9 42.4 8.9 29.7 65.3 24.3 100.7 39.3 84.6 14.1 66.5 83.2 80.4 49.5 5.7 45.7 68.3 87.9 33.1 54.4 0.0 20.9 47.7 41.6 46.5 93.2 61.4 60.0 35.8 74.7 50.0 40.0 52.5 2.0 52.0 95.1 22.4 90.6 80.6 36.5 51.4 
92.1 70.3 76.4 59.5 30.3 26.8 82.8 67.9 25.1 12.2 14.1 46.9 30.0 85.1 33.5 64.1 10.8 45.7 62.5 61.6 43.1 26.0 34.1 56.6 71.6 24.7 51.4 20.9 0.0 28.3 28.3 36.0 78.2 46.0 44.9 15.6 56.3 34.4 32.3 44.7 19.0 33.0 74.3 22.6 75.5 62.1 16.0 44.7 
91.2 56.4 80.5 31.2 55.5 32.2 83.8 73.5 32.1 38.8 19.0 18.9 44.0 82.2 32.3 46.8 34.0 22.1 43.7 52.5 60.1 53.3 22.8 64.6 68.1 26.3 70.5 47.7 28.3 0.0 17.9 25.6 77.2 49.4 22.4 12.8 49.5 40.8 50.6 60.0 46.0 30.5 49.0 36.2 74.4 53.8 20.4 36.9 
107.6 74.2 95.4 39.4 58.5 16.5 99.6 87.8 43.9 34.0 14.1 27.2 29.7 99.0 14.6 64.6 27.8 39.3 61.4 70.0 69.1 47.2 6.3 77.8 84.9 10.8 78.4 41.6 28.3 17.9 0.0 8.9 93.5 63.8 18.4 19.7 66.6 53.7 58.5 69.9 40.5 45.6 64.0 23.3 90.7 71.2 30.5 20.0 
116.3 81.6 104.3 40.8 66.1 17.0 108.4 96.7 52.8 39.8 22.1 30.0 30.0 107.5 10.8 71.6 33.5 45.7 68.0 78.1 77.7 51.9 2.8 86.8 93.4 13.4 86.8 46.5 36.0 25.6 8.9 0.0 102.2 72.7 17.1 28.6 75.0 62.6 67.1 78.6 45.7 54.4 68.3 25.6 99.4 79.4 39.4 11.3 
14.1 36.2 14.1 89.8 71.0 102.2 8.0 19.0 53.3 87.7 85.0 85.9 108.2 8.0 106.1 46.0 88.8 64.6 50.2 28.6 50.0 95.5 99.4 28.0 10.2 97.7 54.6 93.2 78.2 77.2 93.5 102.2 0.0 32.2 97.8 75.0 28.6 43.9 55.3 46.0 91.4 48.1 72.0 100.4 2.8 26.7 65.3 113.5 
46.0 37.7 31.6 70.0 42.2 70.7 36.9 24.2 21.3 55.5 53.8 62.5 76.0 39.4 75.3 39.7 56.6 44.2 41.6 25.1 26.1 64.0 70.0 16.0 26.7 66.6 35.4 61.4 46.0 49.4 63.8 72.7 32.2 0.0 71.5 44.4 18.9 11.7 26.3 22.8 59.5 19.0 63.5 68.4 29.5 24.2 34.1 83.8 
111.5 72.2 102.2 24.1 74.7 33.3 104.7 95.5 54.3 52.2 31.3 15.2 46.6 102.1 27.9 61.2 46.0 35.4 57.2 71.2 82.0 65.6 16.1 86.8 88.2 28.4 92.1 60.0 44.9 22.4 18.4 17.1 97.8 71.5 0.0 32.2 69.3 63.2 72.1 82.1 58.8 52.5 53.4 41.2 95.0 72.8 42.0 24.1 
89.1 60.2 76.0 44.0 43.1 27.8 80.7 68.3 24.2 26.8 10.8 31.6 36.9 80.9 31.1 52.3 22.8 31.0 50.0 53.7 50.2 41.2 26.0 58.1 66.8 22.8 60.0 35.8 15.6 12.8 19.7 28.6 75.0 44.4 32.2 0.0 49.4 34.0 40.0 50.6 34.0 26.9 59.5 28.6 72.1 54.6 10.8 39.4 
42.2 18.9 36.1 61.6 59.7 77.2 36.1 32.6 32.2 67.5 60.0 57.3 85.1 32.8 80.0 22.4 67.1 36.1 25.3 6.3 44.9 78.2 72.1 30.5 18.9 72.1 54.0 74.7 56.3 49.5 66.6 75.0 28.6 18.9 69.3 49.4 0.0 26.3 44.3 41.6 72.7 23.4 48.1 77.0 26.0 6.0 41.2 86.3 
57.7 44.3 42.5 65.1 33.5 59.5 48.4 34.4 10.0 43.9 42.8 56.0 64.4 51.0 64.4 43.3 44.9 40.5 44.0 32.6 23.3 53.0 59.9 24.2 37.9 55.6 34.0 50.0 34.4 40.8 53.7 62.6 43.9 11.7 63.2 34.0 26.3 0.0 18.9 21.5 48.1 12.6 64.0 56.9 41.2 32.2 23.3 73.4 
67.7 62.8 49.2 79.1 16.0 59.1 57.6 40.2 20.6 36.9 45.1 68.4 60.0 63.2 65.8 62.1 40.5 56.6 62.8 50.6 10.8 41.2 64.8 28.6 52.0 56.9 20.0 40.0 32.3 50.6 58.5 67.1 55.3 26.3 72.1 40.0 44.3 18.9 0.0 12.8 38.4 29.7 82.1 53.9 53.0 50.0 30.3 76.7 
57.3 60.5 37.9 86.3 26.0 71.6 47.1 29.1 28.1 49.7 56.9 76.7 72.8 54.0 78.0 62.2 53.3 62.0 63.8 47.7 4.0 53.3 76.2 18.1 44.7 69.1 12.8 52.5 44.7 60.0 69.9 78.6 46.0 22.8 82.1 50.6 41.6 21.5 12.8 0.0 51.0 34.2 84.9 66.6 44.0 46.6 40.2 88.5 
104.7 88.0 87.1 76.6 27.8 30.6 94.8 78.2 40.4 7.2 28.3 63.8 24.7 98.8 38.8 82.6 12.8 64.6 81.2 78.4 48.1 7.2 44.7 66.6 86.0 32.3 53.3 2.0 19.0 46.0 40.5 45.7 91.4 59.5 58.8 34.0 72.7 48.1 38.4 51.0 0.0 50.0 93.2 22.1 88.8 78.6 34.5 51.0 
62.2 38.1 50.1 52.6 42.2 54.4 54.0 43.1 10.8 44.4 37.2 44.0 61.7 54.0 58.0 34.2 43.7 27.9 34.0 28.6 35.8 56.0 51.6 34.5 40.0 49.7 46.5 52.0 33.0 30.5 45.6 54.4 48.1 19.0 52.5 26.9 23.4 12.6 29.7 34.2 50.0 0.0 52.3 53.7 45.3 29.1 17.9 65.6 
82.4 36.1 82.9 31.3 93.7 80.2 80.0 80.5 62.3 86.2 67.9 38.5 92.8 72.2 78.0 26.3 82.2 28.6 22.8 44.7 87.2 100.3 66.1 78.0 62.1 74.2 97.7 95.1 74.3 49.0 64.0 68.3 72.0 63.5 53.4 59.5 48.1 64.0 82.1 84.9 93.2 52.3 0.0 85.2 70.1 46.7 60.0 77.3 
114.4 88.8 99.0 62.6 47.5 8.9 105.3 90.5 47.2 18.4 18.1 50.2 8.2 107.1 17.1 80.9 13.4 58.0 78.4 81.7 64.5 27.2 25.5 79.2 93.3 12.8 71.7 22.4 22.6 36.2 23.3 25.6 100.4 68.4 41.2 28.6 77.0 56.9 53.9 66.6 22.1 53.7 85.2 0.0 97.7 82.5 35.8 29.1 
17.0 34.5 14.4 87.4 68.7 99.4 10.2 17.9 50.5 85.0 82.2 83.3 105.4 10.2 103.2 44.0 86.1 62.0 48.0 26.3 48.0 93.0 96.5 26.1 8.0 94.8 53.0 90.6 75.5 74.4 90.7 99.4 2.8 29.5 95.0 72.1 26.0 41.2 53.0 44.0 88.8 45.3 70.1 97.7 0.0 24.3 62.5 110.6 
39.4 14.1 36.2 63.2 65.5 82.4 34.5 34.2 38.2 73.3 65.3 60.0 90.6 29.5 84.9 20.4 72.8 38.5 24.1 2.0 50.1 84.2 76.6 34.1 16.5 77.2 58.8 80.6 62.1 53.8 71.2 79.4 26.7 24.2 72.8 54.6 6.0 32.2 50.0 46.6 78.6 29.1 46.7 82.5 24.3 0.0 46.8 90.7 
79.4 54.3 65.6 50.1 36.1 36.9 70.7 57.7 13.4 28.1 19.8 38.6 43.9 71.6 41.2 48.2 26.3 31.6 46.7 46.2 40.0 41.2 36.8 47.4 57.7 32.6 50.2 36.5 16.0 20.4 30.5 39.4 65.3 34.1 42.0 10.8 41.2 23.3 30.3 40.2 34.5 17.9 60.0 35.8 62.5 46.8 0.0 50.1 
127.6 92.6 115.4 48.0 74.1 20.4 119.6 107.7 63.5 46.2 31.6 38.8 30.5 118.8 12.2 82.4 40.0 56.4 78.7 89.4 87.4 56.3 14.1 97.5 104.7 20.1 96.1 51.4 44.7 36.9 20.0 11.3 113.5 83.8 24.1 39.4 86.3 73.4 76.7 88.5 51.0 65.6 77.3 29.1 110.6 90.7 50.1 0.0 

Routes: 
Route: 0 1 42 41 15 18 28 3 48 30 35 0 | Demand: 99.0| Cost: 467.1
Route: 0 2 26 7 20 39 4 23 43 0 | Demand: 99.0| Cost: 400.4
Route: 0 5 14 31 12 47 25 22 34 8 0 | Demand: 100.0| Cost: 366.3
Route: 0 6 38 21 27 40 33 10 0 | Demand: 100.0| Cost: 329.2
Route: 0 9 16 29 46 11 36 0 | Demand: 100.0| Cost: 300.0
Route: 0 13 19 45 17 24 32 0 | Demand: 90.0| Cost: 160.9
Route: 0 37 44 0 | Demand: 38.0| Cost: 115.9

Total cost: 2139.8
Execution time: 0.006

-----------------------------------------

ClarkeWright Parallel: 
 
Distance Matrix: 
0.0 46.4 20.0 102.5 83.0 116.3 10.2 28.3 67.2 101.2 99.2 99.3 122.1 10.2 120.2 57.3 102.6 77.8 61.6 41.2 61.2 108.5 113.5 39.3 23.3 111.8 64.0 106.5 92.1 91.2 107.6 116.3 14.1 46.0 111.5 89.1 42.2 57.7 67.7 57.3 104.7 62.2 82.4 114.4 17.0 39.4 79.4 127.6 
46.4 0.0 48.1 58.3 77.8 87.3 44.2 47.4 48.4 82.1 70.9 58.0 97.0 36.2 88.6 11.7 80.6 36.9 16.1 12.8 63.8 94.1 78.9 48.2 26.7 81.7 72.8 90.0 70.3 56.4 74.2 81.6 36.2 37.7 72.2 60.2 18.9 44.3 62.8 60.5 88.0 38.1 36.1 88.8 34.5 14.1 54.3 92.6 
20.0 48.1 0.0 97.3 63.9 102.0 10.2 8.9 52.5 84.4 85.3 91.8 106.3 20.6 106.8 56.6 86.6 71.4 60.3 38.2 41.8 90.4 101.5 20.6 21.5 98.1 44.0 88.8 76.4 80.5 95.4 104.3 14.1 31.6 102.2 76.0 36.1 42.5 49.2 37.9 87.1 50.1 82.9 99.0 14.4 36.2 65.6 115.4 
102.5 58.3 97.3 0.0 86.1 55.7 97.5 92.3 58.8 69.4 48.4 12.8 69.1 92.5 51.4 46.6 64.0 26.1 42.2 61.4 87.4 83.7 39.3 86.0 79.7 50.2 98.1 78.1 59.5 31.2 39.4 40.8 89.8 70.0 24.1 44.0 61.6 65.1 79.1 86.3 76.6 52.6 31.3 62.6 87.4 63.2 50.1 48.0 
83.0 77.8 63.9 86.1 0.0 54.6 72.8 55.0 31.6 29.1 44.4 74.2 52.0 78.9 62.3 76.0 34.5 66.5 76.2 66.0 22.4 28.3 64.3 43.7 68.0 54.0 25.6 28.8 30.3 55.5 58.5 66.1 71.0 42.2 74.7 43.1 59.7 33.5 16.0 26.0 27.8 42.2 93.7 47.5 68.7 65.5 36.1 74.1 
116.3 87.3 102.0 55.7 54.6 0.0 107.5 93.7 49.5 26.0 17.2 43.7 13.4 108.4 8.2 78.6 20.1 54.3 75.7 81.4 69.9 36.1 17.2 82.8 94.4 6.0 77.8 31.0 26.8 32.2 16.5 17.0 102.2 70.7 33.3 27.8 77.2 59.5 59.1 71.6 30.6 54.4 80.2 8.9 99.4 82.4 36.9 20.4 
10.2 44.2 10.2 97.5 72.8 107.5 0.0 18.1 58.1 91.6 90.5 93.2 112.8 11.3 111.8 54.0 93.2 72.1 58.1 36.5 51.0 98.5 105.6 29.1 18.1 103.2 54.0 96.6 82.8 83.8 99.6 108.4 8.0 36.9 104.7 80.7 36.1 48.4 57.6 47.1 94.8 54.0 80.0 105.3 10.2 34.5 70.7 119.6 
28.3 47.4 8.9 92.3 55.0 93.7 18.1 0.0 44.4 75.6 77.2 85.9 97.7 26.7 98.8 54.4 77.9 66.3 57.7 36.1 33.0 81.4 94.0 11.7 22.6 90.0 36.1 79.9 67.9 73.5 87.8 96.7 19.0 24.2 95.5 68.3 32.6 34.4 40.2 29.1 78.2 43.1 80.5 90.5 17.9 34.2 57.7 107.7 
67.2 48.4 52.5 58.8 31.6 49.5 58.1 44.4 0.0 35.4 32.8 48.7 54.9 60.0 54.4 44.9 35.8 36.1 44.7 38.1 28.6 46.0 50.2 34.0 46.5 45.6 39.3 42.4 25.1 32.1 43.9 52.8 53.3 21.3 54.3 24.2 32.2 10.0 20.6 28.1 40.4 10.8 62.3 47.2 50.5 38.2 13.4 63.5 
101.2 82.1 84.4 69.4 29.1 26.0 91.6 75.6 35.4 0.0 21.3 56.6 23.3 94.8 34.1 76.2 6.3 57.6 74.7 73.0 47.2 14.4 38.6 64.0 81.7 26.7 53.7 8.9 12.2 38.8 34.0 39.8 87.7 55.5 52.2 26.8 67.5 43.9 36.9 49.7 7.2 44.4 86.2 18.4 85.0 73.3 28.1 46.2 
99.2 70.9 85.3 48.4 44.4 17.2 90.5 77.2 32.8 21.3 0.0 35.6 26.3 91.2 21.6 62.8 15.6 40.2 60.3 64.4 55.8 35.4 20.0 66.6 77.2 12.8 64.8 29.7 14.1 19.0 14.1 22.1 85.0 53.8 31.3 10.8 60.0 42.8 45.1 56.9 28.3 37.2 67.9 18.1 82.2 65.3 19.8 31.6 
99.3 58.0 91.8 12.8 74.2 43.7 93.2 85.9 48.7 56.6 35.6 0.0 56.9 89.6 40.2 46.7 51.2 21.6 42.5 58.3 77.3 70.9 28.1 78.4 76.0 37.9 87.9 65.3 46.9 18.9 27.2 30.0 85.9 62.5 15.2 31.6 57.3 56.0 68.4 76.7 63.8 44.0 38.5 50.2 83.3 60.0 38.6 38.8 
122.1 97.0 106.3 69.1 52.0 13.4 112.8 97.7 54.9 23.3 26.3 56.9 0.0 114.9 19.8 89.1 19.8 66.0 86.6 89.9 70.5 28.0 30.5 86.3 101.2 19.0 76.9 24.3 30.0 44.0 29.7 30.0 108.2 76.0 46.6 36.9 85.1 64.4 60.0 72.8 24.7 61.7 92.8 8.2 105.4 90.6 43.9 30.5 
10.2 36.2 20.6 92.5 78.9 108.4 11.3 26.7 60.0 94.8 91.2 89.6 114.9 0.0 111.9 47.1 95.8 68.0 51.4 31.3 58.0 103.1 104.7 36.0 14.1 103.7 62.5 100.7 85.1 82.2 99.0 107.5 8.0 39.4 102.1 80.9 32.8 51.0 63.2 54.0 98.8 54.0 72.2 107.1 10.2 29.5 71.6 118.8 
120.2 88.6 106.8 51.4 62.3 8.2 111.8 98.8 54.4 34.1 21.6 40.2 19.8 111.9 0.0 79.1 28.0 53.9 75.9 83.8 76.6 44.3 12.2 88.2 97.8 8.9 84.9 39.3 33.5 32.3 14.6 10.8 106.1 75.3 27.9 31.1 80.0 64.4 65.8 78.0 38.8 58.0 78.0 17.1 103.2 84.9 41.2 12.2 
57.3 11.7 56.6 46.6 76.0 78.6 54.0 54.4 44.9 76.2 62.8 46.7 89.1 47.1 79.1 0.0 74.0 26.1 4.5 18.4 65.1 89.1 68.9 52.8 36.0 72.8 75.0 84.6 64.1 46.8 64.6 71.6 46.0 39.7 61.2 52.3 22.4 43.3 62.1 62.2 82.6 34.2 26.3 80.9 44.0 20.4 48.2 82.4 
102.6 80.6 86.6 64.0 34.5 20.1 93.2 77.9 35.8 6.3 15.6 51.2 19.8 95.8 28.0 74.0 0.0 53.9 72.1 72.3 51.1 19.8 32.3 66.5 82.3 20.4 58.3 14.1 10.8 34.0 27.8 33.5 88.8 56.6 46.0 22.8 67.1 44.9 40.5 53.3 12.8 43.7 82.2 13.4 86.1 72.8 26.3 40.0 
77.8 36.9 71.4 26.1 66.5 54.3 72.1 66.3 36.1 57.6 40.2 21.6 66.0 68.0 53.9 26.1 53.9 0.0 22.4 36.7 63.6 71.7 43.1 60.1 54.6 48.4 74.3 66.5 45.7 22.1 39.3 45.7 64.6 44.2 35.4 31.0 36.1 40.5 56.6 62.0 64.6 27.9 28.6 58.0 62.0 38.5 31.6 56.4 
61.6 16.1 60.3 42.2 76.2 75.7 58.1 57.7 44.7 74.7 60.3 42.5 86.6 51.4 75.9 4.5 72.1 22.4 0.0 22.1 66.5 87.9 65.4 55.5 40.0 69.9 76.6 83.2 62.5 43.7 61.4 68.0 50.2 41.6 57.2 50.0 25.3 44.0 62.8 63.8 81.2 34.0 22.8 78.4 48.0 24.1 46.7 78.7 
41.2 12.8 38.2 61.4 66.0 81.4 36.5 36.1 38.1 73.0 64.4 58.3 89.9 31.3 83.8 18.4 72.3 36.7 22.1 0.0 51.1 84.1 75.3 35.6 18.4 76.2 60.0 80.4 61.6 52.5 70.0 78.1 28.6 25.1 71.2 53.7 6.3 32.6 50.6 47.7 78.4 28.6 44.7 81.7 26.3 2.0 46.2 89.4 
61.2 63.8 41.8 87.4 22.4 69.9 51.0 33.0 28.6 47.2 55.8 77.3 70.5 58.0 76.6 65.1 51.1 63.6 66.5 51.1 0.0 50.0 75.3 22.1 48.7 67.7 10.8 49.5 43.1 60.1 69.1 77.7 50.0 26.1 82.0 50.2 44.9 23.3 10.8 4.0 48.1 35.8 87.2 64.5 48.0 50.1 40.0 87.4 
108.5 94.1 90.4 83.7 28.3 36.1 98.5 81.4 46.0 14.4 35.4 70.9 28.0 103.1 44.3 89.1 19.8 71.7 87.9 84.1 50.0 0.0 51.1 69.8 90.7 38.5 53.8 5.7 26.0 53.3 47.2 51.9 95.5 64.0 65.6 41.2 78.2 53.0 41.2 53.3 7.2 56.0 100.3 27.2 93.0 84.2 41.2 56.3 
113.5 78.9 101.5 39.3 64.3 17.2 105.6 94.0 50.2 38.6 20.0 28.1 30.5 104.7 12.2 68.9 32.3 43.1 65.4 75.3 75.3 51.1 0.0 84.1 90.6 12.8 84.6 45.7 34.1 22.8 6.3 2.8 99.4 70.0 16.1 26.0 72.1 59.9 64.8 76.2 44.7 51.6 66.1 25.5 96.5 76.6 36.8 14.1 
39.3 48.2 20.6 86.0 43.7 82.8 29.1 11.7 34.0 64.0 66.6 78.4 86.3 36.0 88.2 52.8 66.5 60.1 55.5 35.6 22.1 69.8 84.1 0.0 27.9 79.3 27.2 68.3 56.6 64.6 77.8 86.8 28.0 16.0 86.8 58.1 30.5 24.2 28.6 18.1 66.6 34.5 78.0 79.2 26.1 34.1 47.4 97.5 
23.3 26.7 21.5 79.7 68.0 94.4 18.1 22.6 46.5 81.7 77.2 76.0 101.2 14.1 97.8 36.0 82.3 54.6 40.0 18.4 48.7 90.7 90.6 27.9 0.0 89.6 55.0 87.9 71.6 68.1 84.9 93.4 10.2 26.7 88.2 66.8 18.9 37.9 52.0 44.7 86.0 40.0 62.1 93.3 8.0 16.5 57.7 104.7 
111.8 81.7 98.1 50.2 54.0 6.0 103.2 90.0 45.6 26.7 12.8 37.9 19.0 103.7 8.9 72.8 20.4 48.4 69.9 76.2 67.7 38.5 12.8 79.3 89.6 0.0 76.2 33.1 24.7 26.3 10.8 13.4 97.7 66.6 28.4 22.8 72.1 55.6 56.9 69.1 32.3 49.7 74.2 12.8 94.8 77.2 32.6 20.1 
64.0 72.8 44.0 98.1 25.6 77.8 54.0 36.1 39.3 53.7 64.8 87.9 76.9 62.5 84.9 75.0 58.3 74.3 76.6 60.0 10.8 53.8 84.6 27.2 55.0 76.2 0.0 54.4 51.4 70.5 78.4 86.8 54.6 35.4 92.1 60.0 54.0 34.0 20.0 12.8 53.3 46.5 97.7 71.7 53.0 58.8 50.2 96.1 
106.5 90.0 88.8 78.1 28.8 31.0 96.6 79.9 42.4 8.9 29.7 65.3 24.3 100.7 39.3 84.6 14.1 66.5 83.2 80.4 49.5 5.7 45.7 68.3 87.9 33.1 54.4 0.0 20.9 47.7 41.6 46.5 93.2 61.4 60.0 35.8 74.7 50.0 40.0 52.5 2.0 52.0 95.1 22.4 90.6 80.6 36.5 51.4 
92.1 70.3 76.4 59.5 30.3 26.8 82.8 67.9 25.1 12.2 14.1 46.9 30.0 85.1 33.5 64.1 10.8 45.7 62.5 61.6 43.1 26.0 34.1 56.6 71.6 24.7 51.4 20.9 0.0 28.3 28.3 36.0 78.2 46.0 44.9 15.6 56.3 34.4 32.3 44.7 19.0 33.0 74.3 22.6 75.5 62.1 16.0 44.7 
91.2 56.4 80.5 31.2 55.5 32.2 83.8 73.5 32.1 38.8 19.0 18.9 44.0 82.2 32.3 46.8 34.0 22.1 43.7 52.5 60.1 53.3 22.8 64.6 68.1 26.3 70.5 47.7 28.3 0.0 17.9 25.6 77.2 49.4 22.4 12.8 49.5 40.8 50.6 60.0 46.0 30.5 49.0 36.2 74.4 53.8 20.4 36.9 
107.6 74.2 95.4 39.4 58.5 16.5 99.6 87.8 43.9 34.0 14.1 27.2 29.7 99.0 14.6 64.6 27.8 39.3 61.4 70.0 69.1 47.2 6.3 77.8 84.9 10.8 78.4 41.6 28.3 17.9 0.0 8.9 93.5 63.8 18.4 19.7 66.6 53.7 58.5 69.9 40.5 45.6 64.0 23.3 90.7 71.2 30.5 20.0 
116.3 81.6 104.3 40.8 66.1 17.0 108.4 96.7 52.8 39.8 22.1 30.0 30.0 107.5 10.8 71.6 33.5 45.7 68.0 78.1 77.7 51.9 2.8 86.8 93.4 13.4 86.8 46.5 36.0 25.6 8.9 0.0 102.2 72.7 17.1 28.6 75.0 62.6 67.1 78.6 45.7 54.4 68.3 25.6 99.4 79.4 39.4 11.3 
14.1 36.2 14.1 89.8 71.0 102.2 8.0 19.0 53.3 87.7 85.0 85.9 108.2 8.0 106.1 46.0 88.8 64.6 50.2 28.6 50.0 95.5 99.4 28.0 10.2 97.7 54.6 93.2 78.2 77.2 93.5 102.2 0.0 32.2 97.8 75.0 28.6 43.9 55.3 46.0 91.4 48.1 72.0 100.4 2.8 26.7 65.3 113.5 
46.0 37.7 31.6 70.0 42.2 70.7 36.9 24.2 21.3 55.5 53.8 62.5 76.0 39.4 75.3 39.7 56.6 44.2 41.6 25.1 26.1 64.0 70.0 16.0 26.7 66.6 35.4 61.4 46.0 49.4 63.8 72.7 32.2 0.0 71.5 44.4 18.9 11.7 26.3 22.8 59.5 19.0 63.5 68.4 29.5 24.2 34.1 83.8 
111.5 72.2 102.2 24.1 74.7 33.3 104.7 95.5 54.3 52.2 31.3 15.2 46.6 102.1 27.9 61.2 46.0 35.4 57.2 71.2 82.0 65.6 16.1 86.8 88.2 28.4 92.1 60.0 44.9 22.4 18.4 17.1 97.8 71.5 0.0 32.2 69.3 63.2 72.1 82.1 58.8 52.5 53.4 41.2 95.0 72.8 42.0 24.1 
89.1 60.2 76.0 44.0 43.1 27.8 80.7 68.3 24.2 26.8 10.8 31.6 36.9 80.9 31.1 52.3 22.8 31.0 50.0 53.7 50.2 41.2 26.0 58.1 66.8 22.8 60.0 35.8 15.6 12.8 19.7 28.6 75.0 44.4 32.2 0.0 49.4 34.0 40.0 50.6 34.0 26.9 59.5 28.6 72.1 54.6 10.8 39.4 
42.2 18.9 36.1 61.6 59.7 77.2 36.1 32.6 32.2 67.5 60.0 57.3 85.1 32.8 80.0 22.4 67.1 36.1 25.3 6.3 44.9 78.2 72.1 30.5 18.9 72.1 54.0 74.7 56.3 49.5 66.6 75.0 28.6 18.9 69.3 49.4 0.0 26.3 44.3 41.6 72.7 23.4 48.1 77.0 26.0 6.0 41.2 86.3 
57.7 44.3 42.5 65.1 33.5 59.5 48.4 34.4 10.0 43.9 42.8 56.0 64.4 51.0 64.4 43.3 44.9 40.5 44.0 32.6 23.3 53.0 59.9 24.2 37.9 55.6 34.0 50.0 34.4 40.8 53.7 62.6 43.9 11.7 63.2 34.0 26.3 0.0 18.9 21.5 48.1 12.6 64.0 56.9 41.2 32.2 23.3 73.4 
67.7 62.8 49.2 79.1 16.0 59.1 57.6 40.2 20.6 36.9 45.1 68.4 60.0 63.2 65.8 62.1 40.5 56.6 62.8 50.6 10.8 41.2 64.8 28.6 52.0 56.9 20.0 40.0 32.3 50.6 58.5 67.1 55.3 26.3 72.1 40.0 44.3 18.9 0.0 12.8 38.4 29.7 82.1 53.9 53.0 50.0 30.3 76.7 
57.3 60.5 37.9 86.3 26.0 71.6 47.1 29.1 28.1 49.7 56.9 76.7 72.8 54.0 78.0 62.2 53.3 62.0 63.8 47.7 4.0 53.3 76.2 18.1 44.7 69.1 12.8 52.5 44.7 60.0 69.9 78.6 46.0 22.8 82.1 50.6 41.6 21.5 12.8 0.0 51.0 34.2 84.9 66.6 44.0 46.6 40.2 88.5 
104.7 88.0 87.1 76.6 27.8 30.6 94.8 78.2 40.4 7.2 28.3 63.8 24.7 98.8 38.8 82.6 12.8 64.6 81.2 78.4 48.1 7.2 44.7 66.6 86.0 32.3 53.3 2.0 19.0 46.0 40.5 45.7 91.4 59.5 58.8 34.0 72.7 48.1 38.4 51.0 0.0 50.0 93.2 22.1 88.8 78.6 34.5 51.0 
62.2 38.1 50.1 52.6 42.2 54.4 54.0 43.1 10.8 44.4 37.2 44.0 61.7 54.0 58.0 34.2 43.7 27.9 34.0 28.6 35.8 56.0 51.6 34.5 40.0 49.7 46.5 52.0 33.0 30.5 45.6 54.4 48.1 19.0 52.5 26.9 23.4 12.6 29.7 34.2 50.0 0.0 52.3 53.7 45.3 29.1 17.9 65.6 
82.4 36.1 82.9 31.3 93.7 80.2 80.0 80.5 62.3 86.2 67.9 38.5 92.8 72.2 78.0 26.3 82.2 28.6 22.8 44.7 87.2 100.3 66.1 78.0 62.1 74.2 97.7 95.1 74.3 49.0 64.0 68.3 72.0 63.5 53.4 59.5 48.1 64.0 82.1 84.9 93.2 52.3 0.0 85.2 70.1 46.7 60.0 77.3 
114.4 88.8 99.0 62.6 47.5 8.9 105.3 90.5 47.2 18.4 18.1 50.2 8.2 107.1 17.1 80.9 13.4 58.0 78.4 81.7 64.5 27.2 25.5 79.2 93.3 12.8 71.7 22.4 22.6 36.2 23.3 25.6 100.4 68.4 41.2 28.6 77.0 56.9 53.9 66.6 22.1 53.7 85.2 0.0 97.7 82.5 35.8 29.1 
17.0 34.5 14.4 87.4 68.7 99.4 10.2 17.9 50.5 85.0 82.2 83.3 105.4 10.2 103.2 44.0 86.1 62.0 48.0 26.3 48.0 93.0 96.5 26.1 8.0 94.8 53.0 90.6 75.5 74.4 90.7 99.4 2.8 29.5 95.0 72.1 26.0 41.2 53.0 44.0 88.8 45.3 70.1 97.7 0.0 24.3 62.5 110.6 
39.4 14.1 36.2 63.2 65.5 82.4 34.5 34.2 38.2 73.3 65.3 60.0 90.6 29.5 84.9 20.4 72.8 38.5 24.1 2.0 50.1 84.2 76.6 34.1 16.5 77.2 58.8 80.6 62.1 53.8 71.2 79.4 26.7 24.2 72.8 54.6 6.0 32.2 50.0 46.6 78.6 29.1 46.7 82.5 24.3 0.0 46.8 90.7 
79.4 54.3 65.6 50.1 36.1 36.9 70.7 57.7 13.4 28.1 19.8 38.6 43.9 71.6 41.2 48.2 26.3 31.6 46.7 46.2 40.0 41.2 36.8 47.4 57.7 32.6 50.2 36.5 16.0 20.4 30.5 39.4 65.3 34.1 42.0 10.8 41.2 23.3 30.3 40.2 34.5 17.9 60.0 35.8 62.5 46.8 0.0 50.1 
127.6 92.6 115.4 48.0 74.1 20.4 119.6 107.7 63.5 46.2 31.6 38.8 30.5 118.8 12.2 82.4 40.0 56.4 78.7 89.4 87.4 56.3 14.1 97.5 104.7 20.1 96.1 51.4 44.7 36.9 20.0 11.3 113.5 83.8 24.1 39.4 86.3 73.4 76.7 88.5 51.0 65.6 77.3 29.1 110.6 90.7 50.1 0.0 

Routes: 
Route: 0 1 29 3 11 34 48 42 0 | Demand: 99.0| Cost: 304.1
Route: 0 2 32 24 19 45 36 44 0 | Demand: 90.0| Cost: 113.7
Route: 0 4 9 21 27 40 16 28 0 | Demand: 98.0| Cost: 249.9
Route: 0 6 13 0 | Demand: 44.0| Cost: 31.7
Route: 0 7 23 33 20 38 39 26 0 | Demand: 96.0| Cost: 182.5
Route: 0 8 30 22 5 31 14 47 12 43 25 10 35 0 | Demand: 99.0| Cost: 338.8
Route: 0 37 15 41 17 46 18 0 | Demand: 100.0| Cost: 303.0

Total cost: 1523.7
Execution time: 0.001

