ClarkeWright Sequential: 
 
Distance Matrix: 
0.0 70.2 72.1 49.5 57.6 72.0 114.2 53.6 100.4 83.2 33.1 98.3 100.1 63.9 3.0 29.0 88.6 103.6 66.0 86.0 88.1 86.6 121.4 45.2 65.9 99.6 53.0 86.3 98.0 94.2 44.1 70.2 76.9 128.8 97.4 75.7 72.0 36.7 117.5 27.3 71.6 52.8 38.5 124.5 
70.2 0.0 88.5 21.0 33.2 20.6 53.3 32.2 30.3 14.9 40.1 58.0 64.2 34.4 67.3 41.8 22.8 88.3 29.2 99.1 29.4 80.3 69.3 30.1 56.9 42.2 39.2 49.8 34.4 26.9 51.0 60.8 9.4 78.4 45.1 29.6 89.3 36.1 73.8 44.0 37.2 56.4 31.8 84.5 
72.1 88.5 0.0 75.0 55.3 72.4 97.2 56.6 110.6 91.3 61.7 65.0 61.2 55.5 72.0 75.6 89.9 43.3 61.3 14.0 81.2 26.9 90.2 63.0 33.5 84.4 49.5 57.9 91.4 95.3 40.8 31.6 87.4 93.2 77.5 67.1 1.0 63.5 78.3 64.8 56.8 32.6 74.7 79.1 
49.5 21.0 75.0 0.0 24.2 26.4 68.0 20.6 51.2 33.8 19.4 62.3 66.9 29.0 46.6 22.0 39.8 84.5 26.7 87.1 41.7 72.8 79.9 12.0 47.4 54.5 26.9 51.4 50.2 45.2 34.7 52.2 27.5 88.5 54.6 33.5 75.6 15.5 80.6 23.0 35.5 42.4 11.7 90.1 
57.6 33.2 55.3 24.2 0.0 19.2 57.9 4.5 57.2 37.3 25.6 41.9 45.2 6.4 55.3 38.5 38.3 60.3 9.2 65.9 33.4 49.0 63.8 15.8 24.2 43.1 7.1 30.0 44.3 44.3 21.0 28.6 32.6 71.4 40.0 19.0 56.1 23.3 61.0 32.0 14.2 23.7 30.8 69.4 
72.0 20.6 72.4 26.4 19.2 0.0 42.4 21.0 38.5 18.9 38.9 38.2 44.0 17.0 69.4 47.4 19.1 67.8 11.2 81.6 16.1 60.8 53.5 26.8 39.2 28.3 26.3 29.3 26.2 25.1 40.2 42.4 15.6 62.3 28.3 9.1 73.2 35.4 55.4 44.8 17.2 42.4 37.5 65.5 
114.2 53.3 97.2 68.0 57.9 42.4 0.0 61.3 40.0 38.9 81.1 34.0 40.3 52.5 111.6 89.6 30.5 71.6 48.8 101.2 26.4 75.3 21.8 69.1 66.0 14.9 64.2 39.3 18.9 27.9 77.6 66.2 43.8 30.3 20.0 39.0 98.2 77.7 34.7 87.1 46.1 75.7 79.5 45.2 
53.6 32.2 56.6 20.6 4.5 21.0 61.3 0.0 58.0 38.1 21.3 46.3 49.7 10.8 51.2 34.0 40.0 64.1 12.5 67.8 36.1 52.2 67.9 11.4 26.9 46.5 7.1 34.5 46.9 46.0 19.6 31.6 32.9 75.7 43.8 22.4 57.3 18.9 65.5 27.7 18.6 24.2 26.5 73.8 
100.4 30.3 110.6 51.2 57.2 38.5 40.0 58.0 0.0 19.9 70.0 62.3 69.5 55.5 97.5 71.8 21.3 99.2 49.7 119.0 31.9 96.3 61.3 59.1 77.2 37.7 64.2 59.5 26.0 17.2 77.6 79.9 25.3 70.1 44.7 43.8 111.5 66.0 71.6 74.2 54.1 80.8 62.0 82.7 
83.2 14.9 91.3 33.8 37.3 18.9 38.9 38.1 19.9 0.0 51.5 49.5 56.3 35.8 80.4 55.5 8.5 83.7 30.0 100.3 18.1 78.6 56.5 40.0 58.0 29.4 44.3 43.8 20.1 12.0 57.7 61.1 6.3 65.7 34.0 25.5 92.1 47.5 63.0 56.3 35.4 60.9 45.3 74.0 
33.1 40.1 61.7 19.4 25.6 38.9 81.1 21.3 70.0 51.5 0.0 67.4 70.3 32.0 30.5 15.0 56.0 80.6 33.3 75.0 55.0 66.0 89.1 12.1 41.2 66.6 22.8 55.5 65.0 61.8 21.6 46.2 45.3 96.9 64.7 42.8 62.2 4.0 86.6 6.4 39.8 31.4 13.5 94.7 
98.3 58.0 65.0 62.3 41.9 38.2 34.0 46.3 62.3 49.5 67.4 0.0 7.2 35.5 96.3 80.1 42.7 38.3 35.8 67.7 31.6 41.5 26.0 57.3 37.7 25.5 45.3 12.0 36.6 45.2 55.6 36.1 50.4 31.4 17.8 29.4 66.0 65.2 19.2 73.8 27.8 50.1 71.6 27.9 
100.1 64.2 61.2 66.9 45.2 44.0 40.3 49.7 69.5 56.3 70.3 7.2 0.0 39.0 98.2 83.7 49.8 31.4 40.3 62.6 38.6 36.3 29.0 60.9 36.9 32.6 47.7 15.5 43.8 52.4 56.6 34.4 56.9 32.6 25.0 35.0 62.2 68.4 18.4 76.7 31.6 50.0 75.6 24.4 
63.9 34.4 55.5 29.0 6.4 17.0 52.5 10.8 55.5 35.8 32.0 35.5 39.0 0.0 61.6 44.7 35.4 55.9 5.8 65.1 29.0 46.1 57.5 21.9 22.6 37.6 11.7 23.7 40.0 41.2 25.3 26.4 32.0 65.1 34.0 14.0 56.3 29.7 54.6 38.4 7.8 25.7 36.7 63.1 
3.0 67.3 72.0 46.6 55.3 69.4 111.6 51.2 97.5 80.4 30.5 96.3 98.2 61.6 0.0 26.0 85.8 102.5 63.6 86.0 85.5 85.7 119.1 42.5 64.4 97.1 50.9 84.2 95.3 91.4 42.5 68.9 74.0 126.6 95.0 73.2 72.0 34.0 115.4 24.6 69.4 51.5 35.5 122.6 
29.0 41.8 75.6 22.0 38.5 47.4 89.6 34.0 71.8 55.5 15.0 80.1 83.7 44.7 26.0 0.0 61.8 95.5 44.7 89.2 63.3 81.0 100.1 22.8 56.1 75.7 37.1 68.4 72.1 67.1 36.3 61.1 49.2 108.4 75.1 53.3 76.0 15.5 99.1 10.8 52.4 46.3 10.3 107.8 
88.6 22.8 89.9 39.8 38.3 19.1 30.5 40.0 21.3 8.5 56.0 42.7 49.8 35.4 85.8 61.8 0.0 78.5 29.8 97.9 11.2 75.0 48.1 44.1 56.4 21.1 45.4 38.6 11.7 6.0 59.3 58.8 13.5 57.3 26.3 22.8 90.8 52.2 55.1 61.4 33.1 61.1 51.5 66.2 
103.6 88.3 43.3 84.5 60.3 67.8 71.6 64.1 99.2 83.7 80.6 38.3 31.4 55.9 102.5 95.5 78.5 0.0 59.9 38.3 67.4 17.8 56.9 75.0 39.5 63.7 59.0 40.0 74.3 82.0 60.9 34.5 82.8 56.7 55.9 59.1 44.1 80.2 42.2 86.1 51.2 51.2 90.0 39.0 
66.0 29.2 61.3 26.7 9.2 11.2 48.8 12.5 49.7 30.0 33.3 35.8 40.3 5.8 63.6 44.7 29.8 59.9 0.0 70.8 24.2 51.1 55.9 22.0 28.3 34.0 16.0 24.7 35.1 35.7 30.0 31.9 26.2 63.9 31.4 9.8 62.1 30.4 54.6 39.6 9.0 31.3 35.8 63.7 
86.0 99.1 14.0 87.1 65.9 81.6 101.2 67.8 119.0 100.3 75.0 67.7 62.6 65.1 86.0 89.2 97.9 38.3 70.8 0.0 88.3 26.3 91.4 75.3 42.4 89.7 60.8 62.8 97.9 102.9 53.7 39.2 97.0 93.0 82.3 75.2 14.0 76.6 78.0 78.4 65.0 44.8 87.7 76.8 
88.1 29.4 81.2 41.7 33.4 16.1 26.4 36.1 31.9 18.1 55.0 31.6 38.6 29.0 85.5 63.3 11.2 67.4 24.2 88.3 0.0 64.7 39.9 42.9 47.8 13.0 40.2 27.7 11.0 14.9 54.1 49.7 20.4 49.0 16.0 15.0 82.1 51.5 45.0 60.9 24.7 54.3 53.2 56.0 
86.6 80.3 26.9 72.8 49.0 60.8 75.3 52.2 96.3 78.6 66.0 41.5 36.3 46.1 85.7 81.0 75.0 17.8 51.1 26.3 64.7 0.0 65.1 62.2 25.5 64.4 46.1 37.7 73.5 79.5 45.2 20.6 76.4 67.2 56.8 53.2 27.9 66.2 52.2 71.1 43.6 35.2 76.7 52.2 
121.4 69.3 90.2 79.9 63.8 53.5 21.8 67.9 61.3 56.5 89.1 26.0 29.0 57.5 119.1 100.1 48.1 56.9 55.9 91.4 39.9 65.1 0.0 77.8 63.6 27.2 68.6 36.7 37.2 47.2 80.3 62.1 60.1 9.2 25.2 46.9 91.2 86.3 15.3 95.5 49.8 75.6 90.6 24.2 
45.2 30.1 63.0 12.0 15.8 26.8 69.1 11.4 59.1 40.0 12.1 57.3 60.9 21.9 42.5 22.8 44.1 75.0 22.0 75.3 42.9 62.2 77.8 0.0 36.7 54.6 16.1 45.6 52.9 50.0 22.6 41.6 34.0 85.9 53.1 31.1 63.6 8.6 76.3 18.0 29.5 30.5 15.1 85.0 
65.9 56.9 33.5 47.4 24.2 39.2 66.0 26.9 77.2 58.0 41.2 37.7 36.9 22.6 64.4 56.1 56.4 39.5 28.3 42.4 47.8 25.5 63.6 36.7 0.0 52.2 20.6 27.5 58.2 61.7 21.9 5.0 54.6 68.9 46.0 33.5 34.4 41.0 55.2 46.7 23.3 13.5 51.2 60.2 
99.6 42.2 84.4 54.5 43.1 28.3 14.9 46.5 37.7 29.4 66.6 25.5 32.6 37.6 97.1 75.7 21.1 63.7 34.0 89.7 13.0 64.4 27.2 54.6 52.2 0.0 49.3 26.9 11.7 21.4 62.8 53.0 32.9 36.4 7.8 24.2 85.4 63.2 34.4 72.7 31.4 61.2 65.8 45.5 
53.0 39.2 49.5 26.9 7.1 26.3 64.2 7.1 64.2 44.3 22.8 45.3 47.7 11.7 50.9 37.1 45.4 59.0 16.0 60.8 40.2 46.1 68.6 16.1 20.6 49.3 0.0 33.3 51.2 51.4 14.0 25.5 39.4 75.8 45.6 25.5 50.2 21.6 64.5 29.1 18.9 17.2 31.0 72.1 
86.3 49.8 57.9 51.4 30.0 29.3 39.3 34.5 59.5 43.8 55.5 12.0 15.5 23.7 84.2 68.4 38.6 40.0 24.7 62.8 27.7 37.7 36.7 45.6 27.5 26.9 33.3 0.0 35.8 42.4 43.8 27.0 43.3 43.0 19.6 20.2 58.9 53.3 31.2 61.9 16.2 39.0 60.2 39.4 
98.0 34.4 91.4 50.2 44.3 26.2 18.9 46.9 26.0 20.1 65.0 36.6 43.8 40.0 95.3 72.1 11.7 74.3 35.1 97.9 11.0 73.5 37.2 52.9 58.2 11.7 51.2 35.8 0.0 10.0 65.1 59.8 25.0 46.4 18.9 26.0 92.4 61.3 45.9 70.7 35.5 65.3 61.9 57.1 
94.2 26.9 95.3 45.2 44.3 25.1 27.9 46.0 17.2 12.0 61.8 45.2 52.4 41.2 91.4 67.1 6.0 82.0 35.7 102.9 14.9 79.5 47.2 50.0 61.7 21.4 51.4 42.4 10.0 0.0 65.3 64.0 18.0 56.3 27.9 28.2 96.2 58.0 55.7 67.1 38.5 66.9 56.8 66.9 
44.1 51.0 40.8 34.7 21.0 40.2 77.6 19.6 77.6 57.7 21.6 55.6 56.6 25.3 42.5 36.3 59.3 60.9 30.0 53.7 54.1 45.2 80.3 22.6 21.9 62.8 14.0 43.8 65.1 65.3 0.0 26.6 52.5 86.8 58.5 39.3 41.3 22.8 74.4 26.0 31.6 10.0 34.0 80.7 
70.2 60.8 31.6 52.2 28.6 42.4 66.2 31.6 79.9 61.1 46.2 36.1 34.4 26.4 68.9 61.1 58.8 34.5 31.9 39.2 49.7 20.6 62.1 41.6 5.0 53.0 25.5 27.0 59.8 64.0 26.6 0.0 58.0 66.9 46.3 36.1 32.6 46.0 52.8 51.6 25.8 17.5 56.2 57.0 
76.9 9.4 87.4 27.5 32.6 15.6 43.8 32.9 25.3 6.3 45.3 50.4 56.9 32.0 74.0 49.2 13.5 82.8 26.2 97.0 20.4 76.4 60.1 34.0 54.6 32.9 39.4 43.3 25.0 18.0 52.5 58.0 0.0 69.3 36.3 23.7 88.2 41.3 65.3 50.0 32.8 56.4 39.0 76.1 
128.8 78.4 93.2 88.5 71.4 62.3 30.3 75.7 70.1 65.7 96.9 31.4 32.6 65.1 126.6 108.4 57.3 56.7 63.9 93.0 49.0 67.2 9.2 85.9 68.9 36.4 75.8 43.0 46.4 56.3 86.8 66.9 69.3 0.0 34.0 55.2 94.2 94.3 15.0 103.3 57.3 81.5 99.0 19.7 
97.4 45.1 77.5 54.6 40.0 28.3 20.0 43.8 44.7 34.0 64.7 17.8 25.0 34.0 95.0 75.1 26.3 55.9 31.4 82.3 16.0 56.8 25.2 53.1 46.0 7.8 45.6 19.6 18.9 27.9 58.5 46.3 36.3 34.0 0.0 21.9 78.4 61.6 29.0 70.9 26.9 55.9 65.4 40.0 
75.7 29.6 67.1 33.5 19.0 9.1 39.0 22.4 43.8 25.5 42.8 29.4 35.0 14.0 73.2 53.3 22.8 59.1 9.8 75.2 15.0 53.2 46.9 31.1 33.5 24.2 25.5 20.2 26.0 28.2 39.3 36.1 23.7 55.2 21.9 0.0 68.0 39.7 47.2 49.0 10.3 39.3 43.8 57.0 
72.0 89.3 1.0 75.6 56.1 73.2 98.2 57.3 111.5 92.1 62.2 66.0 62.2 56.3 72.0 76.0 90.8 44.1 62.1 14.0 82.1 27.9 91.2 63.6 34.4 85.4 50.2 58.9 92.4 96.2 41.3 32.6 88.2 94.2 78.4 68.0 0.0 64.0 79.2 65.2 57.7 33.3 75.2 80.0 
36.7 36.1 63.5 15.5 23.3 35.4 77.7 18.9 66.0 47.5 4.0 65.2 68.4 29.7 34.0 15.5 52.2 80.2 30.4 76.6 51.5 66.2 86.3 8.6 41.0 63.2 21.6 53.3 61.3 58.0 22.8 46.0 41.3 94.3 61.6 39.7 64.0 0.0 84.3 9.4 37.4 32.3 11.2 92.7 
117.5 73.8 78.3 80.6 61.0 55.4 34.7 65.5 71.6 63.0 86.6 19.2 18.4 54.6 115.4 99.1 55.1 42.2 54.6 78.0 45.0 52.2 15.3 76.3 55.2 34.4 64.5 31.2 45.9 55.7 74.4 52.8 65.3 15.0 29.0 47.2 79.2 84.3 0.0 93.0 46.9 68.2 90.4 11.2 
27.3 44.0 64.8 23.0 32.0 44.8 87.1 27.7 74.2 56.3 6.4 73.8 76.7 38.4 24.6 10.8 61.4 86.1 39.6 78.4 60.9 71.1 95.5 18.0 46.7 72.7 29.1 61.9 70.7 67.1 26.0 51.6 50.0 103.3 70.9 49.0 65.2 9.4 93.0 0.0 46.2 36.0 13.9 101.0 
71.6 37.2 56.8 35.5 14.2 17.2 46.1 18.6 54.1 35.4 39.8 27.8 31.6 7.8 69.4 52.4 33.1 51.2 9.0 65.0 24.7 43.6 49.8 29.5 23.3 31.4 18.9 16.2 35.5 38.5 31.6 25.8 32.8 57.3 26.9 10.3 57.7 37.4 46.9 46.2 0.0 30.0 44.0 55.5 
52.8 56.4 32.6 42.4 23.7 42.4 75.7 24.2 80.8 60.9 31.4 50.1 50.0 25.7 51.5 46.3 61.1 51.2 31.3 44.8 54.3 35.2 75.6 30.5 13.5 61.2 17.2 39.0 65.3 66.9 10.0 17.5 56.4 81.5 55.9 39.3 33.3 32.3 68.2 36.0 30.0 0.0 43.3 73.6 
38.5 31.8 74.7 11.7 30.8 37.5 79.5 26.5 62.0 45.3 13.5 71.6 75.6 36.7 35.5 10.3 51.5 90.0 35.8 87.7 53.2 76.7 90.6 15.1 51.2 65.8 31.0 60.2 61.9 56.8 34.0 56.2 39.0 99.0 65.4 43.8 75.2 11.2 90.4 13.9 44.0 43.3 0.0 99.4 
124.5 84.5 79.1 90.1 69.4 65.5 45.2 73.8 82.7 74.0 94.7 27.9 24.4 63.1 122.6 107.8 66.2 39.0 63.7 76.8 56.0 52.2 24.2 85.0 60.2 45.5 72.1 39.4 57.1 66.9 80.7 57.0 76.1 19.7 40.0 57.0 80.0 92.7 11.2 101.0 55.5 73.6 99.4 0.0 

Routes: 
Route: 0 1 8 9 32 29 16 28 6 25 0 | Demand: 100.0| Cost: 2078.4
Route: 0 2 19 36 17 21 34 43 22 42 0 | Demand: 100.0| Cost: 2500.8
Route: 0 3 20 5 35 33 18 0 | Demand: 98.0| Cost: 1251.6
Route: 0 4 13 40 24 38 11 27 12 10 0 | Demand: 100.0| Cost: 1948.4
Route: 0 7 26 31 30 23 39 0 | Demand: 92.0| Cost: 895.5
Route: 0 14 15 37 41 44 0 | Demand: 80.0| Cost: 404.9

Total cost: 9079.6
Execution time: 0.015

-----------------------------------------

ClarkeWright Parallel: 
 
Distance Matrix: 
0.0 70.2 72.1 49.5 57.6 72.0 114.2 53.6 100.4 83.2 33.1 98.3 100.1 63.9 3.0 29.0 88.6 103.6 66.0 86.0 88.1 86.6 121.4 45.2 65.9 99.6 53.0 86.3 98.0 94.2 44.1 70.2 76.9 128.8 97.4 75.7 72.0 36.7 117.5 27.3 71.6 52.8 38.5 124.5 
70.2 0.0 88.5 21.0 33.2 20.6 53.3 32.2 30.3 14.9 40.1 58.0 64.2 34.4 67.3 41.8 22.8 88.3 29.2 99.1 29.4 80.3 69.3 30.1 56.9 42.2 39.2 49.8 34.4 26.9 51.0 60.8 9.4 78.4 45.1 29.6 89.3 36.1 73.8 44.0 37.2 56.4 31.8 84.5 
72.1 88.5 0.0 75.0 55.3 72.4 97.2 56.6 110.6 91.3 61.7 65.0 61.2 55.5 72.0 75.6 89.9 43.3 61.3 14.0 81.2 26.9 90.2 63.0 33.5 84.4 49.5 57.9 91.4 95.3 40.8 31.6 87.4 93.2 77.5 67.1 1.0 63.5 78.3 64.8 56.8 32.6 74.7 79.1 
49.5 21.0 75.0 0.0 24.2 26.4 68.0 20.6 51.2 33.8 19.4 62.3 66.9 29.0 46.6 22.0 39.8 84.5 26.7 87.1 41.7 72.8 79.9 12.0 47.4 54.5 26.9 51.4 50.2 45.2 34.7 52.2 27.5 88.5 54.6 33.5 75.6 15.5 80.6 23.0 35.5 42.4 11.7 90.1 
57.6 33.2 55.3 24.2 0.0 19.2 57.9 4.5 57.2 37.3 25.6 41.9 45.2 6.4 55.3 38.5 38.3 60.3 9.2 65.9 33.4 49.0 63.8 15.8 24.2 43.1 7.1 30.0 44.3 44.3 21.0 28.6 32.6 71.4 40.0 19.0 56.1 23.3 61.0 32.0 14.2 23.7 30.8 69.4 
72.0 20.6 72.4 26.4 19.2 0.0 42.4 21.0 38.5 18.9 38.9 38.2 44.0 17.0 69.4 47.4 19.1 67.8 11.2 81.6 16.1 60.8 53.5 26.8 39.2 28.3 26.3 29.3 26.2 25.1 40.2 42.4 15.6 62.3 28.3 9.1 73.2 35.4 55.4 44.8 17.2 42.4 37.5 65.5 
114.2 53.3 97.2 68.0 57.9 42.4 0.0 61.3 40.0 38.9 81.1 34.0 40.3 52.5 111.6 89.6 30.5 71.6 48.8 101.2 26.4 75.3 21.8 69.1 66.0 14.9 64.2 39.3 18.9 27.9 77.6 66.2 43.8 30.3 20.0 39.0 98.2 77.7 34.7 87.1 46.1 75.7 79.5 45.2 
53.6 32.2 56.6 20.6 4.5 21.0 61.3 0.0 58.0 38.1 21.3 46.3 49.7 10.8 51.2 34.0 40.0 64.1 12.5 67.8 36.1 52.2 67.9 11.4 26.9 46.5 7.1 34.5 46.9 46.0 19.6 31.6 32.9 75.7 43.8 22.4 57.3 18.9 65.5 27.7 18.6 24.2 26.5 73.8 
100.4 30.3 110.6 51.2 57.2 38.5 40.0 58.0 0.0 19.9 70.0 62.3 69.5 55.5 97.5 71.8 21.3 99.2 49.7 119.0 31.9 96.3 61.3 59.1 77.2 37.7 64.2 59.5 26.0 17.2 77.6 79.9 25.3 70.1 44.7 43.8 111.5 66.0 71.6 74.2 54.1 80.8 62.0 82.7 
83.2 14.9 91.3 33.8 37.3 18.9 38.9 38.1 19.9 0.0 51.5 49.5 56.3 35.8 80.4 55.5 8.5 83.7 30.0 100.3 18.1 78.6 56.5 40.0 58.0 29.4 44.3 43.8 20.1 12.0 57.7 61.1 6.3 65.7 34.0 25.5 92.1 47.5 63.0 56.3 35.4 60.9 45.3 74.0 
33.1 40.1 61.7 19.4 25.6 38.9 81.1 21.3 70.0 51.5 0.0 67.4 70.3 32.0 30.5 15.0 56.0 80.6 33.3 75.0 55.0 66.0 89.1 12.1 41.2 66.6 22.8 55.5 65.0 61.8 21.6 46.2 45.3 96.9 64.7 42.8 62.2 4.0 86.6 6.4 39.8 31.4 13.5 94.7 
98.3 58.0 65.0 62.3 41.9 38.2 34.0 46.3 62.3 49.5 67.4 0.0 7.2 35.5 96.3 80.1 42.7 38.3 35.8 67.7 31.6 41.5 26.0 57.3 37.7 25.5 45.3 12.0 36.6 45.2 55.6 36.1 50.4 31.4 17.8 29.4 66.0 65.2 19.2 73.8 27.8 50.1 71.6 27.9 
100.1 64.2 61.2 66.9 45.2 44.0 40.3 49.7 69.5 56.3 70.3 7.2 0.0 39.0 98.2 83.7 49.8 31.4 40.3 62.6 38.6 36.3 29.0 60.9 36.9 32.6 47.7 15.5 43.8 52.4 56.6 34.4 56.9 32.6 25.0 35.0 62.2 68.4 18.4 76.7 31.6 50.0 75.6 24.4 
63.9 34.4 55.5 29.0 6.4 17.0 52.5 10.8 55.5 35.8 32.0 35.5 39.0 0.0 61.6 44.7 35.4 55.9 5.8 65.1 29.0 46.1 57.5 21.9 22.6 37.6 11.7 23.7 40.0 41.2 25.3 26.4 32.0 65.1 34.0 14.0 56.3 29.7 54.6 38.4 7.8 25.7 36.7 63.1 
3.0 67.3 72.0 46.6 55.3 69.4 111.6 51.2 97.5 80.4 30.5 96.3 98.2 61.6 0.0 26.0 85.8 102.5 63.6 86.0 85.5 85.7 119.1 42.5 64.4 97.1 50.9 84.2 95.3 91.4 42.5 68.9 74.0 126.6 95.0 73.2 72.0 34.0 115.4 24.6 69.4 51.5 35.5 122.6 
29.0 41.8 75.6 22.0 38.5 47.4 89.6 34.0 71.8 55.5 15.0 80.1 83.7 44.7 26.0 0.0 61.8 95.5 44.7 89.2 63.3 81.0 100.1 22.8 56.1 75.7 37.1 68.4 72.1 67.1 36.3 61.1 49.2 108.4 75.1 53.3 76.0 15.5 99.1 10.8 52.4 46.3 10.3 107.8 
88.6 22.8 89.9 39.8 38.3 19.1 30.5 40.0 21.3 8.5 56.0 42.7 49.8 35.4 85.8 61.8 0.0 78.5 29.8 97.9 11.2 75.0 48.1 44.1 56.4 21.1 45.4 38.6 11.7 6.0 59.3 58.8 13.5 57.3 26.3 22.8 90.8 52.2 55.1 61.4 33.1 61.1 51.5 66.2 
103.6 88.3 43.3 84.5 60.3 67.8 71.6 64.1 99.2 83.7 80.6 38.3 31.4 55.9 102.5 95.5 78.5 0.0 59.9 38.3 67.4 17.8 56.9 75.0 39.5 63.7 59.0 40.0 74.3 82.0 60.9 34.5 82.8 56.7 55.9 59.1 44.1 80.2 42.2 86.1 51.2 51.2 90.0 39.0 
66.0 29.2 61.3 26.7 9.2 11.2 48.8 12.5 49.7 30.0 33.3 35.8 40.3 5.8 63.6 44.7 29.8 59.9 0.0 70.8 24.2 51.1 55.9 22.0 28.3 34.0 16.0 24.7 35.1 35.7 30.0 31.9 26.2 63.9 31.4 9.8 62.1 30.4 54.6 39.6 9.0 31.3 35.8 63.7 
86.0 99.1 14.0 87.1 65.9 81.6 101.2 67.8 119.0 100.3 75.0 67.7 62.6 65.1 86.0 89.2 97.9 38.3 70.8 0.0 88.3 26.3 91.4 75.3 42.4 89.7 60.8 62.8 97.9 102.9 53.7 39.2 97.0 93.0 82.3 75.2 14.0 76.6 78.0 78.4 65.0 44.8 87.7 76.8 
88.1 29.4 81.2 41.7 33.4 16.1 26.4 36.1 31.9 18.1 55.0 31.6 38.6 29.0 85.5 63.3 11.2 67.4 24.2 88.3 0.0 64.7 39.9 42.9 47.8 13.0 40.2 27.7 11.0 14.9 54.1 49.7 20.4 49.0 16.0 15.0 82.1 51.5 45.0 60.9 24.7 54.3 53.2 56.0 
86.6 80.3 26.9 72.8 49.0 60.8 75.3 52.2 96.3 78.6 66.0 41.5 36.3 46.1 85.7 81.0 75.0 17.8 51.1 26.3 64.7 0.0 65.1 62.2 25.5 64.4 46.1 37.7 73.5 79.5 45.2 20.6 76.4 67.2 56.8 53.2 27.9 66.2 52.2 71.1 43.6 35.2 76.7 52.2 
121.4 69.3 90.2 79.9 63.8 53.5 21.8 67.9 61.3 56.5 89.1 26.0 29.0 57.5 119.1 100.1 48.1 56.9 55.9 91.4 39.9 65.1 0.0 77.8 63.6 27.2 68.6 36.7 37.2 47.2 80.3 62.1 60.1 9.2 25.2 46.9 91.2 86.3 15.3 95.5 49.8 75.6 90.6 24.2 
45.2 30.1 63.0 12.0 15.8 26.8 69.1 11.4 59.1 40.0 12.1 57.3 60.9 21.9 42.5 22.8 44.1 75.0 22.0 75.3 42.9 62.2 77.8 0.0 36.7 54.6 16.1 45.6 52.9 50.0 22.6 41.6 34.0 85.9 53.1 31.1 63.6 8.6 76.3 18.0 29.5 30.5 15.1 85.0 
65.9 56.9 33.5 47.4 24.2 39.2 66.0 26.9 77.2 58.0 41.2 37.7 36.9 22.6 64.4 56.1 56.4 39.5 28.3 42.4 47.8 25.5 63.6 36.7 0.0 52.2 20.6 27.5 58.2 61.7 21.9 5.0 54.6 68.9 46.0 33.5 34.4 41.0 55.2 46.7 23.3 13.5 51.2 60.2 
99.6 42.2 84.4 54.5 43.1 28.3 14.9 46.5 37.7 29.4 66.6 25.5 32.6 37.6 97.1 75.7 21.1 63.7 34.0 89.7 13.0 64.4 27.2 54.6 52.2 0.0 49.3 26.9 11.7 21.4 62.8 53.0 32.9 36.4 7.8 24.2 85.4 63.2 34.4 72.7 31.4 61.2 65.8 45.5 
53.0 39.2 49.5 26.9 7.1 26.3 64.2 7.1 64.2 44.3 22.8 45.3 47.7 11.7 50.9 37.1 45.4 59.0 16.0 60.8 40.2 46.1 68.6 16.1 20.6 49.3 0.0 33.3 51.2 51.4 14.0 25.5 39.4 75.8 45.6 25.5 50.2 21.6 64.5 29.1 18.9 17.2 31.0 72.1 
86.3 49.8 57.9 51.4 30.0 29.3 39.3 34.5 59.5 43.8 55.5 12.0 15.5 23.7 84.2 68.4 38.6 40.0 24.7 62.8 27.7 37.7 36.7 45.6 27.5 26.9 33.3 0.0 35.8 42.4 43.8 27.0 43.3 43.0 19.6 20.2 58.9 53.3 31.2 61.9 16.2 39.0 60.2 39.4 
98.0 34.4 91.4 50.2 44.3 26.2 18.9 46.9 26.0 20.1 65.0 36.6 43.8 40.0 95.3 72.1 11.7 74.3 35.1 97.9 11.0 73.5 37.2 52.9 58.2 11.7 51.2 35.8 0.0 10.0 65.1 59.8 25.0 46.4 18.9 26.0 92.4 61.3 45.9 70.7 35.5 65.3 61.9 57.1 
94.2 26.9 95.3 45.2 44.3 25.1 27.9 46.0 17.2 12.0 61.8 45.2 52.4 41.2 91.4 67.1 6.0 82.0 35.7 102.9 14.9 79.5 47.2 50.0 61.7 21.4 51.4 42.4 10.0 0.0 65.3 64.0 18.0 56.3 27.9 28.2 96.2 58.0 55.7 67.1 38.5 66.9 56.8 66.9 
44.1 51.0 40.8 34.7 21.0 40.2 77.6 19.6 77.6 57.7 21.6 55.6 56.6 25.3 42.5 36.3 59.3 60.9 30.0 53.7 54.1 45.2 80.3 22.6 21.9 62.8 14.0 43.8 65.1 65.3 0.0 26.6 52.5 86.8 58.5 39.3 41.3 22.8 74.4 26.0 31.6 10.0 34.0 80.7 
70.2 60.8 31.6 52.2 28.6 42.4 66.2 31.6 79.9 61.1 46.2 36.1 34.4 26.4 68.9 61.1 58.8 34.5 31.9 39.2 49.7 20.6 62.1 41.6 5.0 53.0 25.5 27.0 59.8 64.0 26.6 0.0 58.0 66.9 46.3 36.1 32.6 46.0 52.8 51.6 25.8 17.5 56.2 57.0 
76.9 9.4 87.4 27.5 32.6 15.6 43.8 32.9 25.3 6.3 45.3 50.4 56.9 32.0 74.0 49.2 13.5 82.8 26.2 97.0 20.4 76.4 60.1 34.0 54.6 32.9 39.4 43.3 25.0 18.0 52.5 58.0 0.0 69.3 36.3 23.7 88.2 41.3 65.3 50.0 32.8 56.4 39.0 76.1 
128.8 78.4 93.2 88.5 71.4 62.3 30.3 75.7 70.1 65.7 96.9 31.4 32.6 65.1 126.6 108.4 57.3 56.7 63.9 93.0 49.0 67.2 9.2 85.9 68.9 36.4 75.8 43.0 46.4 56.3 86.8 66.9 69.3 0.0 34.0 55.2 94.2 94.3 15.0 103.3 57.3 81.5 99.0 19.7 
97.4 45.1 77.5 54.6 40.0 28.3 20.0 43.8 44.7 34.0 64.7 17.8 25.0 34.0 95.0 75.1 26.3 55.9 31.4 82.3 16.0 56.8 25.2 53.1 46.0 7.8 45.6 19.6 18.9 27.9 58.5 46.3 36.3 34.0 0.0 21.9 78.4 61.6 29.0 70.9 26.9 55.9 65.4 40.0 
75.7 29.6 67.1 33.5 19.0 9.1 39.0 22.4 43.8 25.5 42.8 29.4 35.0 14.0 73.2 53.3 22.8 59.1 9.8 75.2 15.0 53.2 46.9 31.1 33.5 24.2 25.5 20.2 26.0 28.2 39.3 36.1 23.7 55.2 21.9 0.0 68.0 39.7 47.2 49.0 10.3 39.3 43.8 57.0 
72.0 89.3 1.0 75.6 56.1 73.2 98.2 57.3 111.5 92.1 62.2 66.0 62.2 56.3 72.0 76.0 90.8 44.1 62.1 14.0 82.1 27.9 91.2 63.6 34.4 85.4 50.2 58.9 92.4 96.2 41.3 32.6 88.2 94.2 78.4 68.0 0.0 64.0 79.2 65.2 57.7 33.3 75.2 80.0 
36.7 36.1 63.5 15.5 23.3 35.4 77.7 18.9 66.0 47.5 4.0 65.2 68.4 29.7 34.0 15.5 52.2 80.2 30.4 76.6 51.5 66.2 86.3 8.6 41.0 63.2 21.6 53.3 61.3 58.0 22.8 46.0 41.3 94.3 61.6 39.7 64.0 0.0 84.3 9.4 37.4 32.3 11.2 92.7 
117.5 73.8 78.3 80.6 61.0 55.4 34.7 65.5 71.6 63.0 86.6 19.2 18.4 54.6 115.4 99.1 55.1 42.2 54.6 78.0 45.0 52.2 15.3 76.3 55.2 34.4 64.5 31.2 45.9 55.7 74.4 52.8 65.3 15.0 29.0 47.2 79.2 84.3 0.0 93.0 46.9 68.2 90.4 11.2 
27.3 44.0 64.8 23.0 32.0 44.8 87.1 27.7 74.2 56.3 6.4 73.8 76.7 38.4 24.6 10.8 61.4 86.1 39.6 78.4 60.9 71.1 95.5 18.0 46.7 72.7 29.1 61.9 70.7 67.1 26.0 51.6 50.0 103.3 70.9 49.0 65.2 9.4 93.0 0.0 46.2 36.0 13.9 101.0 
71.6 37.2 56.8 35.5 14.2 17.2 46.1 18.6 54.1 35.4 39.8 27.8 31.6 7.8 69.4 52.4 33.1 51.2 9.0 65.0 24.7 43.6 49.8 29.5 23.3 31.4 18.9 16.2 35.5 38.5 31.6 25.8 32.8 57.3 26.9 10.3 57.7 37.4 46.9 46.2 0.0 30.0 44.0 55.5 
52.8 56.4 32.6 42.4 23.7 42.4 75.7 24.2 80.8 60.9 31.4 50.1 50.0 25.7 51.5 46.3 61.1 51.2 31.3 44.8 54.3 35.2 75.6 30.5 13.5 61.2 17.2 39.0 65.3 66.9 10.0 17.5 56.4 81.5 55.9 39.3 33.3 32.3 68.2 36.0 30.0 0.0 43.3 73.6 
38.5 31.8 74.7 11.7 30.8 37.5 79.5 26.5 62.0 45.3 13.5 71.6 75.6 36.7 35.5 10.3 51.5 90.0 35.8 87.7 53.2 76.7 90.6 15.1 51.2 65.8 31.0 60.2 61.9 56.8 34.0 56.2 39.0 99.0 65.4 43.8 75.2 11.2 90.4 13.9 44.0 43.3 0.0 99.4 
124.5 84.5 79.1 90.1 69.4 65.5 45.2 73.8 82.7 74.0 94.7 27.9 24.4 63.1 122.6 107.8 66.2 39.0 63.7 76.8 56.0 52.2 24.2 85.0 60.2 45.5 72.1 39.4 57.1 66.9 80.7 57.0 76.1 19.7 40.0 57.0 80.0 92.7 11.2 101.0 55.5 73.6 99.4 0.0 

Routes: 
Route: 0 1 9 20 16 8 28 29 35 0 | Demand: 97.0| Cost: 416.0
Route: 0 4 5 32 13 7 23 42 10 0 | Demand: 93.0| Cost: 1092.6
Route: 0 11 12 6 22 33 43 38 25 34 0 | Demand: 96.0| Cost: 885.6
Route: 0 14 3 37 15 39 44 0 | Demand: 95.0| Cost: 158.0
Route: 0 18 2 17 21 19 27 36 40 0 | Demand: 97.0| Cost: 597.7
Route: 0 24 31 41 26 30 0 | Demand: 92.0| Cost: 736.4

Total cost: 3886.3
Execution time: 0.005

