ClarkeWright Sequential: 
 
Distance Matrix: 
0.0 79.8 68.7 109.6 85.4 114.8 70.3 57.2 69.4 91.8 84.1 89.2 19.7 123.0 66.9 82.9 103.9 110.3 39.4 39.2 14.9 70.2 86.2 96.5 82.8 45.0 112.7 56.4 36.8 70.3 51.6 10.2 101.0 70.1 97.4 26.5 82.2 130.2 36.0 99.9 133.6 14.4 96.5 112.6 45.3 
79.8 0.0 20.9 31.1 66.6 66.9 78.9 30.2 28.6 82.1 18.7 69.7 60.4 49.7 43.8 19.7 35.7 67.4 56.2 50.0 65.0 54.2 88.1 45.6 9.1 41.7 36.4 24.3 43.1 25.0 30.1 69.9 40.4 34.8 93.3 54.1 25.3 66.7 47.8 21.0 67.4 65.8 86.5 59.2 42.0 
68.7 20.9 0.0 50.2 79.6 86.1 86.3 12.1 40.7 94.3 38.0 83.2 51.0 70.2 54.1 14.1 56.5 85.8 55.9 48.8 54.2 64.6 98.1 64.3 29.4 25.1 56.4 24.1 34.2 37.7 29.4 58.5 34.5 47.0 105.1 42.3 14.6 87.6 33.2 34.2 88.2 56.0 99.1 79.0 42.2 
109.6 31.1 50.2 0.0 73.0 56.4 93.0 61.0 46.2 88.1 28.2 74.7 89.9 22.1 59.1 41.8 21.3 60.1 80.6 75.7 94.9 67.1 97.5 41.9 26.8 72.8 8.1 53.2 73.1 43.4 58.2 99.8 51.2 50.0 99.3 84.6 47.4 44.7 78.9 20.1 43.0 95.3 91.3 47.2 67.7 
85.4 66.6 79.6 73.0 0.0 36.7 26.0 79.7 39.1 15.6 50.4 4.0 71.2 69.4 26.2 85.6 53.2 30.0 46.6 49.4 76.7 17.0 24.7 32.6 59.4 81.4 69.3 57.6 66.1 42.4 54.8 80.5 107.0 32.8 27.0 75.1 90.4 60.9 79.2 81.4 66.5 74.2 19.8 40.0 48.0 
114.8 66.9 86.1 56.4 36.7 0.0 62.6 91.2 50.4 45.4 48.4 35.1 97.5 42.7 48.0 86.1 35.8 7.1 75.8 75.8 103.4 46.0 57.9 22.0 57.9 97.7 49.6 71.2 87.0 51.8 71.6 107.9 103.2 46.8 54.0 98.2 92.0 26.0 98.8 72.4 32.1 101.7 46.0 9.2 71.1 
70.3 78.9 86.3 93.0 26.0 62.6 0.0 82.6 50.5 23.3 66.7 27.8 61.0 93.0 35.3 95.6 75.2 55.9 37.0 43.0 65.5 26.0 16.0 56.1 73.8 80.1 90.7 62.2 62.6 54.1 57.4 68.1 118.0 44.8 27.2 68.0 99.4 86.7 75.2 97.2 92.2 62.3 27.3 65.8 46.0 
57.2 30.2 12.1 61.0 79.7 91.2 82.6 0.0 42.4 93.5 44.6 83.5 40.3 79.9 53.5 26.0 64.6 90.0 49.2 42.0 43.0 63.6 95.7 69.2 37.6 13.0 66.6 22.1 24.7 40.1 25.6 47.1 44.3 48.1 103.8 31.0 25.0 95.5 21.4 46.0 96.8 45.1 98.5 84.9 36.8 
69.4 28.6 40.7 46.2 39.1 50.4 50.5 42.4 0.0 54.2 18.0 42.5 50.2 54.6 15.3 46.8 35.0 48.3 35.1 31.4 56.0 25.6 59.5 29.2 23.4 47.4 46.6 21.0 37.1 3.6 21.2 60.9 68.6 6.4 65.3 48.9 51.4 61.2 48.4 46.8 64.4 55.2 58.8 45.7 24.2 
91.8 82.1 94.3 88.1 15.6 45.4 23.3 93.5 54.2 0.0 66.1 13.4 80.0 82.8 40.3 100.9 67.8 38.3 55.0 59.3 85.1 30.0 12.6 46.8 75.0 94.0 83.9 71.6 77.7 57.6 68.2 88.4 122.4 47.8 11.4 85.4 105.6 71.2 90.8 97.0 77.1 82.2 5.1 51.0 59.7 
84.1 18.7 38.0 28.2 50.4 48.4 66.7 44.6 18.0 66.1 0.0 53.1 64.4 39.1 31.8 38.3 20.8 48.8 52.6 48.1 69.8 40.9 73.6 26.9 9.8 53.7 29.2 29.1 48.8 15.3 32.6 74.8 57.7 22.4 77.5 60.8 44.0 51.1 57.4 31.1 52.8 69.6 70.1 41.0 40.3 
89.2 69.7 83.2 74.7 4.0 35.1 27.8 83.5 42.5 13.4 53.1 0.0 75.1 69.9 30.1 88.8 54.4 28.2 50.4 53.3 80.6 21.0 24.1 33.5 62.2 85.3 70.6 61.4 70.1 45.8 58.7 84.4 110.0 36.2 24.7 79.1 93.7 60.0 83.2 83.9 65.8 78.1 17.0 39.3 52.0 
19.7 60.4 51.0 89.9 71.2 97.5 61.0 40.3 50.2 80.0 64.4 75.1 0.0 103.4 49.7 65.0 84.4 93.5 25.0 22.1 5.8 54.8 76.8 78.2 63.1 29.7 93.0 36.7 17.5 50.9 31.9 10.6 84.6 51.6 87.4 10.3 65.1 111.4 21.0 80.8 114.6 5.4 85.0 94.6 26.6 
123.0 49.7 70.2 22.1 69.4 42.7 93.0 79.9 54.6 82.8 39.1 69.9 103.4 0.0 63.6 63.3 19.7 48.3 89.5 86.0 108.9 68.7 93.9 37.0 42.8 90.8 14.3 67.9 87.8 53.0 71.7 113.9 73.0 56.1 93.1 99.8 69.1 24.2 95.7 42.2 21.4 108.6 84.9 34.0 78.5 
66.9 43.8 54.1 59.1 26.2 48.0 35.3 53.5 15.3 40.3 31.8 30.1 49.7 63.6 0.0 61.5 44.1 43.9 28.3 27.8 55.5 10.6 44.6 30.6 38.5 55.4 58.1 31.4 41.2 18.9 28.6 59.9 83.6 9.5 51.0 51.4 65.9 64.8 54.0 61.8 69.1 53.7 45.2 46.0 23.8 
82.9 19.7 14.1 41.8 85.6 86.1 95.6 26.0 46.8 100.9 38.3 88.8 65.0 63.3 61.5 0.0 53.0 87.0 68.0 61.0 68.4 72.1 106.1 65.1 28.5 38.9 49.0 34.9 48.0 43.3 40.9 72.7 22.5 53.2 112.0 56.4 6.0 83.3 47.3 23.0 83.0 70.1 105.4 78.1 53.9 
103.9 35.7 56.5 21.3 53.2 35.8 75.2 64.6 35.0 67.8 20.8 54.4 84.4 19.7 44.1 53.0 0.0 39.1 69.8 66.4 89.9 50.0 77.9 21.0 27.2 74.3 16.2 49.8 69.4 33.6 53.0 94.9 68.0 36.4 78.8 81.4 59.0 31.0 78.2 36.8 32.2 89.5 70.7 26.8 59.1 
110.3 67.4 85.8 60.1 30.0 7.1 55.9 90.0 48.3 38.3 48.8 28.2 93.5 48.3 43.9 87.0 39.1 0.0 71.0 71.6 99.3 40.6 50.8 21.8 58.5 95.6 53.8 69.3 83.9 50.0 69.1 103.8 105.1 43.9 47.0 94.9 92.7 33.0 96.1 74.9 39.0 97.5 39.0 14.3 67.4 
39.4 56.2 55.9 80.6 46.6 75.8 37.0 49.2 35.1 55.0 52.6 50.4 25.0 89.5 28.3 68.0 69.8 71.0 0.0 7.2 30.3 30.9 52.4 58.8 55.1 44.2 81.6 33.2 26.4 37.4 27.2 34.0 90.1 33.6 62.6 31.0 70.3 93.0 38.5 77.1 97.0 27.7 60.0 74.3 14.3 
39.2 50.0 48.8 75.7 49.4 75.8 43.0 42.0 31.4 59.3 48.1 53.3 22.1 86.0 27.8 61.0 66.4 71.6 7.2 0.0 27.9 32.8 57.9 57.4 49.6 37.4 77.3 26.5 19.7 33.1 20.4 32.2 83.0 31.1 67.7 26.1 63.2 91.2 32.3 71.0 94.9 25.9 64.4 73.4 8.1 
14.9 65.0 54.2 94.9 76.7 103.4 65.5 43.0 56.0 85.1 69.8 80.6 5.8 108.9 55.5 68.4 89.9 99.3 30.3 27.9 0.0 60.4 81.4 84.1 68.1 31.4 98.2 41.7 21.9 56.6 37.2 5.0 87.1 57.4 92.1 12.0 68.0 117.2 22.4 85.1 120.3 3.6 90.0 100.4 32.4 
70.2 54.2 64.6 67.1 17.0 46.0 26.0 63.6 25.6 30.0 40.9 21.0 54.8 68.7 10.6 72.1 50.0 40.6 30.9 32.8 60.4 0.0 34.0 32.9 48.4 64.5 65.1 41.6 49.1 29.2 38.3 64.5 94.2 19.4 40.5 58.2 76.5 66.2 62.2 71.6 71.1 58.2 34.9 46.0 31.0 
86.2 88.1 98.1 97.5 24.7 57.9 16.0 95.7 59.5 12.6 73.6 24.1 76.8 93.9 44.6 106.1 77.9 50.8 52.4 57.9 81.4 34.0 0.0 57.3 81.8 94.4 94.0 74.4 77.3 63.1 70.2 84.1 128.1 53.3 11.4 83.4 110.3 83.5 90.1 104.6 89.4 78.2 14.2 63.1 59.9 
96.5 45.6 64.3 41.9 32.6 22.0 56.1 69.2 29.2 46.8 26.9 33.5 78.2 37.0 30.6 65.1 21.0 21.8 58.8 57.4 84.1 32.9 57.3 0.0 36.7 75.9 37.2 49.5 66.2 30.1 50.3 88.8 83.6 26.6 57.8 77.8 70.9 34.2 77.5 54.2 38.6 82.8 49.7 16.6 51.6 
82.8 9.1 29.4 26.8 59.4 57.9 73.8 37.6 23.4 75.0 9.8 62.2 63.1 42.8 38.5 28.5 27.2 58.5 55.1 49.6 68.1 48.4 81.8 36.7 0.0 48.0 30.5 26.4 46.3 19.9 31.4 73.1 48.0 29.1 86.4 58.0 34.2 58.2 53.0 23.4 59.2 68.4 79.2 50.2 41.6 
45.0 41.7 25.1 72.8 81.4 97.7 80.1 13.0 47.4 94.0 53.7 85.3 29.7 90.8 55.4 38.9 74.3 95.6 44.2 37.4 31.4 64.5 94.4 75.9 48.0 0.0 78.0 26.5 17.8 45.9 27.0 35.1 56.0 52.0 103.5 19.6 37.5 104.7 9.1 58.8 106.5 34.0 99.0 92.2 34.5 
112.7 36.4 56.4 8.1 69.3 49.6 90.7 66.6 46.6 83.9 29.2 70.6 93.0 14.3 58.1 49.0 16.2 53.8 81.6 77.3 98.2 65.1 94.0 37.2 30.5 78.0 0.0 56.6 76.6 44.3 61.1 103.2 59.2 49.5 94.9 88.4 54.8 36.7 83.5 28.0 35.0 98.3 86.8 40.4 69.5 
56.4 24.3 24.1 53.2 57.6 71.2 62.2 22.1 21.0 71.6 29.1 61.4 36.7 67.9 31.4 34.9 49.8 69.3 33.2 26.5 41.7 41.6 74.4 49.5 26.4 26.5 56.6 0.0 20.0 19.4 6.1 46.6 57.2 26.2 82.0 31.9 37.7 79.3 28.7 45.3 81.5 42.0 76.5 65.8 19.0 
36.8 43.1 34.2 73.1 66.1 87.0 62.6 24.7 37.1 77.7 48.8 70.1 17.5 87.8 41.2 48.0 69.4 83.9 26.4 19.7 21.9 49.1 77.3 66.2 46.3 17.8 76.6 20.0 0.0 36.9 16.4 26.8 68.4 40.2 86.7 12.0 48.7 97.9 13.2 63.3 100.6 22.8 82.8 82.8 18.1 
70.3 25.0 37.7 43.4 42.4 51.8 54.1 40.1 3.6 57.6 15.3 45.8 50.9 53.0 18.9 43.3 33.6 50.0 37.4 33.1 56.6 29.2 63.1 30.1 19.9 45.9 44.3 19.4 36.9 0.0 20.6 61.5 65.1 9.9 68.8 48.8 48.0 61.0 47.5 43.3 63.9 56.0 62.2 46.5 25.6 
51.6 30.1 29.4 58.2 54.8 71.6 57.4 25.6 21.2 68.2 32.6 58.7 31.9 71.7 28.6 40.9 53.0 69.1 27.2 20.4 37.2 38.3 70.2 50.3 31.4 27.0 61.1 6.1 16.4 20.6 0.0 42.2 63.1 25.2 78.3 28.4 43.4 81.5 27.2 51.2 84.2 37.2 73.2 66.9 13.0 
10.2 69.9 58.5 99.8 80.5 107.9 68.1 47.1 60.9 88.4 74.8 84.4 10.6 113.9 59.9 72.7 94.9 103.8 34.0 32.2 5.0 64.5 84.1 88.8 73.1 35.1 103.2 46.6 26.8 61.5 42.2 0.0 91.0 62.2 95.0 16.3 72.1 122.0 26.0 89.8 125.3 6.3 93.3 105.1 37.2 
101.0 40.4 34.5 51.2 107.0 103.2 118.0 44.3 68.6 122.4 57.7 110.0 84.6 73.0 83.6 22.5 68.0 105.1 90.1 83.0 87.1 94.2 128.1 83.6 48.0 56.0 59.2 57.2 68.4 65.1 63.1 91.0 0.0 75.0 133.7 75.2 19.9 95.8 65.0 31.6 94.2 89.4 126.8 94.6 76.1 
70.1 34.8 47.0 50.0 32.8 46.8 44.8 48.1 6.4 47.8 22.4 36.2 51.6 56.1 9.5 53.2 36.4 43.9 33.6 31.1 57.4 19.4 53.3 26.6 29.1 52.0 49.5 26.2 40.2 9.9 25.2 62.2 75.0 0.0 58.9 51.5 57.8 60.1 52.2 52.4 63.8 56.2 52.4 43.0 25.0 
97.4 93.3 105.1 99.3 27.0 54.0 27.2 103.8 65.3 11.4 77.5 24.7 87.4 93.1 51.0 112.0 78.8 47.0 62.6 67.7 92.1 40.5 11.4 57.8 86.4 103.5 94.9 82.0 86.7 68.8 78.3 95.0 133.7 58.9 0.0 93.6 116.7 80.0 99.7 108.4 86.1 89.1 8.2 60.5 68.9 
26.5 54.1 42.3 84.6 75.1 98.2 68.0 31.0 48.9 85.4 60.8 79.1 10.3 99.8 51.4 56.4 81.4 94.9 31.0 26.1 12.0 58.2 83.4 77.8 58.0 19.6 88.4 31.9 12.0 48.8 28.4 16.3 75.2 51.5 93.6 0.0 56.0 109.9 10.8 73.7 112.6 14.3 90.4 94.4 27.7 
82.2 25.3 14.6 47.4 90.4 92.0 99.4 25.0 51.4 105.6 44.0 93.7 65.1 69.1 65.9 6.0 59.0 92.7 70.3 63.2 68.0 76.5 110.3 70.9 34.2 37.5 54.8 37.7 48.7 48.0 43.4 72.1 19.9 57.8 116.7 56.0 0.0 89.3 46.3 28.2 89.0 70.0 110.2 84.0 56.4 
130.2 66.7 87.6 44.7 60.9 26.0 86.7 95.5 61.2 71.2 51.1 60.0 111.4 24.2 64.8 83.3 31.0 33.0 93.0 91.2 117.2 66.2 83.5 34.2 58.2 104.7 36.7 79.3 97.9 61.0 81.5 122.0 95.8 60.1 80.0 109.9 89.3 0.0 107.9 64.3 6.1 116.2 72.0 20.9 85.0 
36.0 47.8 33.2 78.9 79.2 98.8 75.2 21.4 48.4 90.8 57.4 83.2 21.0 95.7 54.0 47.3 78.2 96.1 38.5 32.3 22.4 62.2 90.1 77.5 53.0 9.1 83.5 28.7 13.2 47.5 27.2 26.0 65.0 52.2 99.7 10.8 46.3 107.9 0.0 66.2 110.1 25.0 95.9 94.0 31.3 
99.9 21.0 34.2 20.1 81.4 72.4 97.2 46.0 46.8 97.0 31.1 83.9 80.8 42.2 61.8 23.0 36.8 74.9 77.1 71.0 85.1 71.6 104.6 54.2 23.4 58.8 28.0 45.3 63.3 43.3 51.2 89.8 31.6 52.4 108.4 73.7 28.2 64.3 66.2 0.0 63.0 86.1 100.9 63.6 63.0 
133.6 67.4 88.2 43.0 66.5 32.1 92.2 96.8 64.4 77.1 52.8 65.8 114.6 21.4 69.1 83.0 32.2 39.0 97.0 94.9 120.3 71.1 89.4 38.6 59.2 106.5 35.0 81.5 100.6 63.9 84.2 125.3 94.2 63.8 86.1 112.6 89.0 6.1 110.1 63.0 0.0 119.5 78.0 26.5 88.4 
14.4 65.8 56.0 95.3 74.2 101.7 62.3 45.1 55.2 82.2 69.6 78.1 5.4 108.6 53.7 70.1 89.5 97.5 27.7 25.9 3.6 58.2 78.2 82.8 68.4 34.0 98.3 42.0 22.8 56.0 37.2 6.3 89.4 56.2 89.1 14.3 70.0 116.2 25.0 86.1 119.5 0.0 87.1 99.0 31.2 
96.5 86.5 99.1 91.3 19.8 46.0 27.3 98.5 58.8 5.1 70.1 17.0 85.0 84.9 45.2 105.4 70.7 39.0 60.0 64.4 90.0 34.9 14.2 49.7 79.2 99.0 86.8 76.5 82.8 62.2 73.2 93.3 126.8 52.4 8.2 90.4 110.2 72.0 95.9 100.9 78.0 87.1 0.0 52.3 64.8 
112.6 59.2 79.0 47.2 40.0 9.2 65.8 84.9 45.7 51.0 41.0 39.3 94.6 34.0 46.0 78.1 26.8 14.3 74.3 73.4 100.4 46.0 63.1 16.6 50.2 92.2 40.4 65.8 82.8 46.5 66.9 105.1 94.6 43.0 60.5 94.4 84.0 20.9 94.0 63.6 26.5 99.0 52.3 0.0 68.0 
45.3 42.0 42.2 67.7 48.0 71.1 46.0 36.8 24.2 59.7 40.3 52.0 26.6 78.5 23.8 53.9 59.1 67.4 14.3 8.1 32.4 31.0 59.9 51.6 41.6 34.5 69.5 19.0 18.1 25.6 13.0 37.2 76.1 25.0 68.9 27.7 56.4 85.0 31.3 63.0 88.4 31.2 64.8 68.0 0.0 

Routes: 
Route: 0 1 39 3 26 32 24 13 16 40 10 15 0 | Demand: 99.0| Cost: 3682.5
Route: 0 2 36 37 45 7 43 27 20 0 | Demand: 98.0| Cost: 2683.0
Route: 0 4 11 5 17 9 42 34 6 0 | Demand: 99.0| Cost: 1925.1
Route: 0 8 23 29 33 14 22 35 0 | Demand: 100.0| Cost: 1538.1
Route: 0 12 30 28 44 19 18 0 | Demand: 96.0| Cost: 653.0
Route: 0 21 25 38 41 0 | Demand: 90.0| Cost: 683.1
Route: 0 31 0 | Demand: 11.0| Cost: 20.4

Total cost: 11185.2
Execution time: 0.013

-----------------------------------------

ClarkeWright Parallel: 
 
Distance Matrix: 
0.0 79.8 68.7 109.6 85.4 114.8 70.3 57.2 69.4 91.8 84.1 89.2 19.7 123.0 66.9 82.9 103.9 110.3 39.4 39.2 14.9 70.2 86.2 96.5 82.8 45.0 112.7 56.4 36.8 70.3 51.6 10.2 101.0 70.1 97.4 26.5 82.2 130.2 36.0 99.9 133.6 14.4 96.5 112.6 45.3 
79.8 0.0 20.9 31.1 66.6 66.9 78.9 30.2 28.6 82.1 18.7 69.7 60.4 49.7 43.8 19.7 35.7 67.4 56.2 50.0 65.0 54.2 88.1 45.6 9.1 41.7 36.4 24.3 43.1 25.0 30.1 69.9 40.4 34.8 93.3 54.1 25.3 66.7 47.8 21.0 67.4 65.8 86.5 59.2 42.0 
68.7 20.9 0.0 50.2 79.6 86.1 86.3 12.1 40.7 94.3 38.0 83.2 51.0 70.2 54.1 14.1 56.5 85.8 55.9 48.8 54.2 64.6 98.1 64.3 29.4 25.1 56.4 24.1 34.2 37.7 29.4 58.5 34.5 47.0 105.1 42.3 14.6 87.6 33.2 34.2 88.2 56.0 99.1 79.0 42.2 
109.6 31.1 50.2 0.0 73.0 56.4 93.0 61.0 46.2 88.1 28.2 74.7 89.9 22.1 59.1 41.8 21.3 60.1 80.6 75.7 94.9 67.1 97.5 41.9 26.8 72.8 8.1 53.2 73.1 43.4 58.2 99.8 51.2 50.0 99.3 84.6 47.4 44.7 78.9 20.1 43.0 95.3 91.3 47.2 67.7 
85.4 66.6 79.6 73.0 0.0 36.7 26.0 79.7 39.1 15.6 50.4 4.0 71.2 69.4 26.2 85.6 53.2 30.0 46.6 49.4 76.7 17.0 24.7 32.6 59.4 81.4 69.3 57.6 66.1 42.4 54.8 80.5 107.0 32.8 27.0 75.1 90.4 60.9 79.2 81.4 66.5 74.2 19.8 40.0 48.0 
114.8 66.9 86.1 56.4 36.7 0.0 62.6 91.2 50.4 45.4 48.4 35.1 97.5 42.7 48.0 86.1 35.8 7.1 75.8 75.8 103.4 46.0 57.9 22.0 57.9 97.7 49.6 71.2 87.0 51.8 71.6 107.9 103.2 46.8 54.0 98.2 92.0 26.0 98.8 72.4 32.1 101.7 46.0 9.2 71.1 
70.3 78.9 86.3 93.0 26.0 62.6 0.0 82.6 50.5 23.3 66.7 27.8 61.0 93.0 35.3 95.6 75.2 55.9 37.0 43.0 65.5 26.0 16.0 56.1 73.8 80.1 90.7 62.2 62.6 54.1 57.4 68.1 118.0 44.8 27.2 68.0 99.4 86.7 75.2 97.2 92.2 62.3 27.3 65.8 46.0 
57.2 30.2 12.1 61.0 79.7 91.2 82.6 0.0 42.4 93.5 44.6 83.5 40.3 79.9 53.5 26.0 64.6 90.0 49.2 42.0 43.0 63.6 95.7 69.2 37.6 13.0 66.6 22.1 24.7 40.1 25.6 47.1 44.3 48.1 103.8 31.0 25.0 95.5 21.4 46.0 96.8 45.1 98.5 84.9 36.8 
69.4 28.6 40.7 46.2 39.1 50.4 50.5 42.4 0.0 54.2 18.0 42.5 50.2 54.6 15.3 46.8 35.0 48.3 35.1 31.4 56.0 25.6 59.5 29.2 23.4 47.4 46.6 21.0 37.1 3.6 21.2 60.9 68.6 6.4 65.3 48.9 51.4 61.2 48.4 46.8 64.4 55.2 58.8 45.7 24.2 
91.8 82.1 94.3 88.1 15.6 45.4 23.3 93.5 54.2 0.0 66.1 13.4 80.0 82.8 40.3 100.9 67.8 38.3 55.0 59.3 85.1 30.0 12.6 46.8 75.0 94.0 83.9 71.6 77.7 57.6 68.2 88.4 122.4 47.8 11.4 85.4 105.6 71.2 90.8 97.0 77.1 82.2 5.1 51.0 59.7 
84.1 18.7 38.0 28.2 50.4 48.4 66.7 44.6 18.0 66.1 0.0 53.1 64.4 39.1 31.8 38.3 20.8 48.8 52.6 48.1 69.8 40.9 73.6 26.9 9.8 53.7 29.2 29.1 48.8 15.3 32.6 74.8 57.7 22.4 77.5 60.8 44.0 51.1 57.4 31.1 52.8 69.6 70.1 41.0 40.3 
89.2 69.7 83.2 74.7 4.0 35.1 27.8 83.5 42.5 13.4 53.1 0.0 75.1 69.9 30.1 88.8 54.4 28.2 50.4 53.3 80.6 21.0 24.1 33.5 62.2 85.3 70.6 61.4 70.1 45.8 58.7 84.4 110.0 36.2 24.7 79.1 93.7 60.0 83.2 83.9 65.8 78.1 17.0 39.3 52.0 
19.7 60.4 51.0 89.9 71.2 97.5 61.0 40.3 50.2 80.0 64.4 75.1 0.0 103.4 49.7 65.0 84.4 93.5 25.0 22.1 5.8 54.8 76.8 78.2 63.1 29.7 93.0 36.7 17.5 50.9 31.9 10.6 84.6 51.6 87.4 10.3 65.1 111.4 21.0 80.8 114.6 5.4 85.0 94.6 26.6 
123.0 49.7 70.2 22.1 69.4 42.7 93.0 79.9 54.6 82.8 39.1 69.9 103.4 0.0 63.6 63.3 19.7 48.3 89.5 86.0 108.9 68.7 93.9 37.0 42.8 90.8 14.3 67.9 87.8 53.0 71.7 113.9 73.0 56.1 93.1 99.8 69.1 24.2 95.7 42.2 21.4 108.6 84.9 34.0 78.5 
66.9 43.8 54.1 59.1 26.2 48.0 35.3 53.5 15.3 40.3 31.8 30.1 49.7 63.6 0.0 61.5 44.1 43.9 28.3 27.8 55.5 10.6 44.6 30.6 38.5 55.4 58.1 31.4 41.2 18.9 28.6 59.9 83.6 9.5 51.0 51.4 65.9 64.8 54.0 61.8 69.1 53.7 45.2 46.0 23.8 
82.9 19.7 14.1 41.8 85.6 86.1 95.6 26.0 46.8 100.9 38.3 88.8 65.0 63.3 61.5 0.0 53.0 87.0 68.0 61.0 68.4 72.1 106.1 65.1 28.5 38.9 49.0 34.9 48.0 43.3 40.9 72.7 22.5 53.2 112.0 56.4 6.0 83.3 47.3 23.0 83.0 70.1 105.4 78.1 53.9 
103.9 35.7 56.5 21.3 53.2 35.8 75.2 64.6 35.0 67.8 20.8 54.4 84.4 19.7 44.1 53.0 0.0 39.1 69.8 66.4 89.9 50.0 77.9 21.0 27.2 74.3 16.2 49.8 69.4 33.6 53.0 94.9 68.0 36.4 78.8 81.4 59.0 31.0 78.2 36.8 32.2 89.5 70.7 26.8 59.1 
110.3 67.4 85.8 60.1 30.0 7.1 55.9 90.0 48.3 38.3 48.8 28.2 93.5 48.3 43.9 87.0 39.1 0.0 71.0 71.6 99.3 40.6 50.8 21.8 58.5 95.6 53.8 69.3 83.9 50.0 69.1 103.8 105.1 43.9 47.0 94.9 92.7 33.0 96.1 74.9 39.0 97.5 39.0 14.3 67.4 
39.4 56.2 55.9 80.6 46.6 75.8 37.0 49.2 35.1 55.0 52.6 50.4 25.0 89.5 28.3 68.0 69.8 71.0 0.0 7.2 30.3 30.9 52.4 58.8 55.1 44.2 81.6 33.2 26.4 37.4 27.2 34.0 90.1 33.6 62.6 31.0 70.3 93.0 38.5 77.1 97.0 27.7 60.0 74.3 14.3 
39.2 50.0 48.8 75.7 49.4 75.8 43.0 42.0 31.4 59.3 48.1 53.3 22.1 86.0 27.8 61.0 66.4 71.6 7.2 0.0 27.9 32.8 57.9 57.4 49.6 37.4 77.3 26.5 19.7 33.1 20.4 32.2 83.0 31.1 67.7 26.1 63.2 91.2 32.3 71.0 94.9 25.9 64.4 73.4 8.1 
14.9 65.0 54.2 94.9 76.7 103.4 65.5 43.0 56.0 85.1 69.8 80.6 5.8 108.9 55.5 68.4 89.9 99.3 30.3 27.9 0.0 60.4 81.4 84.1 68.1 31.4 98.2 41.7 21.9 56.6 37.2 5.0 87.1 57.4 92.1 12.0 68.0 117.2 22.4 85.1 120.3 3.6 90.0 100.4 32.4 
70.2 54.2 64.6 67.1 17.0 46.0 26.0 63.6 25.6 30.0 40.9 21.0 54.8 68.7 10.6 72.1 50.0 40.6 30.9 32.8 60.4 0.0 34.0 32.9 48.4 64.5 65.1 41.6 49.1 29.2 38.3 64.5 94.2 19.4 40.5 58.2 76.5 66.2 62.2 71.6 71.1 58.2 34.9 46.0 31.0 
86.2 88.1 98.1 97.5 24.7 57.9 16.0 95.7 59.5 12.6 73.6 24.1 76.8 93.9 44.6 106.1 77.9 50.8 52.4 57.9 81.4 34.0 0.0 57.3 81.8 94.4 94.0 74.4 77.3 63.1 70.2 84.1 128.1 53.3 11.4 83.4 110.3 83.5 90.1 104.6 89.4 78.2 14.2 63.1 59.9 
96.5 45.6 64.3 41.9 32.6 22.0 56.1 69.2 29.2 46.8 26.9 33.5 78.2 37.0 30.6 65.1 21.0 21.8 58.8 57.4 84.1 32.9 57.3 0.0 36.7 75.9 37.2 49.5 66.2 30.1 50.3 88.8 83.6 26.6 57.8 77.8 70.9 34.2 77.5 54.2 38.6 82.8 49.7 16.6 51.6 
82.8 9.1 29.4 26.8 59.4 57.9 73.8 37.6 23.4 75.0 9.8 62.2 63.1 42.8 38.5 28.5 27.2 58.5 55.1 49.6 68.1 48.4 81.8 36.7 0.0 48.0 30.5 26.4 46.3 19.9 31.4 73.1 48.0 29.1 86.4 58.0 34.2 58.2 53.0 23.4 59.2 68.4 79.2 50.2 41.6 
45.0 41.7 25.1 72.8 81.4 97.7 80.1 13.0 47.4 94.0 53.7 85.3 29.7 90.8 55.4 38.9 74.3 95.6 44.2 37.4 31.4 64.5 94.4 75.9 48.0 0.0 78.0 26.5 17.8 45.9 27.0 35.1 56.0 52.0 103.5 19.6 37.5 104.7 9.1 58.8 106.5 34.0 99.0 92.2 34.5 
112.7 36.4 56.4 8.1 69.3 49.6 90.7 66.6 46.6 83.9 29.2 70.6 93.0 14.3 58.1 49.0 16.2 53.8 81.6 77.3 98.2 65.1 94.0 37.2 30.5 78.0 0.0 56.6 76.6 44.3 61.1 103.2 59.2 49.5 94.9 88.4 54.8 36.7 83.5 28.0 35.0 98.3 86.8 40.4 69.5 
56.4 24.3 24.1 53.2 57.6 71.2 62.2 22.1 21.0 71.6 29.1 61.4 36.7 67.9 31.4 34.9 49.8 69.3 33.2 26.5 41.7 41.6 74.4 49.5 26.4 26.5 56.6 0.0 20.0 19.4 6.1 46.6 57.2 26.2 82.0 31.9 37.7 79.3 28.7 45.3 81.5 42.0 76.5 65.8 19.0 
36.8 43.1 34.2 73.1 66.1 87.0 62.6 24.7 37.1 77.7 48.8 70.1 17.5 87.8 41.2 48.0 69.4 83.9 26.4 19.7 21.9 49.1 77.3 66.2 46.3 17.8 76.6 20.0 0.0 36.9 16.4 26.8 68.4 40.2 86.7 12.0 48.7 97.9 13.2 63.3 100.6 22.8 82.8 82.8 18.1 
70.3 25.0 37.7 43.4 42.4 51.8 54.1 40.1 3.6 57.6 15.3 45.8 50.9 53.0 18.9 43.3 33.6 50.0 37.4 33.1 56.6 29.2 63.1 30.1 19.9 45.9 44.3 19.4 36.9 0.0 20.6 61.5 65.1 9.9 68.8 48.8 48.0 61.0 47.5 43.3 63.9 56.0 62.2 46.5 25.6 
51.6 30.1 29.4 58.2 54.8 71.6 57.4 25.6 21.2 68.2 32.6 58.7 31.9 71.7 28.6 40.9 53.0 69.1 27.2 20.4 37.2 38.3 70.2 50.3 31.4 27.0 61.1 6.1 16.4 20.6 0.0 42.2 63.1 25.2 78.3 28.4 43.4 81.5 27.2 51.2 84.2 37.2 73.2 66.9 13.0 
10.2 69.9 58.5 99.8 80.5 107.9 68.1 47.1 60.9 88.4 74.8 84.4 10.6 113.9 59.9 72.7 94.9 103.8 34.0 32.2 5.0 64.5 84.1 88.8 73.1 35.1 103.2 46.6 26.8 61.5 42.2 0.0 91.0 62.2 95.0 16.3 72.1 122.0 26.0 89.8 125.3 6.3 93.3 105.1 37.2 
101.0 40.4 34.5 51.2 107.0 103.2 118.0 44.3 68.6 122.4 57.7 110.0 84.6 73.0 83.6 22.5 68.0 105.1 90.1 83.0 87.1 94.2 128.1 83.6 48.0 56.0 59.2 57.2 68.4 65.1 63.1 91.0 0.0 75.0 133.7 75.2 19.9 95.8 65.0 31.6 94.2 89.4 126.8 94.6 76.1 
70.1 34.8 47.0 50.0 32.8 46.8 44.8 48.1 6.4 47.8 22.4 36.2 51.6 56.1 9.5 53.2 36.4 43.9 33.6 31.1 57.4 19.4 53.3 26.6 29.1 52.0 49.5 26.2 40.2 9.9 25.2 62.2 75.0 0.0 58.9 51.5 57.8 60.1 52.2 52.4 63.8 56.2 52.4 43.0 25.0 
97.4 93.3 105.1 99.3 27.0 54.0 27.2 103.8 65.3 11.4 77.5 24.7 87.4 93.1 51.0 112.0 78.8 47.0 62.6 67.7 92.1 40.5 11.4 57.8 86.4 103.5 94.9 82.0 86.7 68.8 78.3 95.0 133.7 58.9 0.0 93.6 116.7 80.0 99.7 108.4 86.1 89.1 8.2 60.5 68.9 
26.5 54.1 42.3 84.6 75.1 98.2 68.0 31.0 48.9 85.4 60.8 79.1 10.3 99.8 51.4 56.4 81.4 94.9 31.0 26.1 12.0 58.2 83.4 77.8 58.0 19.6 88.4 31.9 12.0 48.8 28.4 16.3 75.2 51.5 93.6 0.0 56.0 109.9 10.8 73.7 112.6 14.3 90.4 94.4 27.7 
82.2 25.3 14.6 47.4 90.4 92.0 99.4 25.0 51.4 105.6 44.0 93.7 65.1 69.1 65.9 6.0 59.0 92.7 70.3 63.2 68.0 76.5 110.3 70.9 34.2 37.5 54.8 37.7 48.7 48.0 43.4 72.1 19.9 57.8 116.7 56.0 0.0 89.3 46.3 28.2 89.0 70.0 110.2 84.0 56.4 
130.2 66.7 87.6 44.7 60.9 26.0 86.7 95.5 61.2 71.2 51.1 60.0 111.4 24.2 64.8 83.3 31.0 33.0 93.0 91.2 117.2 66.2 83.5 34.2 58.2 104.7 36.7 79.3 97.9 61.0 81.5 122.0 95.8 60.1 80.0 109.9 89.3 0.0 107.9 64.3 6.1 116.2 72.0 20.9 85.0 
36.0 47.8 33.2 78.9 79.2 98.8 75.2 21.4 48.4 90.8 57.4 83.2 21.0 95.7 54.0 47.3 78.2 96.1 38.5 32.3 22.4 62.2 90.1 77.5 53.0 9.1 83.5 28.7 13.2 47.5 27.2 26.0 65.0 52.2 99.7 10.8 46.3 107.9 0.0 66.2 110.1 25.0 95.9 94.0 31.3 
99.9 21.0 34.2 20.1 81.4 72.4 97.2 46.0 46.8 97.0 31.1 83.9 80.8 42.2 61.8 23.0 36.8 74.9 77.1 71.0 85.1 71.6 104.6 54.2 23.4 58.8 28.0 45.3 63.3 43.3 51.2 89.8 31.6 52.4 108.4 73.7 28.2 64.3 66.2 0.0 63.0 86.1 100.9 63.6 63.0 
133.6 67.4 88.2 43.0 66.5 32.1 92.2 96.8 64.4 77.1 52.8 65.8 114.6 21.4 69.1 83.0 32.2 39.0 97.0 94.9 120.3 71.1 89.4 38.6 59.2 106.5 35.0 81.5 100.6 63.9 84.2 125.3 94.2 63.8 86.1 112.6 89.0 6.1 110.1 63.0 0.0 119.5 78.0 26.5 88.4 
14.4 65.8 56.0 95.3 74.2 101.7 62.3 45.1 55.2 82.2 69.6 78.1 5.4 108.6 53.7 70.1 89.5 97.5 27.7 25.9 3.6 58.2 78.2 82.8 68.4 34.0 98.3 42.0 22.8 56.0 37.2 6.3 89.4 56.2 89.1 14.3 70.0 116.2 25.0 86.1 119.5 0.0 87.1 99.0 31.2 
96.5 86.5 99.1 91.3 19.8 46.0 27.3 98.5 58.8 5.1 70.1 17.0 85.0 84.9 45.2 105.4 70.7 39.0 60.0 64.4 90.0 34.9 14.2 49.7 79.2 99.0 86.8 76.5 82.8 62.2 73.2 93.3 126.8 52.4 8.2 90.4 110.2 72.0 95.9 100.9 78.0 87.1 0.0 52.3 64.8 
112.6 59.2 79.0 47.2 40.0 9.2 65.8 84.9 45.7 51.0 41.0 39.3 94.6 34.0 46.0 78.1 26.8 14.3 74.3 73.4 100.4 46.0 63.1 16.6 50.2 92.2 40.4 65.8 82.8 46.5 66.9 105.1 94.6 43.0 60.5 94.4 84.0 20.9 94.0 63.6 26.5 99.0 52.3 0.0 68.0 
45.3 42.0 42.2 67.7 48.0 71.1 46.0 36.8 24.2 59.7 40.3 52.0 26.6 78.5 23.8 53.9 59.1 67.4 14.3 8.1 32.4 31.0 59.9 51.6 41.6 34.5 69.5 19.0 18.1 25.6 13.0 37.2 76.1 25.0 68.9 27.7 56.4 85.0 31.3 63.0 88.4 31.2 64.8 68.0 0.0 

Routes: 
Route: 0 2 1 15 32 39 36 45 0 | Demand: 100.0| Cost: 685.0
Route: 0 8 16 23 24 29 33 27 28 0 | Demand: 99.0| Cost: 950.2
Route: 0 10 11 3 5 13 37 40 43 26 17 0 | Demand: 100.0| Cost: 740.5
Route: 0 12 14 30 44 19 0 | Demand: 90.0| Cost: 197.7
Route: 0 18 6 4 22 9 34 42 21 0 | Demand: 97.0| Cost: 343.2
Route: 0 20 7 25 38 35 41 0 | Demand: 96.0| Cost: 266.6
Route: 0 31 0 | Demand: 11.0| Cost: 20.4

Total cost: 3203.6
Execution time: 0.003

