ClarkeWright Sequential: 
 
Distance Matrix: 
0.0 98.1 20.0 69.4 32.6 76.2 42.5 32.8 38.6 38.2 65.1 77.7 22.0 26.1 63.2 72.1 39.6 62.6 25.5 95.4 43.9 32.3 74.0 73.3 58.3 71.7 26.1 86.2 58.8 94.3 90.0 88.3 24.7 74.7 25.1 18.4 95.4 94.6 42.9 18.4 33.5 96.6 77.3 91.6 69.1 
98.1 0.0 94.3 89.4 88.1 43.1 91.9 72.4 59.5 61.8 35.6 82.9 107.7 72.8 54.9 26.0 64.3 36.5 75.7 50.0 62.0 77.2 36.7 26.1 67.7 26.7 84.9 67.1 100.4 62.0 32.1 54.3 73.5 57.6 83.8 83.2 50.0 12.0 55.8 83.2 82.0 78.2 20.9 89.8 66.2 
20.0 94.3 0.0 50.0 13.4 64.8 22.6 42.8 38.4 32.8 59.1 59.1 13.4 31.6 50.2 68.8 46.8 62.2 34.5 82.0 51.3 18.4 64.6 72.2 42.4 69.7 10.2 69.9 38.8 78.9 80.0 74.1 25.1 60.1 10.8 13.4 82.0 88.6 44.4 13.4 48.0 79.1 74.4 72.7 53.0 
69.4 89.4 50.0 0.0 36.9 46.6 27.8 78.8 62.1 51.9 59.2 12.2 57.3 67.1 35.4 71.8 77.8 74.1 72.5 51.6 81.0 40.5 52.8 79.2 24.1 75.3 43.9 31.3 18.1 42.0 61.2 42.8 59.1 32.8 45.3 54.0 51.6 78.9 67.5 54.0 88.6 34.1 76.7 23.4 23.3 
32.6 88.1 13.4 36.9 0.0 54.4 10.8 48.2 37.9 29.5 52.5 45.7 24.0 36.1 39.3 63.7 50.2 59.4 40.4 70.3 54.3 11.7 55.5 68.4 30.0 65.3 8.2 56.9 27.9 66.3 70.2 62.0 28.0 48.0 10.2 19.0 70.3 81.0 44.3 19.0 55.8 65.8 69.3 59.4 40.2 
76.2 43.1 64.8 46.6 54.4 0.0 54.6 64.5 44.7 39.3 21.6 39.8 77.7 57.6 15.2 31.0 58.8 39.4 62.8 20.6 59.7 46.4 8.2 39.3 27.2 35.4 54.6 26.3 59.4 26.1 16.1 17.2 53.4 14.6 54.3 58.0 20.6 32.2 46.0 58.0 76.2 39.3 34.2 48.0 23.3 
42.5 91.9 22.6 27.8 10.8 54.6 0.0 58.5 46.7 37.4 56.9 37.9 29.7 46.4 39.4 68.8 60.0 66.2 51.0 67.9 64.0 20.1 57.2 74.4 27.9 71.0 19.0 52.0 17.1 62.1 70.7 59.2 38.2 45.6 20.9 29.7 67.9 83.7 53.0 29.7 66.5 59.2 74.4 51.0 36.5 
32.8 72.4 42.8 78.8 48.2 64.5 58.5 0.0 20.0 28.4 46.2 82.7 52.0 12.2 56.6 48.0 8.2 36.1 8.2 85.1 11.7 39.3 59.1 46.4 58.8 46.0 40.0 83.5 75.3 88.4 74.0 80.4 20.4 69.4 38.1 30.1 85.1 72.1 19.0 30.1 11.7 96.2 52.0 96.5 68.1 
38.6 59.5 38.4 62.1 37.9 44.7 46.7 20.0 0.0 10.2 28.1 64.4 50.9 14.0 36.8 33.5 16.1 24.4 18.4 65.3 19.0 26.7 39.8 35.0 40.2 33.1 31.3 63.7 62.0 68.4 55.3 60.5 14.4 49.5 29.5 25.5 65.3 56.6 6.3 25.5 31.6 76.6 38.6 77.9 48.8 
38.2 61.8 32.8 51.9 29.5 39.3 37.4 28.4 10.2 0.0 27.2 54.6 46.0 18.9 28.8 36.1 26.0 30.0 24.4 59.5 29.1 17.9 36.1 39.6 30.5 36.9 24.1 55.3 52.2 61.1 52.0 53.7 14.1 41.6 22.6 21.5 59.5 56.9 16.0 21.5 39.6 67.9 41.6 68.3 39.7 
65.1 35.6 59.1 59.2 52.5 21.6 56.9 46.2 28.1 27.2 0.0 56.0 72.5 42.0 24.1 12.6 39.4 17.9 46.4 41.0 39.4 41.6 14.1 20.1 35.4 16.1 49.4 46.8 67.1 47.7 27.9 38.8 40.4 33.0 48.4 48.7 41.0 29.7 27.2 48.7 57.6 60.2 17.9 66.8 38.0 
77.7 82.9 59.1 12.2 45.7 39.8 37.9 82.7 64.4 54.6 56.0 0.0 67.7 71.6 32.1 68.1 80.5 72.4 77.2 41.0 83.3 46.7 47.1 76.0 24.2 72.0 51.6 20.0 30.3 30.5 52.8 32.6 64.0 25.3 52.8 61.0 41.0 71.7 69.1 61.0 93.2 22.0 72.4 14.1 18.0 
22.0 107.7 13.4 57.3 24.0 77.7 29.7 52.0 50.9 46.0 72.5 67.7 0.0 42.2 62.8 82.1 57.3 75.1 43.9 94.2 61.8 31.6 77.8 85.3 54.0 82.8 23.4 80.6 42.8 90.2 93.1 86.0 36.9 72.0 24.2 25.5 94.2 102.0 56.6 25.5 54.9 88.8 87.7 80.6 64.1 
26.1 72.8 31.6 67.1 36.1 57.6 46.4 12.2 14.0 18.9 42.0 71.6 42.2 0.0 47.7 47.1 15.2 36.8 5.7 78.0 19.7 27.2 53.4 47.5 48.2 46.2 28.0 74.0 63.2 79.9 69.1 72.5 8.2 60.5 26.0 18.4 78.0 70.5 17.1 18.4 21.6 86.4 51.9 85.6 58.0 
63.2 54.9 50.2 35.4 39.3 15.2 39.4 56.6 36.8 28.8 24.1 32.1 62.8 47.7 0.0 36.5 52.5 40.4 53.3 32.2 54.4 32.0 18.4 44.2 12.8 40.2 40.0 26.9 45.6 32.2 31.3 25.3 42.0 12.8 40.0 44.7 32.2 45.3 40.0 44.7 68.1 40.0 41.2 43.7 14.1 
72.1 26.0 68.8 71.8 63.7 31.0 68.8 48.0 33.5 36.1 12.6 68.1 82.1 47.1 36.5 0.0 40.2 12.6 50.4 47.7 38.8 52.3 22.8 8.2 48.1 4.5 59.7 57.3 79.6 56.5 31.1 47.5 47.5 44.2 58.4 57.3 47.7 24.1 30.3 57.3 58.5 70.3 5.7 78.2 50.2 
39.6 64.3 46.8 77.8 50.2 58.8 60.0 8.2 16.1 26.0 39.4 80.5 57.3 15.2 52.5 40.2 0.0 28.0 14.1 79.3 4.5 40.0 52.8 38.2 56.4 38.0 42.4 79.4 76.2 83.5 67.2 75.3 22.4 65.1 40.4 33.5 79.3 64.3 12.8 33.5 18.4 92.5 44.0 94.0 64.9 
62.6 36.5 62.2 74.1 59.4 39.4 66.2 36.1 24.4 30.0 17.9 72.4 75.1 36.8 40.4 12.6 28.0 0.0 39.3 58.1 26.3 47.7 31.6 10.8 50.0 10.0 54.0 64.6 79.1 65.5 42.8 56.6 38.8 50.6 52.5 49.7 58.1 36.5 19.7 49.7 46.2 78.0 16.0 84.0 54.6 
25.5 75.7 34.5 72.5 40.4 62.8 51.0 8.2 18.4 24.4 46.4 77.2 43.9 5.7 53.3 50.4 14.1 39.3 0.0 83.3 18.4 32.3 58.2 50.0 53.8 49.0 32.2 79.6 67.9 85.4 73.8 77.9 13.4 66.0 30.3 22.0 83.3 74.1 20.1 22.0 16.1 92.0 54.9 91.2 63.7 
95.4 50.0 82.0 51.6 70.3 20.6 67.9 85.1 65.3 59.5 41.0 41.0 94.2 78.0 32.2 47.7 79.3 58.1 83.3 0.0 80.0 64.1 26.9 55.6 40.4 52.2 72.0 21.3 68.0 12.6 18.4 8.9 73.4 22.4 72.1 76.9 0.0 38.1 66.6 76.9 96.7 29.1 49.2 42.9 31.6 
43.9 62.0 51.3 81.0 54.3 59.7 64.0 11.7 19.0 29.1 39.4 83.3 61.8 19.7 54.4 38.8 4.5 26.3 18.4 80.0 0.0 44.0 53.3 36.0 59.1 36.2 46.7 81.2 80.1 84.9 67.1 76.4 26.7 66.8 44.7 37.9 80.0 62.8 14.4 37.9 20.0 94.4 42.2 96.6 67.2 
32.3 77.2 18.4 40.5 11.7 46.4 20.1 39.3 26.7 17.9 41.6 46.7 31.6 27.2 32.0 52.3 40.0 47.7 32.3 64.1 44.0 0.0 46.2 56.9 26.0 53.8 8.2 53.9 36.2 62.1 61.6 56.6 19.0 42.8 8.0 14.4 64.1 70.7 33.0 14.4 48.3 64.5 58.0 60.8 36.8 
74.0 36.7 64.6 52.8 55.5 8.2 57.2 59.1 39.8 36.1 14.1 47.1 77.8 53.4 18.4 22.8 52.8 31.6 58.2 26.9 53.3 46.2 0.0 31.0 31.2 27.2 54.4 34.5 64.0 34.0 16.0 25.1 50.2 22.1 53.9 56.3 26.9 26.9 40.2 56.3 70.7 47.5 26.1 56.0 29.7 
73.3 26.1 72.2 79.2 68.4 39.3 74.4 46.4 35.0 39.6 20.1 76.0 85.3 47.5 44.2 8.2 38.2 10.8 50.0 55.6 36.0 56.9 31.0 0.0 55.3 4.0 63.7 65.5 86.2 64.6 38.4 55.7 49.4 52.3 62.2 60.0 55.6 27.9 30.5 60.0 56.0 78.6 7.2 86.4 58.0 
58.3 67.7 42.4 24.1 30.0 27.2 27.9 58.8 40.2 30.5 35.4 24.2 54.0 48.2 12.8 48.1 56.4 50.0 53.8 40.4 59.1 26.0 31.2 55.3 0.0 51.4 33.0 27.9 32.8 36.5 43.3 32.1 41.0 18.1 33.5 40.2 40.4 58.1 44.9 40.2 69.7 38.8 53.1 37.7 10.8 
71.7 26.7 69.7 75.3 65.3 35.4 71.0 46.0 33.1 36.9 16.1 72.0 82.8 46.2 40.2 4.5 38.0 10.0 49.0 52.2 36.2 53.8 27.2 4.0 51.4 0.0 60.8 61.6 82.5 60.9 35.4 52.0 47.4 48.4 59.5 57.7 52.2 26.7 29.1 57.7 56.1 74.7 6.0 82.4 54.0 
26.1 84.9 10.2 43.9 8.2 54.6 19.0 40.0 31.3 24.1 49.4 51.6 23.4 28.0 40.0 59.7 42.4 54.0 32.2 72.0 46.7 8.2 54.4 63.7 33.0 60.8 0.0 60.7 36.1 69.4 69.9 64.3 20.1 50.4 2.0 10.8 72.0 78.7 37.6 10.8 47.5 70.7 65.3 65.6 43.7 
86.2 67.1 69.9 31.3 56.9 26.3 52.0 83.5 63.7 55.3 46.8 20.0 80.6 74.0 26.9 57.3 79.4 64.6 79.6 21.3 81.2 53.9 34.5 65.5 27.9 61.6 60.7 0.0 48.7 10.8 35.4 13.4 67.7 14.4 61.4 68.0 21.3 55.3 66.8 68.0 94.8 13.4 60.5 22.8 17.1 
58.8 100.4 38.8 18.1 27.9 59.4 17.1 75.3 62.0 52.2 67.1 30.3 42.8 63.2 45.6 79.6 76.2 79.1 67.9 68.0 80.1 36.2 64.0 86.2 32.8 82.5 36.1 48.7 0.0 59.5 75.1 59.1 54.9 47.2 37.9 46.8 68.0 90.9 68.1 46.8 83.5 52.2 85.0 40.4 37.2 
94.3 62.0 78.9 42.0 66.3 26.1 62.1 88.4 68.4 61.1 47.7 30.5 90.2 79.9 32.2 56.5 83.5 65.5 85.4 12.6 84.9 62.1 34.0 64.6 36.5 60.9 69.4 10.8 59.5 0.0 30.0 8.9 74.2 19.7 69.9 75.9 12.6 50.0 70.8 75.9 100.0 16.5 58.8 30.5 26.1 
90.0 32.1 80.0 61.2 70.2 16.1 70.7 74.0 55.3 52.0 27.9 52.8 93.1 69.1 31.3 31.1 67.2 42.8 73.8 18.4 67.1 61.6 16.0 38.4 43.3 35.4 69.9 35.4 75.1 30.0 0.0 22.4 66.1 28.4 69.4 72.2 18.4 20.1 55.0 72.2 85.4 46.2 31.6 58.2 38.2 
88.3 54.3 74.1 42.8 62.0 17.2 59.2 80.4 60.5 53.7 38.8 32.6 86.0 72.5 25.3 47.5 75.3 56.6 77.9 8.9 76.4 56.6 25.1 55.7 32.1 52.0 64.3 13.4 59.1 8.9 22.4 0.0 67.2 14.0 64.5 69.9 8.9 42.4 62.5 69.9 92.1 24.0 50.0 36.1 22.8 
24.7 73.5 25.1 59.1 28.0 53.4 38.2 20.4 14.4 14.1 40.4 64.0 36.9 8.2 42.0 47.5 22.4 38.8 13.4 73.4 26.7 19.0 50.2 49.4 41.0 47.4 20.1 67.7 54.9 74.2 66.1 67.2 0.0 54.6 18.1 11.7 73.4 69.9 19.8 11.7 29.5 79.6 52.8 78.1 51.2 
74.7 57.6 60.1 32.8 48.0 14.6 45.6 69.4 49.5 41.6 33.0 25.3 72.0 60.5 12.8 44.2 65.1 50.6 66.0 22.4 66.8 42.8 22.1 52.3 18.1 48.4 50.4 14.4 47.2 19.7 28.4 14.0 54.6 0.0 50.6 56.3 22.4 46.5 52.5 56.3 80.9 27.8 48.0 34.1 10.0 
25.1 83.8 10.8 45.3 10.2 54.3 20.9 38.1 29.5 22.6 48.4 52.8 24.2 26.0 40.0 58.4 40.4 52.5 30.3 72.1 44.7 8.0 53.9 62.2 33.5 59.5 2.0 61.4 37.9 69.9 69.4 64.5 18.1 50.6 0.0 8.9 72.1 77.8 35.8 8.9 45.6 71.6 64.0 66.8 44.3 
18.4 83.2 13.4 54.0 19.0 58.0 29.7 30.1 25.5 21.5 48.7 61.0 25.5 18.4 44.7 57.3 33.5 49.7 22.0 76.9 37.9 14.4 56.3 60.0 40.2 57.7 10.8 68.0 46.8 75.9 72.2 69.9 11.7 56.3 8.9 0.0 76.9 78.4 31.2 0.0 36.9 78.9 62.8 75.1 51.0 
95.4 50.0 82.0 51.6 70.3 20.6 67.9 85.1 65.3 59.5 41.0 41.0 94.2 78.0 32.2 47.7 79.3 58.1 83.3 0.0 80.0 64.1 26.9 55.6 40.4 52.2 72.0 21.3 68.0 12.6 18.4 8.9 73.4 22.4 72.1 76.9 0.0 38.1 66.6 76.9 96.7 29.1 49.2 42.9 31.6 
94.6 12.0 88.6 78.9 81.0 32.2 83.7 72.1 56.6 56.9 29.7 71.7 102.0 70.5 45.3 24.1 64.3 36.5 74.1 38.1 62.8 70.7 26.9 27.9 58.1 26.7 78.7 55.3 90.9 50.0 20.1 42.4 69.9 46.5 77.8 78.4 38.1 0.0 54.0 78.4 82.6 66.3 20.9 78.1 55.6 
42.9 55.8 44.4 67.5 44.3 46.0 53.0 19.0 6.3 16.0 27.2 69.1 56.6 17.1 40.0 30.3 12.8 19.7 20.1 66.6 14.4 33.0 40.2 30.5 44.9 29.1 37.6 66.8 68.1 70.8 55.0 62.5 19.8 52.5 35.8 31.2 66.6 54.0 0.0 31.2 30.5 80.0 34.9 82.3 52.8 
18.4 83.2 13.4 54.0 19.0 58.0 29.7 30.1 25.5 21.5 48.7 61.0 25.5 18.4 44.7 57.3 33.5 49.7 22.0 76.9 37.9 14.4 56.3 60.0 40.2 57.7 10.8 68.0 46.8 75.9 72.2 69.9 11.7 56.3 8.9 0.0 76.9 78.4 31.2 0.0 36.9 78.9 62.8 75.1 51.0 
33.5 82.0 48.0 88.6 55.8 76.2 66.5 11.7 31.6 39.6 57.6 93.2 54.9 21.6 68.1 58.5 18.4 46.2 16.1 96.7 20.0 48.3 70.7 56.0 69.7 56.1 47.5 94.8 83.5 100.0 85.4 92.1 29.5 80.9 45.6 36.9 96.7 82.6 30.5 36.9 0.0 107.5 62.1 107.2 79.2 
96.6 78.2 79.1 34.1 65.8 39.3 59.2 96.2 76.6 67.9 60.2 22.0 88.8 86.4 40.0 70.3 92.5 78.0 92.0 29.1 94.4 64.5 47.5 78.6 38.8 74.7 70.7 13.4 52.2 16.5 46.2 24.0 79.6 27.8 71.6 78.9 29.1 66.3 80.0 78.9 107.5 0.0 73.3 15.6 28.4 
77.3 20.9 74.4 76.7 69.3 34.2 74.4 52.0 38.6 41.6 17.9 72.4 87.7 51.9 41.2 5.7 44.0 16.0 54.9 49.2 42.2 58.0 26.1 7.2 53.1 6.0 65.3 60.5 85.0 58.8 31.6 50.0 52.8 48.0 64.0 62.8 49.2 20.9 34.9 62.8 62.1 73.3 0.0 82.0 54.6 
91.6 89.8 72.7 23.4 59.4 48.0 51.0 96.5 77.9 68.3 66.8 14.1 80.6 85.6 43.7 78.2 94.0 84.0 91.2 42.9 96.6 60.8 56.0 86.4 37.7 82.4 65.6 22.8 40.4 30.5 58.2 36.1 78.1 34.1 66.8 75.1 42.9 78.1 82.3 75.1 107.2 15.6 82.0 0.0 29.7 
69.1 66.2 53.0 23.3 40.2 23.3 36.5 68.1 48.8 39.7 38.0 18.0 64.1 58.0 14.1 50.2 64.9 54.6 63.7 31.6 67.2 36.8 29.7 58.0 10.8 54.0 43.7 17.1 37.2 26.1 38.2 22.8 51.2 10.0 44.3 51.0 31.6 55.6 52.8 51.0 79.2 28.4 54.6 29.7 0.0 

Routes: 
Route: 0 1 37 30 31 42 23 25 38 8 0 | Demand: 100.0| Cost: 287.8
Route: 0 2 28 6 3 4 43 20 41 0 | Demand: 98.0| Cost: 487.6
Route: 0 5 19 36 33 27 21 0 | Demand: 99.0| Cost: 219.8
Route: 0 7 16 22 17 15 40 0 | Demand: 94.0| Cost: 230.0
Route: 0 9 10 14 29 44 13 0 | Demand: 94.0| Cost: 231.9
Route: 0 11 24 26 34 32 39 0 | Demand: 92.0| Cost: 185.1
Route: 0 12 35 18 0 | Demand: 57.0| Cost: 95.0

Total cost: 1737.2
Execution time: 0.006

-----------------------------------------

ClarkeWright Parallel: 
 
Distance Matrix: 
0.0 98.1 20.0 69.4 32.6 76.2 42.5 32.8 38.6 38.2 65.1 77.7 22.0 26.1 63.2 72.1 39.6 62.6 25.5 95.4 43.9 32.3 74.0 73.3 58.3 71.7 26.1 86.2 58.8 94.3 90.0 88.3 24.7 74.7 25.1 18.4 95.4 94.6 42.9 18.4 33.5 96.6 77.3 91.6 69.1 
98.1 0.0 94.3 89.4 88.1 43.1 91.9 72.4 59.5 61.8 35.6 82.9 107.7 72.8 54.9 26.0 64.3 36.5 75.7 50.0 62.0 77.2 36.7 26.1 67.7 26.7 84.9 67.1 100.4 62.0 32.1 54.3 73.5 57.6 83.8 83.2 50.0 12.0 55.8 83.2 82.0 78.2 20.9 89.8 66.2 
20.0 94.3 0.0 50.0 13.4 64.8 22.6 42.8 38.4 32.8 59.1 59.1 13.4 31.6 50.2 68.8 46.8 62.2 34.5 82.0 51.3 18.4 64.6 72.2 42.4 69.7 10.2 69.9 38.8 78.9 80.0 74.1 25.1 60.1 10.8 13.4 82.0 88.6 44.4 13.4 48.0 79.1 74.4 72.7 53.0 
69.4 89.4 50.0 0.0 36.9 46.6 27.8 78.8 62.1 51.9 59.2 12.2 57.3 67.1 35.4 71.8 77.8 74.1 72.5 51.6 81.0 40.5 52.8 79.2 24.1 75.3 43.9 31.3 18.1 42.0 61.2 42.8 59.1 32.8 45.3 54.0 51.6 78.9 67.5 54.0 88.6 34.1 76.7 23.4 23.3 
32.6 88.1 13.4 36.9 0.0 54.4 10.8 48.2 37.9 29.5 52.5 45.7 24.0 36.1 39.3 63.7 50.2 59.4 40.4 70.3 54.3 11.7 55.5 68.4 30.0 65.3 8.2 56.9 27.9 66.3 70.2 62.0 28.0 48.0 10.2 19.0 70.3 81.0 44.3 19.0 55.8 65.8 69.3 59.4 40.2 
76.2 43.1 64.8 46.6 54.4 0.0 54.6 64.5 44.7 39.3 21.6 39.8 77.7 57.6 15.2 31.0 58.8 39.4 62.8 20.6 59.7 46.4 8.2 39.3 27.2 35.4 54.6 26.3 59.4 26.1 16.1 17.2 53.4 14.6 54.3 58.0 20.6 32.2 46.0 58.0 76.2 39.3 34.2 48.0 23.3 
42.5 91.9 22.6 27.8 10.8 54.6 0.0 58.5 46.7 37.4 56.9 37.9 29.7 46.4 39.4 68.8 60.0 66.2 51.0 67.9 64.0 20.1 57.2 74.4 27.9 71.0 19.0 52.0 17.1 62.1 70.7 59.2 38.2 45.6 20.9 29.7 67.9 83.7 53.0 29.7 66.5 59.2 74.4 51.0 36.5 
32.8 72.4 42.8 78.8 48.2 64.5 58.5 0.0 20.0 28.4 46.2 82.7 52.0 12.2 56.6 48.0 8.2 36.1 8.2 85.1 11.7 39.3 59.1 46.4 58.8 46.0 40.0 83.5 75.3 88.4 74.0 80.4 20.4 69.4 38.1 30.1 85.1 72.1 19.0 30.1 11.7 96.2 52.0 96.5 68.1 
38.6 59.5 38.4 62.1 37.9 44.7 46.7 20.0 0.0 10.2 28.1 64.4 50.9 14.0 36.8 33.5 16.1 24.4 18.4 65.3 19.0 26.7 39.8 35.0 40.2 33.1 31.3 63.7 62.0 68.4 55.3 60.5 14.4 49.5 29.5 25.5 65.3 56.6 6.3 25.5 31.6 76.6 38.6 77.9 48.8 
38.2 61.8 32.8 51.9 29.5 39.3 37.4 28.4 10.2 0.0 27.2 54.6 46.0 18.9 28.8 36.1 26.0 30.0 24.4 59.5 29.1 17.9 36.1 39.6 30.5 36.9 24.1 55.3 52.2 61.1 52.0 53.7 14.1 41.6 22.6 21.5 59.5 56.9 16.0 21.5 39.6 67.9 41.6 68.3 39.7 
65.1 35.6 59.1 59.2 52.5 21.6 56.9 46.2 28.1 27.2 0.0 56.0 72.5 42.0 24.1 12.6 39.4 17.9 46.4 41.0 39.4 41.6 14.1 20.1 35.4 16.1 49.4 46.8 67.1 47.7 27.9 38.8 40.4 33.0 48.4 48.7 41.0 29.7 27.2 48.7 57.6 60.2 17.9 66.8 38.0 
77.7 82.9 59.1 12.2 45.7 39.8 37.9 82.7 64.4 54.6 56.0 0.0 67.7 71.6 32.1 68.1 80.5 72.4 77.2 41.0 83.3 46.7 47.1 76.0 24.2 72.0 51.6 20.0 30.3 30.5 52.8 32.6 64.0 25.3 52.8 61.0 41.0 71.7 69.1 61.0 93.2 22.0 72.4 14.1 18.0 
22.0 107.7 13.4 57.3 24.0 77.7 29.7 52.0 50.9 46.0 72.5 67.7 0.0 42.2 62.8 82.1 57.3 75.1 43.9 94.2 61.8 31.6 77.8 85.3 54.0 82.8 23.4 80.6 42.8 90.2 93.1 86.0 36.9 72.0 24.2 25.5 94.2 102.0 56.6 25.5 54.9 88.8 87.7 80.6 64.1 
26.1 72.8 31.6 67.1 36.1 57.6 46.4 12.2 14.0 18.9 42.0 71.6 42.2 0.0 47.7 47.1 15.2 36.8 5.7 78.0 19.7 27.2 53.4 47.5 48.2 46.2 28.0 74.0 63.2 79.9 69.1 72.5 8.2 60.5 26.0 18.4 78.0 70.5 17.1 18.4 21.6 86.4 51.9 85.6 58.0 
63.2 54.9 50.2 35.4 39.3 15.2 39.4 56.6 36.8 28.8 24.1 32.1 62.8 47.7 0.0 36.5 52.5 40.4 53.3 32.2 54.4 32.0 18.4 44.2 12.8 40.2 40.0 26.9 45.6 32.2 31.3 25.3 42.0 12.8 40.0 44.7 32.2 45.3 40.0 44.7 68.1 40.0 41.2 43.7 14.1 
72.1 26.0 68.8 71.8 63.7 31.0 68.8 48.0 33.5 36.1 12.6 68.1 82.1 47.1 36.5 0.0 40.2 12.6 50.4 47.7 38.8 52.3 22.8 8.2 48.1 4.5 59.7 57.3 79.6 56.5 31.1 47.5 47.5 44.2 58.4 57.3 47.7 24.1 30.3 57.3 58.5 70.3 5.7 78.2 50.2 
39.6 64.3 46.8 77.8 50.2 58.8 60.0 8.2 16.1 26.0 39.4 80.5 57.3 15.2 52.5 40.2 0.0 28.0 14.1 79.3 4.5 40.0 52.8 38.2 56.4 38.0 42.4 79.4 76.2 83.5 67.2 75.3 22.4 65.1 40.4 33.5 79.3 64.3 12.8 33.5 18.4 92.5 44.0 94.0 64.9 
62.6 36.5 62.2 74.1 59.4 39.4 66.2 36.1 24.4 30.0 17.9 72.4 75.1 36.8 40.4 12.6 28.0 0.0 39.3 58.1 26.3 47.7 31.6 10.8 50.0 10.0 54.0 64.6 79.1 65.5 42.8 56.6 38.8 50.6 52.5 49.7 58.1 36.5 19.7 49.7 46.2 78.0 16.0 84.0 54.6 
25.5 75.7 34.5 72.5 40.4 62.8 51.0 8.2 18.4 24.4 46.4 77.2 43.9 5.7 53.3 50.4 14.1 39.3 0.0 83.3 18.4 32.3 58.2 50.0 53.8 49.0 32.2 79.6 67.9 85.4 73.8 77.9 13.4 66.0 30.3 22.0 83.3 74.1 20.1 22.0 16.1 92.0 54.9 91.2 63.7 
95.4 50.0 82.0 51.6 70.3 20.6 67.9 85.1 65.3 59.5 41.0 41.0 94.2 78.0 32.2 47.7 79.3 58.1 83.3 0.0 80.0 64.1 26.9 55.6 40.4 52.2 72.0 21.3 68.0 12.6 18.4 8.9 73.4 22.4 72.1 76.9 0.0 38.1 66.6 76.9 96.7 29.1 49.2 42.9 31.6 
43.9 62.0 51.3 81.0 54.3 59.7 64.0 11.7 19.0 29.1 39.4 83.3 61.8 19.7 54.4 38.8 4.5 26.3 18.4 80.0 0.0 44.0 53.3 36.0 59.1 36.2 46.7 81.2 80.1 84.9 67.1 76.4 26.7 66.8 44.7 37.9 80.0 62.8 14.4 37.9 20.0 94.4 42.2 96.6 67.2 
32.3 77.2 18.4 40.5 11.7 46.4 20.1 39.3 26.7 17.9 41.6 46.7 31.6 27.2 32.0 52.3 40.0 47.7 32.3 64.1 44.0 0.0 46.2 56.9 26.0 53.8 8.2 53.9 36.2 62.1 61.6 56.6 19.0 42.8 8.0 14.4 64.1 70.7 33.0 14.4 48.3 64.5 58.0 60.8 36.8 
74.0 36.7 64.6 52.8 55.5 8.2 57.2 59.1 39.8 36.1 14.1 47.1 77.8 53.4 18.4 22.8 52.8 31.6 58.2 26.9 53.3 46.2 0.0 31.0 31.2 27.2 54.4 34.5 64.0 34.0 16.0 25.1 50.2 22.1 53.9 56.3 26.9 26.9 40.2 56.3 70.7 47.5 26.1 56.0 29.7 
73.3 26.1 72.2 79.2 68.4 39.3 74.4 46.4 35.0 39.6 20.1 76.0 85.3 47.5 44.2 8.2 38.2 10.8 50.0 55.6 36.0 56.9 31.0 0.0 55.3 4.0 63.7 65.5 86.2 64.6 38.4 55.7 49.4 52.3 62.2 60.0 55.6 27.9 30.5 60.0 56.0 78.6 7.2 86.4 58.0 
58.3 67.7 42.4 24.1 30.0 27.2 27.9 58.8 40.2 30.5 35.4 24.2 54.0 48.2 12.8 48.1 56.4 50.0 53.8 40.4 59.1 26.0 31.2 55.3 0.0 51.4 33.0 27.9 32.8 36.5 43.3 32.1 41.0 18.1 33.5 40.2 40.4 58.1 44.9 40.2 69.7 38.8 53.1 37.7 10.8 
71.7 26.7 69.7 75.3 65.3 35.4 71.0 46.0 33.1 36.9 16.1 72.0 82.8 46.2 40.2 4.5 38.0 10.0 49.0 52.2 36.2 53.8 27.2 4.0 51.4 0.0 60.8 61.6 82.5 60.9 35.4 52.0 47.4 48.4 59.5 57.7 52.2 26.7 29.1 57.7 56.1 74.7 6.0 82.4 54.0 
26.1 84.9 10.2 43.9 8.2 54.6 19.0 40.0 31.3 24.1 49.4 51.6 23.4 28.0 40.0 59.7 42.4 54.0 32.2 72.0 46.7 8.2 54.4 63.7 33.0 60.8 0.0 60.7 36.1 69.4 69.9 64.3 20.1 50.4 2.0 10.8 72.0 78.7 37.6 10.8 47.5 70.7 65.3 65.6 43.7 
86.2 67.1 69.9 31.3 56.9 26.3 52.0 83.5 63.7 55.3 46.8 20.0 80.6 74.0 26.9 57.3 79.4 64.6 79.6 21.3 81.2 53.9 34.5 65.5 27.9 61.6 60.7 0.0 48.7 10.8 35.4 13.4 67.7 14.4 61.4 68.0 21.3 55.3 66.8 68.0 94.8 13.4 60.5 22.8 17.1 
58.8 100.4 38.8 18.1 27.9 59.4 17.1 75.3 62.0 52.2 67.1 30.3 42.8 63.2 45.6 79.6 76.2 79.1 67.9 68.0 80.1 36.2 64.0 86.2 32.8 82.5 36.1 48.7 0.0 59.5 75.1 59.1 54.9 47.2 37.9 46.8 68.0 90.9 68.1 46.8 83.5 52.2 85.0 40.4 37.2 
94.3 62.0 78.9 42.0 66.3 26.1 62.1 88.4 68.4 61.1 47.7 30.5 90.2 79.9 32.2 56.5 83.5 65.5 85.4 12.6 84.9 62.1 34.0 64.6 36.5 60.9 69.4 10.8 59.5 0.0 30.0 8.9 74.2 19.7 69.9 75.9 12.6 50.0 70.8 75.9 100.0 16.5 58.8 30.5 26.1 
90.0 32.1 80.0 61.2 70.2 16.1 70.7 74.0 55.3 52.0 27.9 52.8 93.1 69.1 31.3 31.1 67.2 42.8 73.8 18.4 67.1 61.6 16.0 38.4 43.3 35.4 69.9 35.4 75.1 30.0 0.0 22.4 66.1 28.4 69.4 72.2 18.4 20.1 55.0 72.2 85.4 46.2 31.6 58.2 38.2 
88.3 54.3 74.1 42.8 62.0 17.2 59.2 80.4 60.5 53.7 38.8 32.6 86.0 72.5 25.3 47.5 75.3 56.6 77.9 8.9 76.4 56.6 25.1 55.7 32.1 52.0 64.3 13.4 59.1 8.9 22.4 0.0 67.2 14.0 64.5 69.9 8.9 42.4 62.5 69.9 92.1 24.0 50.0 36.1 22.8 
24.7 73.5 25.1 59.1 28.0 53.4 38.2 20.4 14.4 14.1 40.4 64.0 36.9 8.2 42.0 47.5 22.4 38.8 13.4 73.4 26.7 19.0 50.2 49.4 41.0 47.4 20.1 67.7 54.9 74.2 66.1 67.2 0.0 54.6 18.1 11.7 73.4 69.9 19.8 11.7 29.5 79.6 52.8 78.1 51.2 
74.7 57.6 60.1 32.8 48.0 14.6 45.6 69.4 49.5 41.6 33.0 25.3 72.0 60.5 12.8 44.2 65.1 50.6 66.0 22.4 66.8 42.8 22.1 52.3 18.1 48.4 50.4 14.4 47.2 19.7 28.4 14.0 54.6 0.0 50.6 56.3 22.4 46.5 52.5 56.3 80.9 27.8 48.0 34.1 10.0 
25.1 83.8 10.8 45.3 10.2 54.3 20.9 38.1 29.5 22.6 48.4 52.8 24.2 26.0 40.0 58.4 40.4 52.5 30.3 72.1 44.7 8.0 53.9 62.2 33.5 59.5 2.0 61.4 37.9 69.9 69.4 64.5 18.1 50.6 0.0 8.9 72.1 77.8 35.8 8.9 45.6 71.6 64.0 66.8 44.3 
18.4 83.2 13.4 54.0 19.0 58.0 29.7 30.1 25.5 21.5 48.7 61.0 25.5 18.4 44.7 57.3 33.5 49.7 22.0 76.9 37.9 14.4 56.3 60.0 40.2 57.7 10.8 68.0 46.8 75.9 72.2 69.9 11.7 56.3 8.9 0.0 76.9 78.4 31.2 0.0 36.9 78.9 62.8 75.1 51.0 
95.4 50.0 82.0 51.6 70.3 20.6 67.9 85.1 65.3 59.5 41.0 41.0 94.2 78.0 32.2 47.7 79.3 58.1 83.3 0.0 80.0 64.1 26.9 55.6 40.4 52.2 72.0 21.3 68.0 12.6 18.4 8.9 73.4 22.4 72.1 76.9 0.0 38.1 66.6 76.9 96.7 29.1 49.2 42.9 31.6 
94.6 12.0 88.6 78.9 81.0 32.2 83.7 72.1 56.6 56.9 29.7 71.7 102.0 70.5 45.3 24.1 64.3 36.5 74.1 38.1 62.8 70.7 26.9 27.9 58.1 26.7 78.7 55.3 90.9 50.0 20.1 42.4 69.9 46.5 77.8 78.4 38.1 0.0 54.0 78.4 82.6 66.3 20.9 78.1 55.6 
42.9 55.8 44.4 67.5 44.3 46.0 53.0 19.0 6.3 16.0 27.2 69.1 56.6 17.1 40.0 30.3 12.8 19.7 20.1 66.6 14.4 33.0 40.2 30.5 44.9 29.1 37.6 66.8 68.1 70.8 55.0 62.5 19.8 52.5 35.8 31.2 66.6 54.0 0.0 31.2 30.5 80.0 34.9 82.3 52.8 
18.4 83.2 13.4 54.0 19.0 58.0 29.7 30.1 25.5 21.5 48.7 61.0 25.5 18.4 44.7 57.3 33.5 49.7 22.0 76.9 37.9 14.4 56.3 60.0 40.2 57.7 10.8 68.0 46.8 75.9 72.2 69.9 11.7 56.3 8.9 0.0 76.9 78.4 31.2 0.0 36.9 78.9 62.8 75.1 51.0 
33.5 82.0 48.0 88.6 55.8 76.2 66.5 11.7 31.6 39.6 57.6 93.2 54.9 21.6 68.1 58.5 18.4 46.2 16.1 96.7 20.0 48.3 70.7 56.0 69.7 56.1 47.5 94.8 83.5 100.0 85.4 92.1 29.5 80.9 45.6 36.9 96.7 82.6 30.5 36.9 0.0 107.5 62.1 107.2 79.2 
96.6 78.2 79.1 34.1 65.8 39.3 59.2 96.2 76.6 67.9 60.2 22.0 88.8 86.4 40.0 70.3 92.5 78.0 92.0 29.1 94.4 64.5 47.5 78.6 38.8 74.7 70.7 13.4 52.2 16.5 46.2 24.0 79.6 27.8 71.6 78.9 29.1 66.3 80.0 78.9 107.5 0.0 73.3 15.6 28.4 
77.3 20.9 74.4 76.7 69.3 34.2 74.4 52.0 38.6 41.6 17.9 72.4 87.7 51.9 41.2 5.7 44.0 16.0 54.9 49.2 42.2 58.0 26.1 7.2 53.1 6.0 65.3 60.5 85.0 58.8 31.6 50.0 52.8 48.0 64.0 62.8 49.2 20.9 34.9 62.8 62.1 73.3 0.0 82.0 54.6 
91.6 89.8 72.7 23.4 59.4 48.0 51.0 96.5 77.9 68.3 66.8 14.1 80.6 85.6 43.7 78.2 94.0 84.0 91.2 42.9 96.6 60.8 56.0 86.4 37.7 82.4 65.6 22.8 40.4 30.5 58.2 36.1 78.1 34.1 66.8 75.1 42.9 78.1 82.3 75.1 107.2 15.6 82.0 0.0 29.7 
69.1 66.2 53.0 23.3 40.2 23.3 36.5 68.1 48.8 39.7 38.0 18.0 64.1 58.0 14.1 50.2 64.9 54.6 63.7 31.6 67.2 36.8 29.7 58.0 10.8 54.0 43.7 17.1 37.2 26.1 38.2 22.8 51.2 10.0 44.3 51.0 31.6 55.6 52.8 51.0 79.2 28.4 54.6 29.7 0.0 

Routes: 
Route: 0 2 4 21 9 6 14 24 28 39 0 | Demand: 97.0| Cost: 250.6
Route: 0 3 11 27 33 44 0 | Demand: 99.0| Cost: 195.1
Route: 0 7 16 20 40 18 32 0 | Demand: 70.0| Cost: 119.7
Route: 0 8 22 5 30 1 37 42 0 | Demand: 99.0| Cost: 245.0
Route: 0 12 26 34 35 0 | Demand: 70.0| Cost: 74.7
Route: 0 13 10 17 15 23 25 38 0 | Demand: 99.0| Cost: 182.8
Route: 0 19 36 29 31 41 43 0 | Demand: 100.0| Cost: 248.1

Total cost: 1316.0
Execution time: 0.001

