ClarkeWright Sequential: 
 
Distance Matrix: 
0.0 60.3 99.9 60.2 105.5 69.1 87.5 62.5 89.3 85.9 111.2 81.0 83.2 64.0 76.0 57.6 79.6 57.3 99.4 88.4 86.3 80.3 127.6 103.0 78.4 44.0 10.0 106.3 62.0 81.6 84.1 48.2 96.1 55.2 115.6 33.1 76.0 102.0 71.0 99.4 94.3 86.4 24.4 38.5 61.2 102.1 109.3 33.1 14.0 84.0 89.9 97.5 34.2 51.4 99.5 
60.3 0.0 53.7 68.1 88.8 10.0 27.9 36.1 31.6 88.6 82.4 38.8 63.2 71.2 58.2 62.5 33.5 19.7 60.2 28.1 87.7 25.6 93.1 89.8 24.4 71.0 54.0 67.1 64.4 22.4 34.0 12.2 96.7 37.7 86.6 31.0 29.1 51.6 80.0 70.1 37.2 95.4 48.1 62.8 6.0 78.0 68.4 51.9 60.5 98.4 35.4 39.4 62.6 11.7 80.6 
99.9 53.7 0.0 68.1 53.8 44.9 38.1 38.6 30.1 72.5 37.6 18.9 38.6 68.5 40.8 64.0 21.3 43.9 12.8 46.2 70.7 29.1 42.0 58.0 29.7 84.6 90.6 16.5 62.1 38.2 19.7 61.6 75.5 46.8 40.5 67.2 25.6 8.5 73.8 29.7 26.7 82.5 77.8 79.6 48.4 39.7 16.0 74.0 93.0 89.2 22.0 29.7 82.5 54.0 46.7 
60.2 68.1 68.1 0.0 48.2 69.4 81.6 36.7 77.8 26.1 60.0 53.9 33.5 4.0 28.3 5.7 57.6 49.5 60.3 87.7 26.3 68.0 77.9 44.4 66.2 21.3 51.0 65.1 6.0 76.6 63.9 62.8 36.2 31.2 63.8 46.2 57.3 74.7 12.6 51.3 79.8 29.1 38.1 22.4 63.7 49.4 69.1 28.1 46.8 30.5 72.8 84.3 26.8 57.2 44.0 
105.5 88.8 53.8 48.2 0.0 84.4 86.8 54.0 79.6 31.6 20.9 53.9 26.0 45.3 32.2 48.8 60.2 70.1 41.0 94.8 29.7 73.5 36.1 6.0 72.8 69.3 95.7 40.0 44.4 84.3 64.4 90.0 28.0 56.6 22.1 82.0 63.2 62.3 43.3 24.1 78.2 40.8 81.4 70.0 82.9 14.1 43.3 72.5 93.3 49.0 71.7 82.1 74.4 82.0 8.2 
69.1 10.0 44.9 69.4 84.4 0.0 18.4 34.4 21.6 87.7 76.0 32.0 59.5 72.1 55.5 63.8 26.1 20.0 52.6 20.4 86.5 16.1 85.5 86.0 15.2 75.2 62.1 59.2 65.1 12.6 25.3 21.5 95.0 38.2 80.0 38.1 22.0 42.2 80.6 64.1 27.2 95.3 54.6 67.2 8.0 72.7 60.2 56.9 68.0 99.0 25.6 29.5 67.7 18.0 76.2 
87.5 27.9 38.1 81.6 86.8 18.4 0.0 44.9 8.0 96.2 74.2 33.3 64.4 83.8 62.3 76.2 27.2 34.9 49.0 8.2 94.8 14.1 80.0 89.6 15.6 90.4 80.4 54.3 76.6 6.0 22.4 39.8 102.2 51.0 77.7 56.0 25.5 32.2 91.6 63.9 12.6 104.8 72.1 83.0 26.3 73.5 54.0 73.3 86.0 109.6 16.1 12.8 84.0 36.2 78.7 
62.5 36.1 38.6 36.7 54.0 34.4 44.9 0.0 41.2 53.3 52.0 20.4 28.0 38.8 22.4 31.3 22.1 16.5 36.9 51.2 52.2 31.3 66.6 54.3 29.5 48.2 52.8 43.9 31.6 40.0 28.3 36.0 60.8 8.2 56.5 31.6 20.9 42.8 46.9 39.4 43.7 61.0 39.4 42.0 30.5 45.1 46.9 35.4 54.6 65.1 36.9 48.1 44.4 28.1 46.0 
89.3 31.6 30.1 77.8 79.6 21.6 8.0 41.2 0.0 90.7 66.5 26.9 58.1 79.6 56.6 72.5 21.3 34.0 41.2 16.1 89.2 10.2 72.0 82.7 12.2 88.3 81.6 46.4 72.5 10.0 15.6 42.9 96.2 48.1 69.9 56.9 20.6 24.3 87.1 56.5 5.7 99.6 72.1 81.2 28.6 66.2 46.0 72.2 86.6 104.9 8.2 8.2 82.6 37.9 71.7 
85.9 88.6 72.5 26.1 31.6 87.7 96.2 53.3 90.7 0.0 50.2 64.0 34.0 22.1 34.1 30.1 69.4 69.0 61.4 103.3 2.0 82.0 67.1 26.0 80.6 43.9 76.9 63.6 26.3 92.0 75.3 85.4 10.2 51.0 52.6 71.0 70.7 80.5 15.2 46.7 91.2 10.2 64.1 47.5 83.4 40.0 67.5 54.1 72.3 18.0 84.0 95.6 51.9 78.8 32.1 
111.2 82.4 37.6 60.0 20.9 76.0 74.2 52.0 66.5 50.2 0.0 44.0 28.3 58.1 35.4 58.8 50.0 66.0 25.3 82.5 48.2 62.5 17.9 26.7 62.3 81.0 101.2 21.6 54.9 73.0 52.6 86.3 48.4 57.3 4.5 83.2 54.0 45.7 58.8 12.6 63.9 60.0 86.8 79.6 76.4 10.8 24.1 79.2 100.5 68.1 58.2 67.2 83.7 78.1 18.1 
81.0 38.8 18.9 53.9 53.9 32.0 33.3 20.4 26.9 64.0 44.0 0.0 31.2 55.0 30.0 49.0 6.3 25.6 21.5 41.2 62.5 19.7 54.4 56.4 19.0 68.0 71.7 28.6 48.1 30.5 11.3 44.7 69.3 28.6 48.0 48.4 10.0 22.4 61.7 32.2 27.2 73.2 59.1 62.3 33.0 41.2 30.5 55.8 74.3 78.9 20.0 31.6 64.8 36.7 45.7 
83.2 63.2 38.6 33.5 26.0 59.5 64.4 28.0 58.1 34.0 28.3 31.2 0.0 32.6 7.2 31.3 37.2 44.2 28.3 72.1 32.2 50.5 45.6 26.7 49.4 53.7 73.2 32.1 27.9 61.1 42.5 64.0 38.2 31.0 32.6 56.9 39.4 46.5 36.1 17.9 58.0 43.9 58.8 51.6 57.3 18.9 36.1 51.0 72.2 50.6 50.9 62.3 55.6 56.0 18.1 
64.0 71.2 68.5 4.0 45.3 72.1 83.8 38.8 79.6 22.1 58.1 55.0 32.6 0.0 28.0 8.9 59.1 52.3 60.0 90.0 22.4 70.0 76.0 41.2 68.3 24.1 54.9 64.5 7.2 78.8 65.4 66.2 32.2 33.9 61.8 50.0 59.1 75.3 8.9 50.0 81.4 25.3 42.0 26.0 66.6 47.4 68.5 32.1 50.6 27.2 74.3 85.9 30.5 60.5 41.6 
76.0 58.2 40.8 28.3 32.2 55.5 62.3 22.4 56.6 34.1 35.4 30.0 7.2 28.0 0.0 25.3 35.4 38.8 32.1 69.7 32.6 48.2 52.5 32.1 46.9 47.5 66.0 36.9 22.4 58.4 41.2 58.1 40.0 24.3 39.7 50.0 36.9 48.1 33.0 24.4 57.2 43.3 51.6 44.9 52.5 26.1 40.8 43.9 65.1 49.2 50.0 61.6 48.8 50.4 24.7 
57.6 62.5 64.0 5.7 48.8 63.8 76.2 31.3 72.5 30.1 58.8 49.0 31.3 8.9 25.3 0.0 52.5 43.9 56.9 82.1 30.0 62.6 76.6 45.7 60.8 22.4 48.1 62.1 4.5 71.0 58.8 57.3 40.0 25.6 62.8 41.2 52.0 70.3 17.9 49.2 74.7 34.2 34.5 21.3 58.0 48.4 66.0 24.7 44.7 36.1 67.7 79.1 25.6 51.6 43.9 
79.6 33.5 21.3 57.6 60.2 26.1 27.2 22.1 21.3 69.4 50.0 6.3 37.2 59.1 35.4 52.5 0.0 22.8 26.7 35.0 67.9 13.4 59.7 62.6 12.6 70.3 70.7 33.5 52.0 24.2 6.3 40.5 75.1 30.0 54.0 46.6 4.5 22.4 66.2 38.5 22.4 78.4 58.8 64.0 27.9 47.5 34.9 56.6 74.0 83.8 15.2 26.8 66.1 32.8 52.0 
57.3 19.7 43.9 49.5 70.1 20.0 34.9 16.5 34.0 69.0 66.0 25.6 44.2 52.3 38.8 43.9 22.8 0.0 46.6 39.4 68.0 24.1 78.8 70.7 22.1 55.7 48.7 53.9 45.3 29.1 26.8 20.4 77.0 18.4 70.3 24.2 18.9 44.9 61.0 53.4 38.2 76.0 38.2 48.1 14.4 60.3 56.0 38.5 53.0 79.4 33.0 42.0 49.0 12.2 62.0 
99.4 60.2 12.8 60.3 41.0 52.6 49.0 36.9 41.2 61.4 25.3 21.5 28.3 60.0 32.1 56.9 26.7 46.6 0.0 57.3 59.5 38.0 33.0 45.3 38.1 78.6 89.6 7.2 54.3 48.2 28.0 66.2 63.5 44.4 28.6 67.9 31.0 21.3 64.3 17.0 38.6 71.5 76.0 74.7 54.4 26.9 10.0 70.7 91.0 78.6 33.0 42.0 78.0 58.1 34.1 
88.4 28.1 46.2 87.7 94.8 20.4 8.2 51.2 16.1 103.3 82.5 41.2 72.1 90.0 69.7 82.1 35.0 39.4 57.3 0.0 102.0 21.6 88.1 97.5 22.8 95.1 82.0 62.5 82.8 11.3 30.5 40.2 109.6 56.6 85.9 58.3 32.8 40.0 98.1 72.1 20.1 111.7 75.0 87.3 28.3 81.7 62.1 77.2 88.2 116.3 24.3 19.0 87.9 38.2 86.8 
86.3 87.7 70.7 26.3 29.7 86.5 94.8 52.2 89.2 2.0 48.2 62.5 32.2 22.4 32.6 30.0 67.9 68.0 59.5 102.0 0.0 80.6 65.1 24.2 79.2 44.7 77.3 61.6 26.1 90.7 73.8 84.8 10.0 50.2 50.6 70.7 69.3 78.7 16.1 44.7 89.6 12.2 64.3 48.1 82.4 38.0 65.5 54.3 72.8 20.0 82.5 94.0 52.5 78.0 30.1 
80.3 25.6 29.1 68.0 73.5 16.1 14.1 31.3 10.2 82.0 62.5 19.7 50.5 70.0 48.2 62.6 13.4 24.1 38.0 21.6 80.6 0.0 70.5 76.0 2.0 78.1 72.3 44.2 62.8 10.8 10.0 35.6 88.1 37.9 66.3 47.5 11.3 26.1 77.7 51.4 14.1 90.7 62.3 71.0 21.3 60.7 44.7 62.1 76.9 95.6 10.0 18.0 72.4 29.5 65.4 
127.6 93.1 42.0 77.9 36.1 85.5 80.0 66.6 72.0 67.1 17.9 54.4 45.6 76.0 52.5 76.6 59.7 78.8 33.0 88.1 65.1 70.5 0.0 42.0 70.7 98.8 117.6 26.3 72.7 80.1 60.5 98.8 64.0 72.8 14.6 98.2 64.0 48.4 76.6 28.3 68.3 76.7 103.3 97.2 87.4 28.6 26.0 96.2 117.4 84.9 64.0 70.7 101.2 90.6 35.4 
103.0 89.8 58.0 44.4 6.0 86.0 89.6 54.3 82.7 26.0 26.7 56.4 26.7 41.2 32.1 45.7 62.6 70.7 45.3 97.5 24.2 76.0 42.0 0.0 75.2 65.3 93.2 44.9 41.2 86.8 67.2 90.2 22.0 56.0 28.1 80.9 65.4 66.5 38.4 28.4 81.6 34.9 79.1 66.6 84.0 18.9 48.4 69.9 90.4 43.2 74.9 85.6 71.0 82.4 11.3 
78.4 24.4 29.7 66.2 72.8 15.2 15.6 29.5 12.2 80.6 62.3 19.0 49.4 68.3 46.9 60.8 12.6 22.1 38.1 22.8 79.2 2.0 70.7 75.2 0.0 76.2 70.3 44.4 61.1 11.7 10.2 34.1 86.8 36.1 66.1 45.6 10.0 27.2 76.0 51.0 16.1 89.2 60.3 69.1 19.8 60.2 45.1 60.1 75.0 94.0 11.7 20.0 70.5 27.8 64.6 
44.0 71.0 84.6 21.3 69.3 75.2 90.4 48.2 88.3 43.9 81.0 68.0 53.7 24.1 47.5 22.4 70.3 55.7 78.6 95.1 44.7 78.1 98.8 65.3 76.2 0.0 36.5 84.1 26.1 84.8 76.4 62.5 53.9 40.4 84.9 42.4 68.7 90.1 28.6 71.6 91.4 42.8 27.8 8.5 68.0 70.5 87.9 19.8 30.0 40.0 84.9 95.7 10.8 59.4 65.3 
10.0 54.0 90.6 51.0 95.7 62.1 80.4 52.8 81.6 76.9 101.2 71.7 73.2 54.9 66.0 48.1 70.7 48.7 89.6 82.0 77.3 72.3 117.6 93.2 70.3 36.5 0.0 96.5 52.5 74.4 75.4 42.2 87.1 45.3 105.6 24.7 67.2 93.0 62.3 89.4 86.3 78.0 14.4 30.0 54.1 92.1 99.6 23.4 8.5 76.2 81.6 89.8 26.1 44.2 89.6 
106.3 67.1 16.5 65.1 40.0 59.2 54.3 43.9 46.4 63.6 21.6 28.6 32.1 64.5 36.9 62.1 33.5 53.9 7.2 62.5 61.6 44.2 26.3 44.9 44.4 84.1 96.5 0.0 59.2 54.0 34.2 73.3 64.6 51.2 24.2 75.1 37.9 24.2 68.0 17.1 43.2 73.8 82.8 80.6 61.4 26.1 4.0 77.2 97.7 81.2 38.2 46.2 84.1 65.3 34.0 
62.0 64.4 62.1 6.0 44.4 65.1 76.6 31.6 72.5 26.3 54.9 48.1 27.9 7.2 22.4 4.5 52.0 45.3 54.3 82.8 26.1 62.8 72.7 41.2 61.1 26.1 52.5 59.2 0.0 71.6 58.3 59.9 36.1 26.9 58.8 44.7 51.9 68.7 15.6 45.7 74.3 31.3 38.8 25.6 59.7 44.4 63.2 29.1 49.2 34.1 67.2 78.8 30.0 53.9 39.6 
81.6 22.4 38.2 76.6 84.3 12.6 6.0 40.0 10.0 92.0 73.0 30.5 61.1 78.8 58.4 71.0 24.2 29.1 48.2 11.3 90.7 10.8 80.1 86.8 11.7 84.8 74.4 54.0 71.6 0.0 20.4 34.2 98.4 45.7 76.7 50.0 21.6 33.5 86.8 62.1 15.6 100.4 66.1 77.2 20.4 71.5 54.1 67.5 80.0 105.0 16.5 17.2 78.1 30.3 76.2 
84.1 34.0 19.7 63.9 64.4 25.3 22.4 28.3 15.6 75.3 52.6 11.3 42.5 65.4 41.2 58.8 6.3 26.8 28.0 30.5 73.8 10.0 60.5 67.2 10.2 76.4 75.4 34.2 58.3 20.4 0.0 42.5 80.6 36.1 56.3 51.0 8.2 18.4 72.5 41.8 16.1 84.4 64.0 70.0 28.8 51.3 34.9 62.3 79.1 89.9 8.9 20.6 72.0 35.4 56.4 
48.2 12.2 61.6 62.8 90.0 21.5 39.8 36.0 42.9 85.4 86.3 44.7 64.0 66.2 58.1 57.3 40.5 20.4 66.2 40.2 84.8 35.6 98.8 90.2 34.1 62.5 42.2 73.3 59.9 34.2 42.5 0.0 94.3 34.9 90.7 20.6 36.1 60.8 75.2 73.8 48.4 91.2 37.6 54.0 14.4 80.6 75.2 42.8 49.0 93.3 45.6 51.0 53.3 8.2 82.0 
96.1 96.7 75.5 36.2 28.0 95.0 102.2 60.8 96.2 10.2 48.4 69.3 38.2 32.2 40.0 40.0 75.1 77.0 63.5 109.6 10.0 88.1 64.0 22.0 86.8 53.9 87.1 64.6 36.1 98.4 80.6 94.3 0.0 59.5 50.0 80.6 76.8 83.8 25.3 47.5 96.2 14.4 74.2 57.7 91.2 39.3 68.4 64.3 82.5 22.4 89.1 100.5 62.1 87.3 31.0 
55.2 37.7 46.8 31.2 56.6 38.2 51.0 8.2 48.1 51.0 57.3 28.6 31.0 33.9 24.3 25.6 30.0 18.4 44.4 56.6 50.2 37.9 72.8 56.0 36.1 40.4 45.3 51.2 26.9 45.7 36.1 34.9 59.5 0.0 61.8 26.0 28.3 51.0 42.5 44.9 51.0 57.7 31.6 34.0 32.8 49.4 54.4 27.2 46.6 61.0 44.4 55.3 36.2 27.9 49.0 
115.6 86.6 40.5 63.8 22.1 80.0 77.7 56.5 69.9 52.6 4.5 48.0 32.6 61.8 39.7 62.8 54.0 70.3 28.6 85.9 50.6 66.3 14.6 28.1 66.1 84.9 105.6 24.2 58.8 76.7 56.3 90.7 50.0 61.8 0.0 87.7 58.0 48.3 62.0 17.1 67.1 62.3 91.2 83.7 80.6 14.4 26.1 83.5 104.8 70.5 61.6 70.2 87.9 82.5 20.9 
33.1 31.0 67.2 46.2 82.0 38.1 56.0 31.6 56.9 71.0 83.2 48.4 56.9 50.0 50.0 41.2 46.6 24.2 67.9 58.3 70.7 47.5 98.2 80.9 45.6 42.4 24.7 75.1 44.7 50.0 51.0 20.6 80.6 26.0 87.7 0.0 42.9 69.0 58.8 70.7 61.6 75.3 17.1 33.9 30.1 75.4 77.8 22.6 30.0 76.2 56.9 65.1 32.8 20.1 74.7 
76.0 29.1 25.6 57.3 63.2 22.0 25.5 20.9 20.6 70.7 54.0 10.0 39.4 59.1 36.9 52.0 4.5 18.9 31.0 32.8 69.3 11.3 64.0 65.4 10.0 68.7 67.2 37.9 51.9 21.6 8.2 36.1 76.8 28.3 58.0 42.9 0.0 26.1 66.6 42.2 22.8 79.4 55.8 62.1 23.4 51.0 39.4 54.1 70.9 84.4 16.1 27.2 64.0 28.4 55.0 
102.0 51.6 8.5 74.7 62.3 42.2 32.2 42.8 24.3 80.5 45.7 22.4 46.5 75.3 48.1 70.3 22.4 44.9 21.3 40.0 78.7 26.1 48.4 66.5 27.2 90.1 93.0 24.2 68.7 33.5 18.4 60.8 83.8 51.0 48.3 69.0 26.1 0.0 81.0 38.2 20.0 90.4 81.0 84.6 46.9 48.2 22.8 78.1 96.2 96.9 17.1 22.4 87.1 53.8 55.2 
71.0 80.0 73.8 12.6 43.3 80.6 91.6 46.9 87.1 15.2 58.8 61.7 36.1 8.9 33.0 17.9 66.2 61.0 64.3 98.1 16.1 77.7 76.6 38.4 76.0 28.6 62.3 68.0 15.6 86.8 72.5 75.2 25.3 42.5 62.0 58.8 66.6 81.0 0.0 52.3 88.6 16.5 50.0 32.6 75.3 48.1 72.0 40.0 57.3 18.4 81.4 93.1 36.9 69.3 41.2 
99.4 70.1 29.7 51.3 24.1 64.1 63.9 39.4 56.5 46.7 12.6 32.2 17.9 50.0 24.4 49.2 38.5 53.4 17.0 72.1 44.7 51.4 28.3 28.4 51.0 71.6 89.4 17.1 45.7 62.1 41.8 73.8 47.5 44.9 17.1 70.7 42.2 38.2 52.3 0.0 54.6 56.9 75.1 69.3 64.1 10.0 20.9 67.9 89.1 64.5 48.3 58.3 73.2 65.5 17.2 
94.3 37.2 26.7 79.8 78.2 27.2 12.6 43.7 5.7 91.2 63.9 27.2 58.0 81.4 57.2 74.7 22.4 38.2 38.6 20.1 89.6 14.1 68.3 81.6 16.1 91.4 86.3 43.2 74.3 15.6 16.1 48.4 96.2 51.0 67.1 61.6 22.8 20.0 88.6 54.6 0.0 100.4 76.4 84.6 34.0 64.5 42.4 76.0 91.1 106.0 7.2 4.5 86.2 43.1 70.5 
86.4 95.4 82.5 29.1 40.8 95.3 104.8 61.0 99.6 10.2 60.0 73.2 43.9 25.3 43.3 34.2 78.4 76.0 71.5 111.7 12.2 90.7 76.7 34.9 89.2 42.8 78.0 73.8 31.3 100.4 84.4 91.2 14.4 57.7 62.3 75.3 79.4 90.4 16.5 56.9 100.4 0.0 66.3 48.0 90.4 50.0 77.7 56.3 72.4 8.2 93.2 104.9 52.2 85.1 42.0 
24.4 48.1 77.8 38.1 81.4 54.6 72.1 39.4 72.1 64.1 86.8 59.1 58.8 42.0 51.6 34.5 58.8 38.2 76.0 75.0 64.3 62.3 103.3 79.1 60.3 27.8 14.4 82.8 38.8 66.1 64.0 37.6 74.2 31.6 91.2 17.1 55.8 81.0 50.0 75.1 76.4 66.3 0.0 19.7 46.7 77.7 86.0 10.0 15.2 65.5 71.0 80.2 17.2 36.9 75.2 
38.5 62.8 79.6 22.4 70.0 67.2 83.0 42.0 81.2 47.5 79.6 62.3 51.6 26.0 44.9 21.3 64.0 48.1 74.7 87.3 48.1 71.0 97.2 66.6 69.1 8.5 30.0 80.6 25.6 77.2 70.0 54.0 57.7 34.0 83.7 33.9 62.1 84.6 32.6 69.3 84.6 48.0 19.7 0.0 59.9 69.4 84.3 11.3 24.7 46.4 78.2 88.8 4.5 51.1 65.1 
61.2 6.0 48.4 63.7 82.9 8.0 26.3 30.5 28.6 83.4 76.4 33.0 57.3 66.6 52.5 58.0 27.9 14.4 54.4 28.3 82.4 21.3 87.4 84.0 19.8 68.0 54.1 61.4 59.7 20.4 28.8 14.4 91.2 32.8 80.6 30.1 23.4 46.9 75.3 64.1 34.0 90.4 46.7 59.9 0.0 72.0 62.8 49.4 60.0 93.7 31.2 36.8 60.2 10.0 74.7 
102.1 78.0 39.7 49.4 14.1 72.7 73.5 45.1 66.2 40.0 10.8 41.2 18.9 47.4 26.1 48.4 47.5 60.3 26.9 81.7 38.0 60.7 28.6 18.9 60.2 70.5 92.1 26.1 44.4 71.5 51.3 80.6 39.3 49.4 14.4 75.4 51.0 48.2 48.1 10.0 64.5 50.0 77.7 69.4 72.0 0.0 29.5 69.7 90.9 58.0 58.1 68.3 73.6 72.4 8.2 
109.3 68.4 16.0 69.1 43.3 60.2 54.0 46.9 46.0 67.5 24.1 30.5 36.1 68.5 40.8 66.0 34.9 56.0 10.0 62.1 65.5 44.7 26.0 48.4 45.1 87.9 99.6 4.0 63.2 54.1 34.9 75.2 68.4 54.4 26.1 77.8 39.4 22.8 72.0 20.9 42.4 77.7 86.0 84.3 62.8 29.5 0.0 80.6 101.0 85.2 38.0 45.1 87.7 67.2 37.6 
33.1 51.9 74.0 28.1 72.5 56.9 73.3 35.4 72.2 54.1 79.2 55.8 51.0 32.1 43.9 24.7 56.6 38.5 70.7 77.2 54.3 62.1 96.2 69.9 60.1 19.8 23.4 77.2 29.1 67.5 62.3 42.8 64.3 27.2 83.5 22.6 54.1 78.1 40.0 67.9 76.0 56.3 10.0 11.3 49.4 69.7 80.6 0.0 21.3 55.8 70.0 80.1 10.8 40.2 66.6 
14.0 60.5 93.0 46.8 93.3 68.0 86.0 54.6 86.6 72.3 100.5 74.3 72.2 50.6 65.1 44.7 74.0 53.0 91.0 88.2 72.8 76.9 117.4 90.4 75.0 30.0 8.5 97.7 49.2 80.0 79.1 49.0 82.5 46.6 104.8 30.0 70.9 96.2 57.3 89.1 91.1 72.4 15.2 24.7 60.0 90.9 101.0 21.3 0.0 70.0 85.9 94.8 20.4 50.0 87.7 
84.0 98.4 89.2 30.5 49.0 99.0 109.6 65.1 104.9 18.0 68.1 78.9 50.6 27.2 49.2 36.1 83.8 79.4 78.6 116.3 20.0 95.6 84.9 43.2 94.0 40.0 76.2 81.2 34.1 105.0 89.9 93.3 22.4 61.0 70.5 76.2 84.4 96.9 18.4 64.5 106.0 8.2 65.5 46.4 93.7 58.0 85.2 55.8 70.0 0.0 98.8 110.5 50.2 87.7 50.0 
89.9 35.4 22.0 72.8 71.7 25.6 16.1 36.9 8.2 84.0 58.2 20.0 50.9 74.3 50.0 67.7 15.2 33.0 33.0 24.3 82.5 10.0 64.0 74.9 11.7 84.9 81.6 38.2 67.2 16.5 8.9 45.6 89.1 44.4 61.6 56.9 16.1 17.1 81.4 48.3 7.2 93.2 71.0 78.2 31.2 58.1 38.0 70.0 85.9 98.8 0.0 11.7 80.0 39.4 63.8 
97.5 39.4 29.7 84.3 82.1 29.5 12.8 48.1 8.2 95.6 67.2 31.6 62.3 85.9 61.6 79.1 26.8 42.0 42.0 19.0 94.0 18.0 70.7 85.6 20.0 95.7 89.8 46.2 78.8 17.2 20.6 51.0 100.5 55.3 70.2 65.1 27.2 22.4 93.1 58.3 4.5 104.9 80.2 88.8 36.8 68.3 45.1 80.1 94.8 110.5 11.7 0.0 90.4 46.2 74.4 
34.2 62.6 82.5 26.8 74.4 67.7 84.0 44.4 82.6 51.9 83.7 64.8 55.6 30.5 48.8 25.6 66.1 49.0 78.0 87.9 52.5 72.4 101.2 71.0 70.5 10.8 26.1 84.1 30.0 78.1 72.0 53.3 62.1 36.2 87.9 32.8 64.0 87.1 36.9 73.2 86.2 52.2 17.2 4.5 60.2 73.6 87.7 10.8 20.4 50.2 80.0 90.4 0.0 51.0 69.4 
51.4 11.7 54.0 57.2 82.0 18.0 36.2 28.1 37.9 78.8 78.1 36.7 56.0 60.5 50.4 51.6 32.8 12.2 58.1 38.2 78.0 29.5 90.6 82.4 27.8 59.4 44.2 65.3 53.9 30.3 35.4 8.2 87.3 27.9 82.5 20.1 28.4 53.8 69.3 65.5 43.1 85.1 36.9 51.1 10.0 72.4 67.2 40.2 50.0 87.7 39.4 46.2 51.0 0.0 74.0 
99.5 80.6 46.7 44.0 8.2 76.2 78.7 46.0 71.7 32.1 18.1 45.7 18.1 41.6 24.7 43.9 52.0 62.0 34.1 86.8 30.1 65.4 35.4 11.3 64.6 65.3 89.6 34.0 39.6 76.2 56.4 82.0 31.0 49.0 20.9 74.7 55.0 55.2 41.2 17.2 70.5 42.0 75.2 65.1 74.7 8.2 37.6 66.6 87.7 50.0 63.8 74.4 69.4 74.0 0.0 

Routes: 
Route: 0 1 19 6 29 5 51 12 38 39 21 36 0 | Demand: 100.0| Cost: 434.1
Route: 0 2 37 46 27 18 34 22 32 33 0 | Demand: 100.0| Cost: 364.3
Route: 0 3 13 20 9 23 50 14 24 35 0 | Demand: 100.0| Cost: 365.1
Route: 0 4 54 10 45 16 42 0 | Demand: 99.0| Cost: 273.3
Route: 0 7 11 30 44 40 8 53 0 | Demand: 98.0| Cost: 252.0
Route: 0 15 28 49 41 25 43 52 0 | Demand: 99.0| Cost: 194.4
Route: 0 17 31 47 48 26 0 | Demand: 73.0| Cost: 160.3

Total cost: 2043.5
Execution time: 0.01

-----------------------------------------

ClarkeWright Parallel: 
 
Distance Matrix: 
0.0 60.3 99.9 60.2 105.5 69.1 87.5 62.5 89.3 85.9 111.2 81.0 83.2 64.0 76.0 57.6 79.6 57.3 99.4 88.4 86.3 80.3 127.6 103.0 78.4 44.0 10.0 106.3 62.0 81.6 84.1 48.2 96.1 55.2 115.6 33.1 76.0 102.0 71.0 99.4 94.3 86.4 24.4 38.5 61.2 102.1 109.3 33.1 14.0 84.0 89.9 97.5 34.2 51.4 99.5 
60.3 0.0 53.7 68.1 88.8 10.0 27.9 36.1 31.6 88.6 82.4 38.8 63.2 71.2 58.2 62.5 33.5 19.7 60.2 28.1 87.7 25.6 93.1 89.8 24.4 71.0 54.0 67.1 64.4 22.4 34.0 12.2 96.7 37.7 86.6 31.0 29.1 51.6 80.0 70.1 37.2 95.4 48.1 62.8 6.0 78.0 68.4 51.9 60.5 98.4 35.4 39.4 62.6 11.7 80.6 
99.9 53.7 0.0 68.1 53.8 44.9 38.1 38.6 30.1 72.5 37.6 18.9 38.6 68.5 40.8 64.0 21.3 43.9 12.8 46.2 70.7 29.1 42.0 58.0 29.7 84.6 90.6 16.5 62.1 38.2 19.7 61.6 75.5 46.8 40.5 67.2 25.6 8.5 73.8 29.7 26.7 82.5 77.8 79.6 48.4 39.7 16.0 74.0 93.0 89.2 22.0 29.7 82.5 54.0 46.7 
60.2 68.1 68.1 0.0 48.2 69.4 81.6 36.7 77.8 26.1 60.0 53.9 33.5 4.0 28.3 5.7 57.6 49.5 60.3 87.7 26.3 68.0 77.9 44.4 66.2 21.3 51.0 65.1 6.0 76.6 63.9 62.8 36.2 31.2 63.8 46.2 57.3 74.7 12.6 51.3 79.8 29.1 38.1 22.4 63.7 49.4 69.1 28.1 46.8 30.5 72.8 84.3 26.8 57.2 44.0 
105.5 88.8 53.8 48.2 0.0 84.4 86.8 54.0 79.6 31.6 20.9 53.9 26.0 45.3 32.2 48.8 60.2 70.1 41.0 94.8 29.7 73.5 36.1 6.0 72.8 69.3 95.7 40.0 44.4 84.3 64.4 90.0 28.0 56.6 22.1 82.0 63.2 62.3 43.3 24.1 78.2 40.8 81.4 70.0 82.9 14.1 43.3 72.5 93.3 49.0 71.7 82.1 74.4 82.0 8.2 
69.1 10.0 44.9 69.4 84.4 0.0 18.4 34.4 21.6 87.7 76.0 32.0 59.5 72.1 55.5 63.8 26.1 20.0 52.6 20.4 86.5 16.1 85.5 86.0 15.2 75.2 62.1 59.2 65.1 12.6 25.3 21.5 95.0 38.2 80.0 38.1 22.0 42.2 80.6 64.1 27.2 95.3 54.6 67.2 8.0 72.7 60.2 56.9 68.0 99.0 25.6 29.5 67.7 18.0 76.2 
87.5 27.9 38.1 81.6 86.8 18.4 0.0 44.9 8.0 96.2 74.2 33.3 64.4 83.8 62.3 76.2 27.2 34.9 49.0 8.2 94.8 14.1 80.0 89.6 15.6 90.4 80.4 54.3 76.6 6.0 22.4 39.8 102.2 51.0 77.7 56.0 25.5 32.2 91.6 63.9 12.6 104.8 72.1 83.0 26.3 73.5 54.0 73.3 86.0 109.6 16.1 12.8 84.0 36.2 78.7 
62.5 36.1 38.6 36.7 54.0 34.4 44.9 0.0 41.2 53.3 52.0 20.4 28.0 38.8 22.4 31.3 22.1 16.5 36.9 51.2 52.2 31.3 66.6 54.3 29.5 48.2 52.8 43.9 31.6 40.0 28.3 36.0 60.8 8.2 56.5 31.6 20.9 42.8 46.9 39.4 43.7 61.0 39.4 42.0 30.5 45.1 46.9 35.4 54.6 65.1 36.9 48.1 44.4 28.1 46.0 
89.3 31.6 30.1 77.8 79.6 21.6 8.0 41.2 0.0 90.7 66.5 26.9 58.1 79.6 56.6 72.5 21.3 34.0 41.2 16.1 89.2 10.2 72.0 82.7 12.2 88.3 81.6 46.4 72.5 10.0 15.6 42.9 96.2 48.1 69.9 56.9 20.6 24.3 87.1 56.5 5.7 99.6 72.1 81.2 28.6 66.2 46.0 72.2 86.6 104.9 8.2 8.2 82.6 37.9 71.7 
85.9 88.6 72.5 26.1 31.6 87.7 96.2 53.3 90.7 0.0 50.2 64.0 34.0 22.1 34.1 30.1 69.4 69.0 61.4 103.3 2.0 82.0 67.1 26.0 80.6 43.9 76.9 63.6 26.3 92.0 75.3 85.4 10.2 51.0 52.6 71.0 70.7 80.5 15.2 46.7 91.2 10.2 64.1 47.5 83.4 40.0 67.5 54.1 72.3 18.0 84.0 95.6 51.9 78.8 32.1 
111.2 82.4 37.6 60.0 20.9 76.0 74.2 52.0 66.5 50.2 0.0 44.0 28.3 58.1 35.4 58.8 50.0 66.0 25.3 82.5 48.2 62.5 17.9 26.7 62.3 81.0 101.2 21.6 54.9 73.0 52.6 86.3 48.4 57.3 4.5 83.2 54.0 45.7 58.8 12.6 63.9 60.0 86.8 79.6 76.4 10.8 24.1 79.2 100.5 68.1 58.2 67.2 83.7 78.1 18.1 
81.0 38.8 18.9 53.9 53.9 32.0 33.3 20.4 26.9 64.0 44.0 0.0 31.2 55.0 30.0 49.0 6.3 25.6 21.5 41.2 62.5 19.7 54.4 56.4 19.0 68.0 71.7 28.6 48.1 30.5 11.3 44.7 69.3 28.6 48.0 48.4 10.0 22.4 61.7 32.2 27.2 73.2 59.1 62.3 33.0 41.2 30.5 55.8 74.3 78.9 20.0 31.6 64.8 36.7 45.7 
83.2 63.2 38.6 33.5 26.0 59.5 64.4 28.0 58.1 34.0 28.3 31.2 0.0 32.6 7.2 31.3 37.2 44.2 28.3 72.1 32.2 50.5 45.6 26.7 49.4 53.7 73.2 32.1 27.9 61.1 42.5 64.0 38.2 31.0 32.6 56.9 39.4 46.5 36.1 17.9 58.0 43.9 58.8 51.6 57.3 18.9 36.1 51.0 72.2 50.6 50.9 62.3 55.6 56.0 18.1 
64.0 71.2 68.5 4.0 45.3 72.1 83.8 38.8 79.6 22.1 58.1 55.0 32.6 0.0 28.0 8.9 59.1 52.3 60.0 90.0 22.4 70.0 76.0 41.2 68.3 24.1 54.9 64.5 7.2 78.8 65.4 66.2 32.2 33.9 61.8 50.0 59.1 75.3 8.9 50.0 81.4 25.3 42.0 26.0 66.6 47.4 68.5 32.1 50.6 27.2 74.3 85.9 30.5 60.5 41.6 
76.0 58.2 40.8 28.3 32.2 55.5 62.3 22.4 56.6 34.1 35.4 30.0 7.2 28.0 0.0 25.3 35.4 38.8 32.1 69.7 32.6 48.2 52.5 32.1 46.9 47.5 66.0 36.9 22.4 58.4 41.2 58.1 40.0 24.3 39.7 50.0 36.9 48.1 33.0 24.4 57.2 43.3 51.6 44.9 52.5 26.1 40.8 43.9 65.1 49.2 50.0 61.6 48.8 50.4 24.7 
57.6 62.5 64.0 5.7 48.8 63.8 76.2 31.3 72.5 30.1 58.8 49.0 31.3 8.9 25.3 0.0 52.5 43.9 56.9 82.1 30.0 62.6 76.6 45.7 60.8 22.4 48.1 62.1 4.5 71.0 58.8 57.3 40.0 25.6 62.8 41.2 52.0 70.3 17.9 49.2 74.7 34.2 34.5 21.3 58.0 48.4 66.0 24.7 44.7 36.1 67.7 79.1 25.6 51.6 43.9 
79.6 33.5 21.3 57.6 60.2 26.1 27.2 22.1 21.3 69.4 50.0 6.3 37.2 59.1 35.4 52.5 0.0 22.8 26.7 35.0 67.9 13.4 59.7 62.6 12.6 70.3 70.7 33.5 52.0 24.2 6.3 40.5 75.1 30.0 54.0 46.6 4.5 22.4 66.2 38.5 22.4 78.4 58.8 64.0 27.9 47.5 34.9 56.6 74.0 83.8 15.2 26.8 66.1 32.8 52.0 
57.3 19.7 43.9 49.5 70.1 20.0 34.9 16.5 34.0 69.0 66.0 25.6 44.2 52.3 38.8 43.9 22.8 0.0 46.6 39.4 68.0 24.1 78.8 70.7 22.1 55.7 48.7 53.9 45.3 29.1 26.8 20.4 77.0 18.4 70.3 24.2 18.9 44.9 61.0 53.4 38.2 76.0 38.2 48.1 14.4 60.3 56.0 38.5 53.0 79.4 33.0 42.0 49.0 12.2 62.0 
99.4 60.2 12.8 60.3 41.0 52.6 49.0 36.9 41.2 61.4 25.3 21.5 28.3 60.0 32.1 56.9 26.7 46.6 0.0 57.3 59.5 38.0 33.0 45.3 38.1 78.6 89.6 7.2 54.3 48.2 28.0 66.2 63.5 44.4 28.6 67.9 31.0 21.3 64.3 17.0 38.6 71.5 76.0 74.7 54.4 26.9 10.0 70.7 91.0 78.6 33.0 42.0 78.0 58.1 34.1 
88.4 28.1 46.2 87.7 94.8 20.4 8.2 51.2 16.1 103.3 82.5 41.2 72.1 90.0 69.7 82.1 35.0 39.4 57.3 0.0 102.0 21.6 88.1 97.5 22.8 95.1 82.0 62.5 82.8 11.3 30.5 40.2 109.6 56.6 85.9 58.3 32.8 40.0 98.1 72.1 20.1 111.7 75.0 87.3 28.3 81.7 62.1 77.2 88.2 116.3 24.3 19.0 87.9 38.2 86.8 
86.3 87.7 70.7 26.3 29.7 86.5 94.8 52.2 89.2 2.0 48.2 62.5 32.2 22.4 32.6 30.0 67.9 68.0 59.5 102.0 0.0 80.6 65.1 24.2 79.2 44.7 77.3 61.6 26.1 90.7 73.8 84.8 10.0 50.2 50.6 70.7 69.3 78.7 16.1 44.7 89.6 12.2 64.3 48.1 82.4 38.0 65.5 54.3 72.8 20.0 82.5 94.0 52.5 78.0 30.1 
80.3 25.6 29.1 68.0 73.5 16.1 14.1 31.3 10.2 82.0 62.5 19.7 50.5 70.0 48.2 62.6 13.4 24.1 38.0 21.6 80.6 0.0 70.5 76.0 2.0 78.1 72.3 44.2 62.8 10.8 10.0 35.6 88.1 37.9 66.3 47.5 11.3 26.1 77.7 51.4 14.1 90.7 62.3 71.0 21.3 60.7 44.7 62.1 76.9 95.6 10.0 18.0 72.4 29.5 65.4 
127.6 93.1 42.0 77.9 36.1 85.5 80.0 66.6 72.0 67.1 17.9 54.4 45.6 76.0 52.5 76.6 59.7 78.8 33.0 88.1 65.1 70.5 0.0 42.0 70.7 98.8 117.6 26.3 72.7 80.1 60.5 98.8 64.0 72.8 14.6 98.2 64.0 48.4 76.6 28.3 68.3 76.7 103.3 97.2 87.4 28.6 26.0 96.2 117.4 84.9 64.0 70.7 101.2 90.6 35.4 
103.0 89.8 58.0 44.4 6.0 86.0 89.6 54.3 82.7 26.0 26.7 56.4 26.7 41.2 32.1 45.7 62.6 70.7 45.3 97.5 24.2 76.0 42.0 0.0 75.2 65.3 93.2 44.9 41.2 86.8 67.2 90.2 22.0 56.0 28.1 80.9 65.4 66.5 38.4 28.4 81.6 34.9 79.1 66.6 84.0 18.9 48.4 69.9 90.4 43.2 74.9 85.6 71.0 82.4 11.3 
78.4 24.4 29.7 66.2 72.8 15.2 15.6 29.5 12.2 80.6 62.3 19.0 49.4 68.3 46.9 60.8 12.6 22.1 38.1 22.8 79.2 2.0 70.7 75.2 0.0 76.2 70.3 44.4 61.1 11.7 10.2 34.1 86.8 36.1 66.1 45.6 10.0 27.2 76.0 51.0 16.1 89.2 60.3 69.1 19.8 60.2 45.1 60.1 75.0 94.0 11.7 20.0 70.5 27.8 64.6 
44.0 71.0 84.6 21.3 69.3 75.2 90.4 48.2 88.3 43.9 81.0 68.0 53.7 24.1 47.5 22.4 70.3 55.7 78.6 95.1 44.7 78.1 98.8 65.3 76.2 0.0 36.5 84.1 26.1 84.8 76.4 62.5 53.9 40.4 84.9 42.4 68.7 90.1 28.6 71.6 91.4 42.8 27.8 8.5 68.0 70.5 87.9 19.8 30.0 40.0 84.9 95.7 10.8 59.4 65.3 
10.0 54.0 90.6 51.0 95.7 62.1 80.4 52.8 81.6 76.9 101.2 71.7 73.2 54.9 66.0 48.1 70.7 48.7 89.6 82.0 77.3 72.3 117.6 93.2 70.3 36.5 0.0 96.5 52.5 74.4 75.4 42.2 87.1 45.3 105.6 24.7 67.2 93.0 62.3 89.4 86.3 78.0 14.4 30.0 54.1 92.1 99.6 23.4 8.5 76.2 81.6 89.8 26.1 44.2 89.6 
106.3 67.1 16.5 65.1 40.0 59.2 54.3 43.9 46.4 63.6 21.6 28.6 32.1 64.5 36.9 62.1 33.5 53.9 7.2 62.5 61.6 44.2 26.3 44.9 44.4 84.1 96.5 0.0 59.2 54.0 34.2 73.3 64.6 51.2 24.2 75.1 37.9 24.2 68.0 17.1 43.2 73.8 82.8 80.6 61.4 26.1 4.0 77.2 97.7 81.2 38.2 46.2 84.1 65.3 34.0 
62.0 64.4 62.1 6.0 44.4 65.1 76.6 31.6 72.5 26.3 54.9 48.1 27.9 7.2 22.4 4.5 52.0 45.3 54.3 82.8 26.1 62.8 72.7 41.2 61.1 26.1 52.5 59.2 0.0 71.6 58.3 59.9 36.1 26.9 58.8 44.7 51.9 68.7 15.6 45.7 74.3 31.3 38.8 25.6 59.7 44.4 63.2 29.1 49.2 34.1 67.2 78.8 30.0 53.9 39.6 
81.6 22.4 38.2 76.6 84.3 12.6 6.0 40.0 10.0 92.0 73.0 30.5 61.1 78.8 58.4 71.0 24.2 29.1 48.2 11.3 90.7 10.8 80.1 86.8 11.7 84.8 74.4 54.0 71.6 0.0 20.4 34.2 98.4 45.7 76.7 50.0 21.6 33.5 86.8 62.1 15.6 100.4 66.1 77.2 20.4 71.5 54.1 67.5 80.0 105.0 16.5 17.2 78.1 30.3 76.2 
84.1 34.0 19.7 63.9 64.4 25.3 22.4 28.3 15.6 75.3 52.6 11.3 42.5 65.4 41.2 58.8 6.3 26.8 28.0 30.5 73.8 10.0 60.5 67.2 10.2 76.4 75.4 34.2 58.3 20.4 0.0 42.5 80.6 36.1 56.3 51.0 8.2 18.4 72.5 41.8 16.1 84.4 64.0 70.0 28.8 51.3 34.9 62.3 79.1 89.9 8.9 20.6 72.0 35.4 56.4 
48.2 12.2 61.6 62.8 90.0 21.5 39.8 36.0 42.9 85.4 86.3 44.7 64.0 66.2 58.1 57.3 40.5 20.4 66.2 40.2 84.8 35.6 98.8 90.2 34.1 62.5 42.2 73.3 59.9 34.2 42.5 0.0 94.3 34.9 90.7 20.6 36.1 60.8 75.2 73.8 48.4 91.2 37.6 54.0 14.4 80.6 75.2 42.8 49.0 93.3 45.6 51.0 53.3 8.2 82.0 
96.1 96.7 75.5 36.2 28.0 95.0 102.2 60.8 96.2 10.2 48.4 69.3 38.2 32.2 40.0 40.0 75.1 77.0 63.5 109.6 10.0 88.1 64.0 22.0 86.8 53.9 87.1 64.6 36.1 98.4 80.6 94.3 0.0 59.5 50.0 80.6 76.8 83.8 25.3 47.5 96.2 14.4 74.2 57.7 91.2 39.3 68.4 64.3 82.5 22.4 89.1 100.5 62.1 87.3 31.0 
55.2 37.7 46.8 31.2 56.6 38.2 51.0 8.2 48.1 51.0 57.3 28.6 31.0 33.9 24.3 25.6 30.0 18.4 44.4 56.6 50.2 37.9 72.8 56.0 36.1 40.4 45.3 51.2 26.9 45.7 36.1 34.9 59.5 0.0 61.8 26.0 28.3 51.0 42.5 44.9 51.0 57.7 31.6 34.0 32.8 49.4 54.4 27.2 46.6 61.0 44.4 55.3 36.2 27.9 49.0 
115.6 86.6 40.5 63.8 22.1 80.0 77.7 56.5 69.9 52.6 4.5 48.0 32.6 61.8 39.7 62.8 54.0 70.3 28.6 85.9 50.6 66.3 14.6 28.1 66.1 84.9 105.6 24.2 58.8 76.7 56.3 90.7 50.0 61.8 0.0 87.7 58.0 48.3 62.0 17.1 67.1 62.3 91.2 83.7 80.6 14.4 26.1 83.5 104.8 70.5 61.6 70.2 87.9 82.5 20.9 
33.1 31.0 67.2 46.2 82.0 38.1 56.0 31.6 56.9 71.0 83.2 48.4 56.9 50.0 50.0 41.2 46.6 24.2 67.9 58.3 70.7 47.5 98.2 80.9 45.6 42.4 24.7 75.1 44.7 50.0 51.0 20.6 80.6 26.0 87.7 0.0 42.9 69.0 58.8 70.7 61.6 75.3 17.1 33.9 30.1 75.4 77.8 22.6 30.0 76.2 56.9 65.1 32.8 20.1 74.7 
76.0 29.1 25.6 57.3 63.2 22.0 25.5 20.9 20.6 70.7 54.0 10.0 39.4 59.1 36.9 52.0 4.5 18.9 31.0 32.8 69.3 11.3 64.0 65.4 10.0 68.7 67.2 37.9 51.9 21.6 8.2 36.1 76.8 28.3 58.0 42.9 0.0 26.1 66.6 42.2 22.8 79.4 55.8 62.1 23.4 51.0 39.4 54.1 70.9 84.4 16.1 27.2 64.0 28.4 55.0 
102.0 51.6 8.5 74.7 62.3 42.2 32.2 42.8 24.3 80.5 45.7 22.4 46.5 75.3 48.1 70.3 22.4 44.9 21.3 40.0 78.7 26.1 48.4 66.5 27.2 90.1 93.0 24.2 68.7 33.5 18.4 60.8 83.8 51.0 48.3 69.0 26.1 0.0 81.0 38.2 20.0 90.4 81.0 84.6 46.9 48.2 22.8 78.1 96.2 96.9 17.1 22.4 87.1 53.8 55.2 
71.0 80.0 73.8 12.6 43.3 80.6 91.6 46.9 87.1 15.2 58.8 61.7 36.1 8.9 33.0 17.9 66.2 61.0 64.3 98.1 16.1 77.7 76.6 38.4 76.0 28.6 62.3 68.0 15.6 86.8 72.5 75.2 25.3 42.5 62.0 58.8 66.6 81.0 0.0 52.3 88.6 16.5 50.0 32.6 75.3 48.1 72.0 40.0 57.3 18.4 81.4 93.1 36.9 69.3 41.2 
99.4 70.1 29.7 51.3 24.1 64.1 63.9 39.4 56.5 46.7 12.6 32.2 17.9 50.0 24.4 49.2 38.5 53.4 17.0 72.1 44.7 51.4 28.3 28.4 51.0 71.6 89.4 17.1 45.7 62.1 41.8 73.8 47.5 44.9 17.1 70.7 42.2 38.2 52.3 0.0 54.6 56.9 75.1 69.3 64.1 10.0 20.9 67.9 89.1 64.5 48.3 58.3 73.2 65.5 17.2 
94.3 37.2 26.7 79.8 78.2 27.2 12.6 43.7 5.7 91.2 63.9 27.2 58.0 81.4 57.2 74.7 22.4 38.2 38.6 20.1 89.6 14.1 68.3 81.6 16.1 91.4 86.3 43.2 74.3 15.6 16.1 48.4 96.2 51.0 67.1 61.6 22.8 20.0 88.6 54.6 0.0 100.4 76.4 84.6 34.0 64.5 42.4 76.0 91.1 106.0 7.2 4.5 86.2 43.1 70.5 
86.4 95.4 82.5 29.1 40.8 95.3 104.8 61.0 99.6 10.2 60.0 73.2 43.9 25.3 43.3 34.2 78.4 76.0 71.5 111.7 12.2 90.7 76.7 34.9 89.2 42.8 78.0 73.8 31.3 100.4 84.4 91.2 14.4 57.7 62.3 75.3 79.4 90.4 16.5 56.9 100.4 0.0 66.3 48.0 90.4 50.0 77.7 56.3 72.4 8.2 93.2 104.9 52.2 85.1 42.0 
24.4 48.1 77.8 38.1 81.4 54.6 72.1 39.4 72.1 64.1 86.8 59.1 58.8 42.0 51.6 34.5 58.8 38.2 76.0 75.0 64.3 62.3 103.3 79.1 60.3 27.8 14.4 82.8 38.8 66.1 64.0 37.6 74.2 31.6 91.2 17.1 55.8 81.0 50.0 75.1 76.4 66.3 0.0 19.7 46.7 77.7 86.0 10.0 15.2 65.5 71.0 80.2 17.2 36.9 75.2 
38.5 62.8 79.6 22.4 70.0 67.2 83.0 42.0 81.2 47.5 79.6 62.3 51.6 26.0 44.9 21.3 64.0 48.1 74.7 87.3 48.1 71.0 97.2 66.6 69.1 8.5 30.0 80.6 25.6 77.2 70.0 54.0 57.7 34.0 83.7 33.9 62.1 84.6 32.6 69.3 84.6 48.0 19.7 0.0 59.9 69.4 84.3 11.3 24.7 46.4 78.2 88.8 4.5 51.1 65.1 
61.2 6.0 48.4 63.7 82.9 8.0 26.3 30.5 28.6 83.4 76.4 33.0 57.3 66.6 52.5 58.0 27.9 14.4 54.4 28.3 82.4 21.3 87.4 84.0 19.8 68.0 54.1 61.4 59.7 20.4 28.8 14.4 91.2 32.8 80.6 30.1 23.4 46.9 75.3 64.1 34.0 90.4 46.7 59.9 0.0 72.0 62.8 49.4 60.0 93.7 31.2 36.8 60.2 10.0 74.7 
102.1 78.0 39.7 49.4 14.1 72.7 73.5 45.1 66.2 40.0 10.8 41.2 18.9 47.4 26.1 48.4 47.5 60.3 26.9 81.7 38.0 60.7 28.6 18.9 60.2 70.5 92.1 26.1 44.4 71.5 51.3 80.6 39.3 49.4 14.4 75.4 51.0 48.2 48.1 10.0 64.5 50.0 77.7 69.4 72.0 0.0 29.5 69.7 90.9 58.0 58.1 68.3 73.6 72.4 8.2 
109.3 68.4 16.0 69.1 43.3 60.2 54.0 46.9 46.0 67.5 24.1 30.5 36.1 68.5 40.8 66.0 34.9 56.0 10.0 62.1 65.5 44.7 26.0 48.4 45.1 87.9 99.6 4.0 63.2 54.1 34.9 75.2 68.4 54.4 26.1 77.8 39.4 22.8 72.0 20.9 42.4 77.7 86.0 84.3 62.8 29.5 0.0 80.6 101.0 85.2 38.0 45.1 87.7 67.2 37.6 
33.1 51.9 74.0 28.1 72.5 56.9 73.3 35.4 72.2 54.1 79.2 55.8 51.0 32.1 43.9 24.7 56.6 38.5 70.7 77.2 54.3 62.1 96.2 69.9 60.1 19.8 23.4 77.2 29.1 67.5 62.3 42.8 64.3 27.2 83.5 22.6 54.1 78.1 40.0 67.9 76.0 56.3 10.0 11.3 49.4 69.7 80.6 0.0 21.3 55.8 70.0 80.1 10.8 40.2 66.6 
14.0 60.5 93.0 46.8 93.3 68.0 86.0 54.6 86.6 72.3 100.5 74.3 72.2 50.6 65.1 44.7 74.0 53.0 91.0 88.2 72.8 76.9 117.4 90.4 75.0 30.0 8.5 97.7 49.2 80.0 79.1 49.0 82.5 46.6 104.8 30.0 70.9 96.2 57.3 89.1 91.1 72.4 15.2 24.7 60.0 90.9 101.0 21.3 0.0 70.0 85.9 94.8 20.4 50.0 87.7 
84.0 98.4 89.2 30.5 49.0 99.0 109.6 65.1 104.9 18.0 68.1 78.9 50.6 27.2 49.2 36.1 83.8 79.4 78.6 116.3 20.0 95.6 84.9 43.2 94.0 40.0 76.2 81.2 34.1 105.0 89.9 93.3 22.4 61.0 70.5 76.2 84.4 96.9 18.4 64.5 106.0 8.2 65.5 46.4 93.7 58.0 85.2 55.8 70.0 0.0 98.8 110.5 50.2 87.7 50.0 
89.9 35.4 22.0 72.8 71.7 25.6 16.1 36.9 8.2 84.0 58.2 20.0 50.9 74.3 50.0 67.7 15.2 33.0 33.0 24.3 82.5 10.0 64.0 74.9 11.7 84.9 81.6 38.2 67.2 16.5 8.9 45.6 89.1 44.4 61.6 56.9 16.1 17.1 81.4 48.3 7.2 93.2 71.0 78.2 31.2 58.1 38.0 70.0 85.9 98.8 0.0 11.7 80.0 39.4 63.8 
97.5 39.4 29.7 84.3 82.1 29.5 12.8 48.1 8.2 95.6 67.2 31.6 62.3 85.9 61.6 79.1 26.8 42.0 42.0 19.0 94.0 18.0 70.7 85.6 20.0 95.7 89.8 46.2 78.8 17.2 20.6 51.0 100.5 55.3 70.2 65.1 27.2 22.4 93.1 58.3 4.5 104.9 80.2 88.8 36.8 68.3 45.1 80.1 94.8 110.5 11.7 0.0 90.4 46.2 74.4 
34.2 62.6 82.5 26.8 74.4 67.7 84.0 44.4 82.6 51.9 83.7 64.8 55.6 30.5 48.8 25.6 66.1 49.0 78.0 87.9 52.5 72.4 101.2 71.0 70.5 10.8 26.1 84.1 30.0 78.1 72.0 53.3 62.1 36.2 87.9 32.8 64.0 87.1 36.9 73.2 86.2 52.2 17.2 4.5 60.2 73.6 87.7 10.8 20.4 50.2 80.0 90.4 0.0 51.0 69.4 
51.4 11.7 54.0 57.2 82.0 18.0 36.2 28.1 37.9 78.8 78.1 36.7 56.0 60.5 50.4 51.6 32.8 12.2 58.1 38.2 78.0 29.5 90.6 82.4 27.8 59.4 44.2 65.3 53.9 30.3 35.4 8.2 87.3 27.9 82.5 20.1 28.4 53.8 69.3 65.5 43.1 85.1 36.9 51.1 10.0 72.4 67.2 40.2 50.0 87.7 39.4 46.2 51.0 0.0 74.0 
99.5 80.6 46.7 44.0 8.2 76.2 78.7 46.0 71.7 32.1 18.1 45.7 18.1 41.6 24.7 43.9 52.0 62.0 34.1 86.8 30.1 65.4 35.4 11.3 64.6 65.3 89.6 34.0 39.6 76.2 56.4 82.0 31.0 49.0 20.9 74.7 55.0 55.2 41.2 17.2 70.5 42.0 75.2 65.1 74.7 8.2 37.6 66.6 87.7 50.0 63.8 74.4 69.4 74.0 0.0 

Routes: 
Route: 0 1 5 16 21 6 8 40 51 50 19 29 24 35 0 | Demand: 99.0| Cost: 279.8
Route: 0 3 9 41 49 38 13 28 42 0 | Demand: 99.0| Cost: 202.4
Route: 0 12 10 22 34 27 46 45 14 33 0 | Demand: 98.0| Cost: 307.3
Route: 0 20 4 23 54 32 0 | Demand: 99.0| Cost: 260.4
Route: 0 26 25 43 52 47 48 0 | Demand: 74.0| Cost: 105.6
Route: 0 30 2 37 18 39 11 36 0 | Demand: 100.0| Cost: 268.8
Route: 0 31 7 17 44 53 15 0 | Demand: 100.0| Cost: 234.3

Total cost: 1658.6
Execution time: 0.003

