ClarkeWright Sequential: 
 
Distance Matrix: 
0.0 68.0 69.8 91.1 46.0 65.4 41.0 101.0 55.5 94.3 46.8 119.6 29.8 61.8 12.4 20.0 97.0 74.8 44.9 110.4 95.5 91.8 21.4 71.4 96.5 29.8 44.4 121.8 93.8 68.6 109.7 89.1 85.6 82.3 78.0 19.2 101.4 101.4 92.1 106.5 46.3 112.6 39.4 87.4 97.1 95.5 78.3 92.2 52.3 79.8 111.7 103.4 83.9 
68.0 0.0 11.4 57.6 27.7 22.2 31.1 33.4 40.2 33.1 35.1 63.3 57.3 46.0 62.0 49.6 96.5 73.6 42.7 47.2 90.0 24.2 48.1 31.3 82.5 57.3 23.8 64.0 30.5 27.8 58.9 40.0 18.0 82.0 25.2 55.3 37.0 65.1 54.3 42.8 22.5 52.4 47.5 72.9 76.5 44.2 55.2 33.5 29.1 69.0 64.3 74.0 21.5 
69.8 11.4 0.0 46.2 35.3 12.2 37.7 36.5 32.3 25.5 30.0 54.6 54.2 36.9 62.0 53.3 86.3 64.0 37.2 41.1 79.5 28.2 48.8 20.2 71.6 54.2 26.2 55.8 24.2 17.0 48.8 29.1 18.0 72.2 36.2 54.7 31.6 53.8 43.0 37.0 28.0 44.8 43.0 62.2 65.3 33.7 44.4 24.7 23.1 58.7 53.8 62.6 14.2 
91.1 57.6 46.2 0.0 76.0 37.2 76.2 70.7 35.8 39.8 45.9 40.2 63.3 29.4 79.3 82.5 48.8 36.2 46.1 48.1 40.7 66.2 71.6 27.2 29.7 63.3 61.3 44.1 43.9 31.1 27.2 21.9 55.2 40.2 82.1 71.9 47.7 10.3 5.4 47.9 67.0 43.0 51.9 23.8 21.3 23.7 14.4 35.5 43.0 26.0 24.7 16.5 43.0 
46.0 27.7 35.3 76.0 0.0 39.3 5.0 57.2 46.5 60.2 36.2 89.9 47.4 54.4 44.1 26.1 104.7 80.1 42.2 74.8 99.7 48.4 31.0 49.2 95.1 47.4 15.8 90.9 58.0 45.2 83.8 63.3 45.3 89.0 32.0 39.9 64.7 85.2 74.2 70.4 9.1 79.6 43.3 84.9 91.2 68.6 68.9 59.9 34.9 79.1 88.3 92.0 48.5 
65.4 22.2 12.2 37.2 39.3 0.0 40.3 47.8 20.6 29.5 20.9 54.6 45.6 24.7 56.1 51.4 74.4 51.9 27.2 45.6 67.8 39.9 44.0 10.0 60.4 45.6 26.0 56.6 30.1 6.1 46.1 25.1 29.1 60.1 47.4 48.4 37.6 46.0 35.0 42.2 30.6 47.2 33.5 50.8 54.8 31.1 33.1 26.9 13.9 46.9 49.8 53.6 21.1 
41.0 31.1 37.7 76.2 5.0 40.3 0.0 61.7 45.1 63.0 34.5 92.3 43.4 53.2 39.3 21.1 102.7 78.0 39.8 78.0 98.0 52.8 26.4 49.8 93.9 43.4 15.0 93.5 61.1 45.9 85.6 64.8 49.0 86.9 37.0 35.3 67.9 85.7 74.8 73.7 9.8 82.4 40.2 83.7 90.6 70.4 68.3 62.4 34.1 77.6 89.8 92.0 51.4 
101.0 33.4 36.5 70.7 57.2 47.8 61.7 0.0 68.4 31.4 66.4 54.9 90.0 71.9 95.4 81.9 117.4 97.5 73.7 33.4 109.8 9.2 81.4 52.3 99.9 90.0 57.1 53.3 27.0 50.7 57.8 48.8 18.7 105.0 32.2 88.7 26.0 74.2 65.8 29.8 54.7 41.8 79.3 92.0 91.9 48.6 74.9 35.5 59.5 90.4 64.9 85.3 29.2 
55.5 40.2 32.3 35.8 46.5 20.6 45.1 68.4 0.0 47.5 11.0 66.6 29.4 8.1 44.0 47.3 58.7 34.4 10.6 62.8 53.3 60.4 35.8 19.6 48.8 29.4 30.7 69.5 49.1 19.0 55.4 36.2 49.7 43.3 64.4 36.4 56.3 46.1 36.6 60.0 37.7 62.4 17.0 38.6 46.0 42.5 24.3 43.9 12.2 32.6 56.6 49.5 41.1 
94.3 33.1 25.5 39.8 60.2 29.5 63.0 31.4 47.5 0.0 50.3 30.4 74.9 48.0 85.5 78.6 87.8 70.2 56.0 16.1 79.9 28.8 72.9 28.1 69.4 74.9 51.6 30.9 4.5 28.6 28.3 18.0 20.0 76.7 51.0 77.8 9.1 42.8 34.7 12.6 53.4 19.4 62.6 62.3 61.1 17.2 46.2 4.5 43.5 61.8 34.9 53.9 11.7 
46.8 35.1 30.0 45.9 36.2 20.9 34.5 66.4 11.0 50.3 0.0 73.1 24.7 19.0 36.2 36.7 68.4 43.8 7.6 66.3 63.6 57.7 26.1 24.8 59.7 24.7 20.6 75.6 51.0 22.5 63.0 42.5 48.0 52.8 57.4 28.4 58.5 56.1 46.1 63.0 27.8 67.2 13.0 49.5 57.0 48.9 35.2 47.4 7.1 43.2 65.0 60.2 41.8 
119.6 63.3 54.6 40.2 89.9 54.6 92.3 54.9 66.6 30.4 73.1 0.0 96.0 63.5 109.3 105.9 86.3 76.4 76.8 21.6 78.1 56.0 98.3 48.3 66.1 96.0 79.6 4.1 33.7 50.9 13.0 30.6 49.6 80.0 80.5 101.5 30.0 35.4 35.5 25.2 82.5 13.2 83.5 63.0 56.9 24.2 53.4 30.0 67.2 66.2 17.7 45.6 41.8 
29.8 57.3 54.2 63.3 47.4 45.6 43.4 90.0 29.4 74.9 24.7 96.0 0.0 34.0 17.5 31.8 68.2 45.2 19.2 90.8 66.1 81.1 18.9 48.3 66.7 0.0 36.1 98.8 75.7 46.6 84.8 65.5 72.1 53.0 76.0 12.2 83.2 73.4 65.1 87.6 42.0 91.2 12.5 57.6 67.4 71.9 49.6 71.9 31.8 50.0 85.6 74.3 66.5 
61.8 46.0 36.9 29.4 54.4 24.7 53.2 71.9 8.1 48.0 19.0 63.5 34.0 0.0 49.9 54.9 51.3 27.6 17.1 62.4 45.6 64.4 43.0 20.2 40.8 34.0 38.6 66.7 50.2 21.2 51.6 34.2 53.3 36.2 70.8 42.5 57.0 39.7 31.1 60.1 45.5 60.9 22.5 30.6 38.0 40.2 16.8 44.0 19.7 24.7 51.9 42.1 43.4 
12.4 62.0 62.0 79.3 44.1 56.1 39.3 95.4 44.0 85.5 36.2 109.3 17.5 49.9 0.0 20.8 85.0 62.5 33.4 101.6 83.3 86.1 14.0 61.1 84.2 17.5 38.3 111.8 85.4 58.6 99.0 78.7 78.8 70.1 75.7 7.8 93.0 89.6 80.6 97.9 42.0 103.2 27.5 75.0 84.8 85.1 66.2 83.0 42.4 67.4 100.6 91.2 75.6 
20.0 49.6 53.3 82.5 26.1 51.4 21.1 81.9 47.3 78.6 36.7 105.9 31.8 54.9 20.8 0.0 98.7 74.5 38.2 94.4 95.5 72.8 13.3 59.2 94.0 31.8 27.0 107.7 77.5 55.8 97.3 76.3 67.6 83.0 58.0 20.2 84.8 92.7 82.5 90.3 27.3 97.6 35.1 84.1 92.7 82.4 71.6 77.1 40.2 77.0 100.3 96.8 67.5 
97.0 96.5 86.3 48.8 104.7 74.4 102.7 117.4 58.7 87.8 68.4 86.3 68.2 51.3 85.0 98.7 0.0 24.7 63.0 96.9 8.2 111.5 85.3 66.5 20.2 68.2 89.0 90.4 91.6 69.3 73.8 69.8 100.1 15.8 121.7 80.3 96.2 51.0 54.2 96.7 96.2 91.4 64.0 25.6 29.4 72.5 42.6 83.4 70.8 27.6 68.7 41.1 88.4 
74.8 73.6 64.0 36.2 80.1 51.9 78.0 97.5 34.4 70.2 43.8 76.4 45.2 27.6 62.5 74.5 24.7 0.0 38.3 82.0 21.0 90.7 61.3 45.3 22.8 45.2 64.4 80.3 73.4 47.4 63.4 53.2 79.4 8.9 98.4 57.0 79.1 43.0 41.0 80.8 71.6 78.2 39.6 16.4 26.9 57.4 24.3 65.8 46.6 10.4 60.4 37.7 68.4 
44.9 42.7 37.2 46.1 42.2 27.2 39.8 73.7 10.6 56.0 7.6 76.8 19.2 17.1 33.4 38.2 63.0 38.3 0.0 71.8 58.7 65.1 26.0 29.1 56.0 19.2 27.0 79.6 57.1 27.5 65.9 46.3 55.2 47.2 64.9 25.8 64.5 56.4 47.2 68.7 34.2 72.0 6.7 46.0 54.5 52.7 33.8 52.8 14.1 39.1 67.2 59.1 48.3 
110.4 47.2 41.1 48.1 74.8 45.6 78.0 33.4 62.8 16.1 66.3 21.6 90.8 62.4 101.6 94.4 96.9 82.0 71.8 0.0 88.8 35.2 89.0 43.2 77.4 90.8 67.4 20.0 17.0 44.3 26.9 29.1 30.9 87.6 60.6 93.9 10.3 47.7 42.7 4.5 68.6 8.5 78.4 71.8 68.4 24.7 57.7 19.0 59.5 72.8 34.1 59.1 26.9 
95.5 90.0 79.5 40.7 99.7 67.8 98.0 109.8 53.3 79.9 63.6 78.1 66.1 45.6 83.3 95.5 8.2 21.0 58.7 88.8 0.0 104.1 82.3 59.5 12.0 66.1 83.9 82.2 83.8 62.5 65.5 61.9 92.8 13.3 115.2 78.0 88.2 42.8 46.1 88.6 91.0 83.2 60.5 17.8 21.2 64.4 35.4 75.5 65.3 21.1 60.5 33.0 80.9 
91.8 24.2 28.2 66.2 48.4 39.9 52.8 9.2 60.4 28.8 57.7 56.0 81.1 64.4 86.1 72.8 111.5 90.7 65.1 35.2 104.1 0.0 72.2 45.5 94.8 81.1 47.9 55.1 24.4 43.4 56.8 44.7 11.4 98.5 26.0 79.5 26.0 70.8 61.6 31.1 45.5 43.0 70.6 86.4 87.2 45.6 68.9 32.2 51.0 84.2 63.6 81.5 23.3 
21.4 48.1 48.8 71.6 31.0 44.0 26.4 81.4 35.8 72.9 26.1 98.3 18.9 43.0 14.0 13.3 85.3 61.3 26.0 89.0 82.3 72.2 0.0 50.3 81.2 18.9 24.3 100.5 72.6 47.4 88.7 67.9 65.1 69.7 62.0 8.9 80.1 81.9 72.1 85.2 28.1 91.2 22.0 71.3 80.2 74.3 59.8 70.8 31.1 64.1 91.0 85.1 62.6 
71.4 31.3 20.2 27.2 49.2 10.0 49.8 52.3 19.6 28.1 24.8 48.3 48.3 20.2 61.1 59.2 66.5 45.3 29.1 43.2 59.5 45.5 50.3 0.0 51.3 48.3 35.2 50.8 30.1 4.0 38.4 17.7 34.1 53.0 56.4 53.3 37.0 36.1 25.1 40.4 40.3 43.0 35.8 42.0 45.2 24.1 24.2 24.3 19.2 38.9 41.2 43.6 23.4 
96.5 82.5 71.6 29.7 95.1 60.4 93.9 99.9 48.8 69.4 59.7 66.1 66.7 40.8 84.2 94.0 20.2 22.8 56.0 77.4 12.0 94.8 81.2 51.3 0.0 66.7 79.3 70.2 73.4 54.7 53.6 51.4 83.5 19.2 107.7 78.1 77.4 30.8 35.0 77.4 86.1 71.5 59.1 10.2 9.2 53.3 27.3 65.0 60.2 17.0 48.5 21.0 71.4 
29.8 57.3 54.2 63.3 47.4 45.6 43.4 90.0 29.4 74.9 24.7 96.0 0.0 34.0 17.5 31.8 68.2 45.2 19.2 90.8 66.1 81.1 18.9 48.3 66.7 0.0 36.1 98.8 75.7 46.6 84.8 65.5 72.1 53.0 76.0 12.2 83.2 73.4 65.1 87.6 42.0 91.2 12.5 57.6 67.4 71.9 49.6 71.9 31.8 50.0 85.6 74.3 66.5 
44.4 23.8 26.2 61.3 15.8 26.0 15.0 57.1 30.7 51.6 20.6 79.6 36.1 38.6 38.3 27.0 89.0 64.4 27.0 67.4 83.9 47.9 24.3 35.2 79.3 36.1 0.0 81.2 50.4 31.3 72.0 51.0 41.2 73.4 39.9 32.0 57.8 70.9 60.0 63.3 7.2 70.8 29.2 69.1 75.7 56.8 53.3 50.3 19.2 63.2 75.8 77.0 40.5 
121.8 64.0 55.8 44.1 90.9 56.6 93.5 53.3 69.5 30.9 75.6 4.1 98.8 66.7 111.8 107.7 90.4 80.3 79.6 20.0 82.2 55.1 100.5 50.8 70.2 98.8 81.2 0.0 33.8 53.3 17.0 33.3 49.5 84.0 80.1 104.0 29.3 39.5 39.3 24.0 83.8 12.2 86.3 67.1 61.0 26.9 57.1 31.1 69.5 70.1 21.8 49.7 42.5 
93.8 30.5 24.2 43.9 58.0 30.1 61.1 27.0 49.1 4.5 51.0 33.7 75.7 50.2 85.4 77.5 91.6 73.4 57.1 17.0 83.8 24.4 72.6 30.1 73.4 75.7 50.4 33.8 0.0 30.1 32.6 22.0 16.0 80.1 47.0 77.9 7.6 47.2 38.9 12.8 51.7 21.9 63.6 66.0 65.2 21.6 49.7 8.5 44.0 65.3 39.3 58.3 10.0 
68.6 27.8 17.0 31.1 45.2 6.1 45.9 50.7 19.0 28.6 22.5 50.9 46.6 21.2 58.6 55.8 69.3 47.4 27.5 44.3 62.5 43.4 47.4 4.0 54.7 46.6 31.3 53.3 30.1 0.0 41.6 20.6 32.2 55.4 53.0 50.8 37.3 40.0 29.1 41.2 36.3 44.8 34.2 45.2 48.8 26.9 27.5 25.3 16.3 41.7 44.7 47.5 22.4 
109.7 58.9 48.8 27.2 83.8 46.1 85.6 57.8 55.4 28.3 63.0 13.0 84.8 51.6 99.0 97.3 73.8 63.4 65.9 26.9 65.5 56.8 88.7 38.4 53.6 84.8 72.0 17.0 32.6 41.6 0.0 21.1 48.3 67.0 79.1 91.2 31.8 22.8 22.6 28.8 75.8 19.2 72.5 50.1 44.4 15.2 40.5 26.0 57.6 53.2 7.2 33.6 38.1 
89.1 40.0 29.1 21.9 63.3 25.1 64.8 48.8 36.2 18.0 42.5 30.6 65.5 34.2 78.7 76.3 69.8 53.2 46.3 29.1 61.9 44.7 67.9 17.7 51.4 65.5 51.0 33.3 22.0 20.6 21.1 0.0 34.0 59.1 62.8 70.9 26.4 26.4 17.0 27.7 55.0 26.7 53.0 44.3 43.2 6.4 28.9 13.6 36.8 44.3 25.0 36.9 21.9 
85.6 18.0 18.0 55.2 45.3 29.1 49.0 18.7 49.7 20.0 48.0 49.6 72.1 53.3 78.8 67.6 100.1 79.4 55.2 30.9 92.8 11.4 65.1 34.1 83.5 72.1 41.2 49.5 16.0 32.2 48.3 34.0 0.0 87.1 31.0 71.8 20.6 60.4 50.8 26.4 40.5 37.4 61.0 75.0 76.1 35.7 57.5 22.6 41.1 72.8 54.7 70.8 12.2 
82.3 82.0 72.2 40.2 89.0 60.1 86.9 105.0 43.3 76.7 52.8 80.0 53.0 36.2 70.1 83.0 15.8 8.9 47.2 87.6 13.3 98.5 69.7 53.0 19.2 53.0 73.4 84.0 80.1 55.4 67.0 59.1 87.1 0.0 107.0 65.0 85.4 45.3 45.4 86.7 80.5 83.0 48.3 17.1 26.0 62.8 30.5 72.2 55.5 14.9 63.2 37.9 75.8 
78.0 25.2 36.2 82.1 32.0 47.4 37.0 32.2 64.4 51.0 57.4 80.5 76.0 70.8 75.7 58.0 121.7 98.4 64.9 60.6 115.2 26.0 62.0 56.4 107.7 76.0 39.9 80.1 47.0 53.0 79.1 62.8 31.0 107.0 0.0 70.6 50.8 88.9 78.4 56.3 34.2 67.9 68.5 98.2 101.5 65.8 80.5 53.2 52.5 94.2 85.4 98.4 41.4 
19.2 55.3 54.7 71.9 39.9 48.4 35.3 88.7 36.4 77.8 28.4 101.5 12.2 42.5 7.8 20.2 80.3 57.0 25.8 93.9 78.0 79.5 8.9 53.3 78.1 12.2 32.0 104.0 77.9 50.8 91.2 70.9 71.8 65.0 70.6 0.0 85.5 82.2 73.0 90.3 36.5 95.4 20.1 68.7 78.2 77.3 59.0 75.3 34.7 61.2 92.8 84.2 68.2 
101.4 37.0 31.6 47.7 64.7 37.6 67.9 26.0 56.3 9.1 58.5 30.0 83.2 57.0 93.0 84.8 96.2 79.1 64.5 10.3 88.2 26.0 80.1 37.0 77.4 83.2 57.8 29.3 7.6 37.3 31.8 26.4 20.6 85.4 50.8 85.5 0.0 49.5 42.4 5.8 58.7 17.1 71.1 70.7 68.8 24.2 55.0 13.3 51.5 70.6 38.9 60.8 17.5 
101.4 65.1 53.8 10.3 85.2 46.0 85.7 74.2 46.1 42.8 56.1 35.4 73.4 39.7 89.6 92.7 51.0 43.0 56.4 47.7 42.8 70.8 81.9 36.1 30.8 73.4 70.9 39.5 47.2 40.0 22.8 26.4 60.4 45.3 88.9 82.2 49.5 0.0 11.0 48.4 76.3 41.1 62.1 28.2 21.6 25.6 24.0 38.8 52.9 32.6 18.0 11.4 48.3 
92.1 54.3 43.0 5.4 74.2 35.0 74.8 65.8 36.6 34.7 46.1 35.5 65.1 31.1 80.6 82.5 54.2 41.0 47.2 42.7 46.1 61.6 72.1 25.1 35.0 65.1 60.0 39.3 38.9 29.1 22.6 17.0 50.8 45.4 78.4 73.0 42.4 11.0 0.0 42.5 65.4 37.7 53.3 29.1 26.4 18.4 18.0 30.4 42.4 31.0 21.1 20.1 38.6 
106.5 42.8 37.0 47.9 70.4 42.2 73.7 29.8 60.0 12.6 63.0 25.2 87.6 60.1 97.9 90.3 96.7 80.8 68.7 4.5 88.6 31.1 85.2 40.4 77.4 87.6 63.3 24.0 12.8 41.2 28.8 27.7 26.4 86.7 56.3 90.3 5.8 48.4 42.5 0.0 64.4 12.0 75.3 71.3 68.6 24.2 56.5 16.1 56.1 71.8 36.1 59.8 22.8 
46.3 22.5 28.0 67.0 9.1 30.6 9.8 54.7 37.7 53.4 27.8 82.5 42.0 45.5 42.0 27.3 96.2 71.6 34.2 68.6 91.0 45.5 28.1 40.3 86.1 42.0 7.2 83.8 51.7 36.3 75.8 55.0 40.5 80.5 34.2 36.5 58.7 76.3 65.4 64.4 0.0 72.8 36.1 76.0 82.2 60.5 59.8 52.7 26.0 70.2 80.0 83.0 41.9 
112.6 52.4 44.8 43.0 79.6 47.2 82.4 41.8 62.4 19.4 67.2 13.2 91.2 60.9 103.2 97.6 91.4 78.2 72.0 8.5 83.2 43.0 91.2 43.0 71.5 91.2 70.8 12.2 21.9 44.8 19.2 26.7 37.4 83.0 67.9 95.4 17.1 41.1 37.7 12.0 72.8 0.0 78.7 66.7 62.4 21.1 54.0 20.5 60.7 68.5 26.2 52.4 31.1 
39.4 47.5 43.0 51.9 43.3 33.5 40.2 79.3 17.0 62.6 13.0 83.5 12.5 22.5 27.5 35.1 64.0 39.6 6.7 78.4 60.5 70.6 22.0 35.8 59.1 12.5 29.2 86.3 63.6 34.2 72.5 53.0 61.0 48.3 68.5 20.1 71.1 62.1 53.3 75.3 36.1 78.7 0.0 49.4 58.5 59.4 38.9 59.5 20.0 42.1 73.5 64.1 54.6 
87.4 72.9 62.2 23.8 84.9 50.8 83.7 92.0 38.6 62.3 49.5 63.0 57.6 30.6 75.0 84.1 25.6 16.4 46.0 71.8 17.8 86.4 71.3 42.0 10.2 57.6 69.1 67.1 66.0 45.2 50.1 44.3 75.0 17.1 98.2 68.7 70.7 28.2 29.1 71.3 76.0 66.7 49.4 0.0 10.6 47.2 17.8 57.8 50.0 7.6 46.1 21.5 63.1 
97.1 76.5 65.3 21.3 91.2 54.8 90.6 91.9 46.0 61.1 57.0 56.9 67.4 38.0 84.8 92.7 29.4 26.9 54.5 68.4 21.2 87.2 80.2 45.2 9.2 67.4 75.7 61.0 65.2 48.8 44.4 43.2 76.1 26.0 101.5 78.2 68.8 21.6 26.4 68.6 82.2 62.4 58.5 10.6 0.0 44.7 22.4 56.7 56.4 18.0 39.3 12.2 63.9 
95.5 44.2 33.7 23.7 68.6 31.1 70.4 48.6 42.5 17.2 48.9 24.2 71.9 40.2 85.1 82.4 72.5 57.4 52.7 24.7 64.4 45.6 74.3 24.1 53.3 71.9 56.8 26.9 21.6 26.9 15.2 6.4 35.7 62.8 65.8 77.3 24.2 25.6 18.4 24.2 60.5 21.1 59.4 47.2 44.7 0.0 33.1 13.4 43.1 48.1 20.1 36.8 24.3 
78.3 55.2 44.4 14.4 68.9 33.1 68.3 74.9 24.3 46.2 35.2 53.4 49.6 16.8 66.2 71.6 42.6 24.3 33.8 57.7 35.4 68.9 59.8 24.2 27.3 49.6 53.3 57.1 49.7 27.5 40.5 28.9 57.5 30.5 80.5 59.0 55.0 24.0 18.0 56.5 59.8 54.0 38.9 17.8 22.4 33.1 0.0 41.8 34.1 15.7 38.9 25.3 45.8 
92.2 33.5 24.7 35.5 59.9 26.9 62.4 35.5 43.9 4.5 47.4 30.0 71.9 44.0 83.0 77.1 83.4 65.8 52.8 19.0 75.5 32.2 70.8 24.3 65.0 71.9 50.3 31.1 8.5 25.3 26.0 13.6 22.6 72.2 53.2 75.3 13.3 38.8 30.4 16.1 52.7 20.5 59.5 57.8 56.7 13.4 41.8 0.0 40.7 57.4 32.2 49.8 12.2 
52.3 29.1 23.1 43.0 34.9 13.9 34.1 59.5 12.2 43.5 7.1 67.2 31.8 19.7 42.4 40.2 70.8 46.6 14.1 59.5 65.3 51.0 31.1 19.2 60.2 31.8 19.2 69.5 44.0 16.3 57.6 36.8 41.1 55.5 52.5 34.7 51.5 52.9 42.4 56.1 26.0 60.7 20.0 50.0 56.4 43.1 34.1 40.7 0.0 44.4 60.2 58.2 34.7 
79.8 69.0 58.7 26.0 79.1 46.9 77.6 90.4 32.6 61.8 43.2 66.2 50.0 24.7 67.4 77.0 27.6 10.4 39.1 72.8 21.1 84.2 64.1 38.9 17.0 50.0 63.2 70.1 65.3 41.7 53.2 44.3 72.8 14.9 94.2 61.2 70.6 32.6 31.0 71.8 70.2 68.5 42.1 7.6 18.0 48.1 15.7 57.4 44.4 0.0 50.0 27.8 61.3 
111.7 64.3 53.8 24.7 88.3 49.8 89.8 64.9 56.6 34.9 65.0 17.7 85.6 51.9 100.6 100.3 68.7 60.4 67.2 34.1 60.5 63.6 91.0 41.2 48.5 85.6 75.8 21.8 39.3 44.7 7.2 25.0 54.7 63.2 85.4 92.8 38.9 18.0 21.1 36.1 80.0 26.2 73.5 46.1 39.3 20.1 38.9 32.2 60.2 50.0 0.0 27.9 44.0 
103.4 74.0 62.6 16.5 92.0 53.6 92.0 85.3 49.5 53.9 60.2 45.6 74.3 42.1 91.2 96.8 41.1 37.7 59.1 59.1 33.0 81.5 85.1 43.6 21.0 74.3 77.0 49.7 58.3 47.5 33.6 36.9 70.8 37.9 98.4 84.2 60.8 11.4 20.1 59.8 83.0 52.4 64.1 21.5 12.2 36.8 25.3 49.8 58.2 27.8 27.9 0.0 58.7 
83.9 21.5 14.2 43.0 48.5 21.1 51.4 29.2 41.1 11.7 41.8 41.8 66.5 43.4 75.6 67.5 88.4 68.4 48.3 26.9 80.9 23.3 62.6 23.4 71.4 66.5 40.5 42.5 10.0 22.4 38.1 21.9 12.2 75.8 41.4 68.2 17.5 48.3 38.6 22.8 41.9 31.1 54.6 63.1 63.9 24.3 45.8 12.2 34.7 61.3 44.0 58.7 0.0 

Routes: 
Route: 0 1 7 21 32 34 36 5 30 0 | Demand: 100.0| Cost: 1988.6
Route: 0 2 52 28 39 19 44 9 0 | Demand: 100.0| Cost: 1542.2
Route: 0 3 37 50 51 38 11 27 45 41 31 26 0 | Demand: 100.0| Cost: 3222.5
Route: 0 4 40 6 47 42 48 29 23 8 20 0 | Demand: 100.0| Cost: 2292.0
Route: 0 10 46 13 18 43 24 33 0 | Demand: 98.0| Cost: 1366.8
Route: 0 12 25 49 17 16 35 53 0 | Demand: 99.0| Cost: 1089.4
Route: 0 14 22 15 0 | Demand: 67.0| Cost: 132.3

Total cost: 11633.8
Execution time: 0.012

-----------------------------------------

ClarkeWright Parallel: 
 
Distance Matrix: 
0.0 68.0 69.8 91.1 46.0 65.4 41.0 101.0 55.5 94.3 46.8 119.6 29.8 61.8 12.4 20.0 97.0 74.8 44.9 110.4 95.5 91.8 21.4 71.4 96.5 29.8 44.4 121.8 93.8 68.6 109.7 89.1 85.6 82.3 78.0 19.2 101.4 101.4 92.1 106.5 46.3 112.6 39.4 87.4 97.1 95.5 78.3 92.2 52.3 79.8 111.7 103.4 83.9 
68.0 0.0 11.4 57.6 27.7 22.2 31.1 33.4 40.2 33.1 35.1 63.3 57.3 46.0 62.0 49.6 96.5 73.6 42.7 47.2 90.0 24.2 48.1 31.3 82.5 57.3 23.8 64.0 30.5 27.8 58.9 40.0 18.0 82.0 25.2 55.3 37.0 65.1 54.3 42.8 22.5 52.4 47.5 72.9 76.5 44.2 55.2 33.5 29.1 69.0 64.3 74.0 21.5 
69.8 11.4 0.0 46.2 35.3 12.2 37.7 36.5 32.3 25.5 30.0 54.6 54.2 36.9 62.0 53.3 86.3 64.0 37.2 41.1 79.5 28.2 48.8 20.2 71.6 54.2 26.2 55.8 24.2 17.0 48.8 29.1 18.0 72.2 36.2 54.7 31.6 53.8 43.0 37.0 28.0 44.8 43.0 62.2 65.3 33.7 44.4 24.7 23.1 58.7 53.8 62.6 14.2 
91.1 57.6 46.2 0.0 76.0 37.2 76.2 70.7 35.8 39.8 45.9 40.2 63.3 29.4 79.3 82.5 48.8 36.2 46.1 48.1 40.7 66.2 71.6 27.2 29.7 63.3 61.3 44.1 43.9 31.1 27.2 21.9 55.2 40.2 82.1 71.9 47.7 10.3 5.4 47.9 67.0 43.0 51.9 23.8 21.3 23.7 14.4 35.5 43.0 26.0 24.7 16.5 43.0 
46.0 27.7 35.3 76.0 0.0 39.3 5.0 57.2 46.5 60.2 36.2 89.9 47.4 54.4 44.1 26.1 104.7 80.1 42.2 74.8 99.7 48.4 31.0 49.2 95.1 47.4 15.8 90.9 58.0 45.2 83.8 63.3 45.3 89.0 32.0 39.9 64.7 85.2 74.2 70.4 9.1 79.6 43.3 84.9 91.2 68.6 68.9 59.9 34.9 79.1 88.3 92.0 48.5 
65.4 22.2 12.2 37.2 39.3 0.0 40.3 47.8 20.6 29.5 20.9 54.6 45.6 24.7 56.1 51.4 74.4 51.9 27.2 45.6 67.8 39.9 44.0 10.0 60.4 45.6 26.0 56.6 30.1 6.1 46.1 25.1 29.1 60.1 47.4 48.4 37.6 46.0 35.0 42.2 30.6 47.2 33.5 50.8 54.8 31.1 33.1 26.9 13.9 46.9 49.8 53.6 21.1 
41.0 31.1 37.7 76.2 5.0 40.3 0.0 61.7 45.1 63.0 34.5 92.3 43.4 53.2 39.3 21.1 102.7 78.0 39.8 78.0 98.0 52.8 26.4 49.8 93.9 43.4 15.0 93.5 61.1 45.9 85.6 64.8 49.0 86.9 37.0 35.3 67.9 85.7 74.8 73.7 9.8 82.4 40.2 83.7 90.6 70.4 68.3 62.4 34.1 77.6 89.8 92.0 51.4 
101.0 33.4 36.5 70.7 57.2 47.8 61.7 0.0 68.4 31.4 66.4 54.9 90.0 71.9 95.4 81.9 117.4 97.5 73.7 33.4 109.8 9.2 81.4 52.3 99.9 90.0 57.1 53.3 27.0 50.7 57.8 48.8 18.7 105.0 32.2 88.7 26.0 74.2 65.8 29.8 54.7 41.8 79.3 92.0 91.9 48.6 74.9 35.5 59.5 90.4 64.9 85.3 29.2 
55.5 40.2 32.3 35.8 46.5 20.6 45.1 68.4 0.0 47.5 11.0 66.6 29.4 8.1 44.0 47.3 58.7 34.4 10.6 62.8 53.3 60.4 35.8 19.6 48.8 29.4 30.7 69.5 49.1 19.0 55.4 36.2 49.7 43.3 64.4 36.4 56.3 46.1 36.6 60.0 37.7 62.4 17.0 38.6 46.0 42.5 24.3 43.9 12.2 32.6 56.6 49.5 41.1 
94.3 33.1 25.5 39.8 60.2 29.5 63.0 31.4 47.5 0.0 50.3 30.4 74.9 48.0 85.5 78.6 87.8 70.2 56.0 16.1 79.9 28.8 72.9 28.1 69.4 74.9 51.6 30.9 4.5 28.6 28.3 18.0 20.0 76.7 51.0 77.8 9.1 42.8 34.7 12.6 53.4 19.4 62.6 62.3 61.1 17.2 46.2 4.5 43.5 61.8 34.9 53.9 11.7 
46.8 35.1 30.0 45.9 36.2 20.9 34.5 66.4 11.0 50.3 0.0 73.1 24.7 19.0 36.2 36.7 68.4 43.8 7.6 66.3 63.6 57.7 26.1 24.8 59.7 24.7 20.6 75.6 51.0 22.5 63.0 42.5 48.0 52.8 57.4 28.4 58.5 56.1 46.1 63.0 27.8 67.2 13.0 49.5 57.0 48.9 35.2 47.4 7.1 43.2 65.0 60.2 41.8 
119.6 63.3 54.6 40.2 89.9 54.6 92.3 54.9 66.6 30.4 73.1 0.0 96.0 63.5 109.3 105.9 86.3 76.4 76.8 21.6 78.1 56.0 98.3 48.3 66.1 96.0 79.6 4.1 33.7 50.9 13.0 30.6 49.6 80.0 80.5 101.5 30.0 35.4 35.5 25.2 82.5 13.2 83.5 63.0 56.9 24.2 53.4 30.0 67.2 66.2 17.7 45.6 41.8 
29.8 57.3 54.2 63.3 47.4 45.6 43.4 90.0 29.4 74.9 24.7 96.0 0.0 34.0 17.5 31.8 68.2 45.2 19.2 90.8 66.1 81.1 18.9 48.3 66.7 0.0 36.1 98.8 75.7 46.6 84.8 65.5 72.1 53.0 76.0 12.2 83.2 73.4 65.1 87.6 42.0 91.2 12.5 57.6 67.4 71.9 49.6 71.9 31.8 50.0 85.6 74.3 66.5 
61.8 46.0 36.9 29.4 54.4 24.7 53.2 71.9 8.1 48.0 19.0 63.5 34.0 0.0 49.9 54.9 51.3 27.6 17.1 62.4 45.6 64.4 43.0 20.2 40.8 34.0 38.6 66.7 50.2 21.2 51.6 34.2 53.3 36.2 70.8 42.5 57.0 39.7 31.1 60.1 45.5 60.9 22.5 30.6 38.0 40.2 16.8 44.0 19.7 24.7 51.9 42.1 43.4 
12.4 62.0 62.0 79.3 44.1 56.1 39.3 95.4 44.0 85.5 36.2 109.3 17.5 49.9 0.0 20.8 85.0 62.5 33.4 101.6 83.3 86.1 14.0 61.1 84.2 17.5 38.3 111.8 85.4 58.6 99.0 78.7 78.8 70.1 75.7 7.8 93.0 89.6 80.6 97.9 42.0 103.2 27.5 75.0 84.8 85.1 66.2 83.0 42.4 67.4 100.6 91.2 75.6 
20.0 49.6 53.3 82.5 26.1 51.4 21.1 81.9 47.3 78.6 36.7 105.9 31.8 54.9 20.8 0.0 98.7 74.5 38.2 94.4 95.5 72.8 13.3 59.2 94.0 31.8 27.0 107.7 77.5 55.8 97.3 76.3 67.6 83.0 58.0 20.2 84.8 92.7 82.5 90.3 27.3 97.6 35.1 84.1 92.7 82.4 71.6 77.1 40.2 77.0 100.3 96.8 67.5 
97.0 96.5 86.3 48.8 104.7 74.4 102.7 117.4 58.7 87.8 68.4 86.3 68.2 51.3 85.0 98.7 0.0 24.7 63.0 96.9 8.2 111.5 85.3 66.5 20.2 68.2 89.0 90.4 91.6 69.3 73.8 69.8 100.1 15.8 121.7 80.3 96.2 51.0 54.2 96.7 96.2 91.4 64.0 25.6 29.4 72.5 42.6 83.4 70.8 27.6 68.7 41.1 88.4 
74.8 73.6 64.0 36.2 80.1 51.9 78.0 97.5 34.4 70.2 43.8 76.4 45.2 27.6 62.5 74.5 24.7 0.0 38.3 82.0 21.0 90.7 61.3 45.3 22.8 45.2 64.4 80.3 73.4 47.4 63.4 53.2 79.4 8.9 98.4 57.0 79.1 43.0 41.0 80.8 71.6 78.2 39.6 16.4 26.9 57.4 24.3 65.8 46.6 10.4 60.4 37.7 68.4 
44.9 42.7 37.2 46.1 42.2 27.2 39.8 73.7 10.6 56.0 7.6 76.8 19.2 17.1 33.4 38.2 63.0 38.3 0.0 71.8 58.7 65.1 26.0 29.1 56.0 19.2 27.0 79.6 57.1 27.5 65.9 46.3 55.2 47.2 64.9 25.8 64.5 56.4 47.2 68.7 34.2 72.0 6.7 46.0 54.5 52.7 33.8 52.8 14.1 39.1 67.2 59.1 48.3 
110.4 47.2 41.1 48.1 74.8 45.6 78.0 33.4 62.8 16.1 66.3 21.6 90.8 62.4 101.6 94.4 96.9 82.0 71.8 0.0 88.8 35.2 89.0 43.2 77.4 90.8 67.4 20.0 17.0 44.3 26.9 29.1 30.9 87.6 60.6 93.9 10.3 47.7 42.7 4.5 68.6 8.5 78.4 71.8 68.4 24.7 57.7 19.0 59.5 72.8 34.1 59.1 26.9 
95.5 90.0 79.5 40.7 99.7 67.8 98.0 109.8 53.3 79.9 63.6 78.1 66.1 45.6 83.3 95.5 8.2 21.0 58.7 88.8 0.0 104.1 82.3 59.5 12.0 66.1 83.9 82.2 83.8 62.5 65.5 61.9 92.8 13.3 115.2 78.0 88.2 42.8 46.1 88.6 91.0 83.2 60.5 17.8 21.2 64.4 35.4 75.5 65.3 21.1 60.5 33.0 80.9 
91.8 24.2 28.2 66.2 48.4 39.9 52.8 9.2 60.4 28.8 57.7 56.0 81.1 64.4 86.1 72.8 111.5 90.7 65.1 35.2 104.1 0.0 72.2 45.5 94.8 81.1 47.9 55.1 24.4 43.4 56.8 44.7 11.4 98.5 26.0 79.5 26.0 70.8 61.6 31.1 45.5 43.0 70.6 86.4 87.2 45.6 68.9 32.2 51.0 84.2 63.6 81.5 23.3 
21.4 48.1 48.8 71.6 31.0 44.0 26.4 81.4 35.8 72.9 26.1 98.3 18.9 43.0 14.0 13.3 85.3 61.3 26.0 89.0 82.3 72.2 0.0 50.3 81.2 18.9 24.3 100.5 72.6 47.4 88.7 67.9 65.1 69.7 62.0 8.9 80.1 81.9 72.1 85.2 28.1 91.2 22.0 71.3 80.2 74.3 59.8 70.8 31.1 64.1 91.0 85.1 62.6 
71.4 31.3 20.2 27.2 49.2 10.0 49.8 52.3 19.6 28.1 24.8 48.3 48.3 20.2 61.1 59.2 66.5 45.3 29.1 43.2 59.5 45.5 50.3 0.0 51.3 48.3 35.2 50.8 30.1 4.0 38.4 17.7 34.1 53.0 56.4 53.3 37.0 36.1 25.1 40.4 40.3 43.0 35.8 42.0 45.2 24.1 24.2 24.3 19.2 38.9 41.2 43.6 23.4 
96.5 82.5 71.6 29.7 95.1 60.4 93.9 99.9 48.8 69.4 59.7 66.1 66.7 40.8 84.2 94.0 20.2 22.8 56.0 77.4 12.0 94.8 81.2 51.3 0.0 66.7 79.3 70.2 73.4 54.7 53.6 51.4 83.5 19.2 107.7 78.1 77.4 30.8 35.0 77.4 86.1 71.5 59.1 10.2 9.2 53.3 27.3 65.0 60.2 17.0 48.5 21.0 71.4 
29.8 57.3 54.2 63.3 47.4 45.6 43.4 90.0 29.4 74.9 24.7 96.0 0.0 34.0 17.5 31.8 68.2 45.2 19.2 90.8 66.1 81.1 18.9 48.3 66.7 0.0 36.1 98.8 75.7 46.6 84.8 65.5 72.1 53.0 76.0 12.2 83.2 73.4 65.1 87.6 42.0 91.2 12.5 57.6 67.4 71.9 49.6 71.9 31.8 50.0 85.6 74.3 66.5 
44.4 23.8 26.2 61.3 15.8 26.0 15.0 57.1 30.7 51.6 20.6 79.6 36.1 38.6 38.3 27.0 89.0 64.4 27.0 67.4 83.9 47.9 24.3 35.2 79.3 36.1 0.0 81.2 50.4 31.3 72.0 51.0 41.2 73.4 39.9 32.0 57.8 70.9 60.0 63.3 7.2 70.8 29.2 69.1 75.7 56.8 53.3 50.3 19.2 63.2 75.8 77.0 40.5 
121.8 64.0 55.8 44.1 90.9 56.6 93.5 53.3 69.5 30.9 75.6 4.1 98.8 66.7 111.8 107.7 90.4 80.3 79.6 20.0 82.2 55.1 100.5 50.8 70.2 98.8 81.2 0.0 33.8 53.3 17.0 33.3 49.5 84.0 80.1 104.0 29.3 39.5 39.3 24.0 83.8 12.2 86.3 67.1 61.0 26.9 57.1 31.1 69.5 70.1 21.8 49.7 42.5 
93.8 30.5 24.2 43.9 58.0 30.1 61.1 27.0 49.1 4.5 51.0 33.7 75.7 50.2 85.4 77.5 91.6 73.4 57.1 17.0 83.8 24.4 72.6 30.1 73.4 75.7 50.4 33.8 0.0 30.1 32.6 22.0 16.0 80.1 47.0 77.9 7.6 47.2 38.9 12.8 51.7 21.9 63.6 66.0 65.2 21.6 49.7 8.5 44.0 65.3 39.3 58.3 10.0 
68.6 27.8 17.0 31.1 45.2 6.1 45.9 50.7 19.0 28.6 22.5 50.9 46.6 21.2 58.6 55.8 69.3 47.4 27.5 44.3 62.5 43.4 47.4 4.0 54.7 46.6 31.3 53.3 30.1 0.0 41.6 20.6 32.2 55.4 53.0 50.8 37.3 40.0 29.1 41.2 36.3 44.8 34.2 45.2 48.8 26.9 27.5 25.3 16.3 41.7 44.7 47.5 22.4 
109.7 58.9 48.8 27.2 83.8 46.1 85.6 57.8 55.4 28.3 63.0 13.0 84.8 51.6 99.0 97.3 73.8 63.4 65.9 26.9 65.5 56.8 88.7 38.4 53.6 84.8 72.0 17.0 32.6 41.6 0.0 21.1 48.3 67.0 79.1 91.2 31.8 22.8 22.6 28.8 75.8 19.2 72.5 50.1 44.4 15.2 40.5 26.0 57.6 53.2 7.2 33.6 38.1 
89.1 40.0 29.1 21.9 63.3 25.1 64.8 48.8 36.2 18.0 42.5 30.6 65.5 34.2 78.7 76.3 69.8 53.2 46.3 29.1 61.9 44.7 67.9 17.7 51.4 65.5 51.0 33.3 22.0 20.6 21.1 0.0 34.0 59.1 62.8 70.9 26.4 26.4 17.0 27.7 55.0 26.7 53.0 44.3 43.2 6.4 28.9 13.6 36.8 44.3 25.0 36.9 21.9 
85.6 18.0 18.0 55.2 45.3 29.1 49.0 18.7 49.7 20.0 48.0 49.6 72.1 53.3 78.8 67.6 100.1 79.4 55.2 30.9 92.8 11.4 65.1 34.1 83.5 72.1 41.2 49.5 16.0 32.2 48.3 34.0 0.0 87.1 31.0 71.8 20.6 60.4 50.8 26.4 40.5 37.4 61.0 75.0 76.1 35.7 57.5 22.6 41.1 72.8 54.7 70.8 12.2 
82.3 82.0 72.2 40.2 89.0 60.1 86.9 105.0 43.3 76.7 52.8 80.0 53.0 36.2 70.1 83.0 15.8 8.9 47.2 87.6 13.3 98.5 69.7 53.0 19.2 53.0 73.4 84.0 80.1 55.4 67.0 59.1 87.1 0.0 107.0 65.0 85.4 45.3 45.4 86.7 80.5 83.0 48.3 17.1 26.0 62.8 30.5 72.2 55.5 14.9 63.2 37.9 75.8 
78.0 25.2 36.2 82.1 32.0 47.4 37.0 32.2 64.4 51.0 57.4 80.5 76.0 70.8 75.7 58.0 121.7 98.4 64.9 60.6 115.2 26.0 62.0 56.4 107.7 76.0 39.9 80.1 47.0 53.0 79.1 62.8 31.0 107.0 0.0 70.6 50.8 88.9 78.4 56.3 34.2 67.9 68.5 98.2 101.5 65.8 80.5 53.2 52.5 94.2 85.4 98.4 41.4 
19.2 55.3 54.7 71.9 39.9 48.4 35.3 88.7 36.4 77.8 28.4 101.5 12.2 42.5 7.8 20.2 80.3 57.0 25.8 93.9 78.0 79.5 8.9 53.3 78.1 12.2 32.0 104.0 77.9 50.8 91.2 70.9 71.8 65.0 70.6 0.0 85.5 82.2 73.0 90.3 36.5 95.4 20.1 68.7 78.2 77.3 59.0 75.3 34.7 61.2 92.8 84.2 68.2 
101.4 37.0 31.6 47.7 64.7 37.6 67.9 26.0 56.3 9.1 58.5 30.0 83.2 57.0 93.0 84.8 96.2 79.1 64.5 10.3 88.2 26.0 80.1 37.0 77.4 83.2 57.8 29.3 7.6 37.3 31.8 26.4 20.6 85.4 50.8 85.5 0.0 49.5 42.4 5.8 58.7 17.1 71.1 70.7 68.8 24.2 55.0 13.3 51.5 70.6 38.9 60.8 17.5 
101.4 65.1 53.8 10.3 85.2 46.0 85.7 74.2 46.1 42.8 56.1 35.4 73.4 39.7 89.6 92.7 51.0 43.0 56.4 47.7 42.8 70.8 81.9 36.1 30.8 73.4 70.9 39.5 47.2 40.0 22.8 26.4 60.4 45.3 88.9 82.2 49.5 0.0 11.0 48.4 76.3 41.1 62.1 28.2 21.6 25.6 24.0 38.8 52.9 32.6 18.0 11.4 48.3 
92.1 54.3 43.0 5.4 74.2 35.0 74.8 65.8 36.6 34.7 46.1 35.5 65.1 31.1 80.6 82.5 54.2 41.0 47.2 42.7 46.1 61.6 72.1 25.1 35.0 65.1 60.0 39.3 38.9 29.1 22.6 17.0 50.8 45.4 78.4 73.0 42.4 11.0 0.0 42.5 65.4 37.7 53.3 29.1 26.4 18.4 18.0 30.4 42.4 31.0 21.1 20.1 38.6 
106.5 42.8 37.0 47.9 70.4 42.2 73.7 29.8 60.0 12.6 63.0 25.2 87.6 60.1 97.9 90.3 96.7 80.8 68.7 4.5 88.6 31.1 85.2 40.4 77.4 87.6 63.3 24.0 12.8 41.2 28.8 27.7 26.4 86.7 56.3 90.3 5.8 48.4 42.5 0.0 64.4 12.0 75.3 71.3 68.6 24.2 56.5 16.1 56.1 71.8 36.1 59.8 22.8 
46.3 22.5 28.0 67.0 9.1 30.6 9.8 54.7 37.7 53.4 27.8 82.5 42.0 45.5 42.0 27.3 96.2 71.6 34.2 68.6 91.0 45.5 28.1 40.3 86.1 42.0 7.2 83.8 51.7 36.3 75.8 55.0 40.5 80.5 34.2 36.5 58.7 76.3 65.4 64.4 0.0 72.8 36.1 76.0 82.2 60.5 59.8 52.7 26.0 70.2 80.0 83.0 41.9 
112.6 52.4 44.8 43.0 79.6 47.2 82.4 41.8 62.4 19.4 67.2 13.2 91.2 60.9 103.2 97.6 91.4 78.2 72.0 8.5 83.2 43.0 91.2 43.0 71.5 91.2 70.8 12.2 21.9 44.8 19.2 26.7 37.4 83.0 67.9 95.4 17.1 41.1 37.7 12.0 72.8 0.0 78.7 66.7 62.4 21.1 54.0 20.5 60.7 68.5 26.2 52.4 31.1 
39.4 47.5 43.0 51.9 43.3 33.5 40.2 79.3 17.0 62.6 13.0 83.5 12.5 22.5 27.5 35.1 64.0 39.6 6.7 78.4 60.5 70.6 22.0 35.8 59.1 12.5 29.2 86.3 63.6 34.2 72.5 53.0 61.0 48.3 68.5 20.1 71.1 62.1 53.3 75.3 36.1 78.7 0.0 49.4 58.5 59.4 38.9 59.5 20.0 42.1 73.5 64.1 54.6 
87.4 72.9 62.2 23.8 84.9 50.8 83.7 92.0 38.6 62.3 49.5 63.0 57.6 30.6 75.0 84.1 25.6 16.4 46.0 71.8 17.8 86.4 71.3 42.0 10.2 57.6 69.1 67.1 66.0 45.2 50.1 44.3 75.0 17.1 98.2 68.7 70.7 28.2 29.1 71.3 76.0 66.7 49.4 0.0 10.6 47.2 17.8 57.8 50.0 7.6 46.1 21.5 63.1 
97.1 76.5 65.3 21.3 91.2 54.8 90.6 91.9 46.0 61.1 57.0 56.9 67.4 38.0 84.8 92.7 29.4 26.9 54.5 68.4 21.2 87.2 80.2 45.2 9.2 67.4 75.7 61.0 65.2 48.8 44.4 43.2 76.1 26.0 101.5 78.2 68.8 21.6 26.4 68.6 82.2 62.4 58.5 10.6 0.0 44.7 22.4 56.7 56.4 18.0 39.3 12.2 63.9 
95.5 44.2 33.7 23.7 68.6 31.1 70.4 48.6 42.5 17.2 48.9 24.2 71.9 40.2 85.1 82.4 72.5 57.4 52.7 24.7 64.4 45.6 74.3 24.1 53.3 71.9 56.8 26.9 21.6 26.9 15.2 6.4 35.7 62.8 65.8 77.3 24.2 25.6 18.4 24.2 60.5 21.1 59.4 47.2 44.7 0.0 33.1 13.4 43.1 48.1 20.1 36.8 24.3 
78.3 55.2 44.4 14.4 68.9 33.1 68.3 74.9 24.3 46.2 35.2 53.4 49.6 16.8 66.2 71.6 42.6 24.3 33.8 57.7 35.4 68.9 59.8 24.2 27.3 49.6 53.3 57.1 49.7 27.5 40.5 28.9 57.5 30.5 80.5 59.0 55.0 24.0 18.0 56.5 59.8 54.0 38.9 17.8 22.4 33.1 0.0 41.8 34.1 15.7 38.9 25.3 45.8 
92.2 33.5 24.7 35.5 59.9 26.9 62.4 35.5 43.9 4.5 47.4 30.0 71.9 44.0 83.0 77.1 83.4 65.8 52.8 19.0 75.5 32.2 70.8 24.3 65.0 71.9 50.3 31.1 8.5 25.3 26.0 13.6 22.6 72.2 53.2 75.3 13.3 38.8 30.4 16.1 52.7 20.5 59.5 57.8 56.7 13.4 41.8 0.0 40.7 57.4 32.2 49.8 12.2 
52.3 29.1 23.1 43.0 34.9 13.9 34.1 59.5 12.2 43.5 7.1 67.2 31.8 19.7 42.4 40.2 70.8 46.6 14.1 59.5 65.3 51.0 31.1 19.2 60.2 31.8 19.2 69.5 44.0 16.3 57.6 36.8 41.1 55.5 52.5 34.7 51.5 52.9 42.4 56.1 26.0 60.7 20.0 50.0 56.4 43.1 34.1 40.7 0.0 44.4 60.2 58.2 34.7 
79.8 69.0 58.7 26.0 79.1 46.9 77.6 90.4 32.6 61.8 43.2 66.2 50.0 24.7 67.4 77.0 27.6 10.4 39.1 72.8 21.1 84.2 64.1 38.9 17.0 50.0 63.2 70.1 65.3 41.7 53.2 44.3 72.8 14.9 94.2 61.2 70.6 32.6 31.0 71.8 70.2 68.5 42.1 7.6 18.0 48.1 15.7 57.4 44.4 0.0 50.0 27.8 61.3 
111.7 64.3 53.8 24.7 88.3 49.8 89.8 64.9 56.6 34.9 65.0 17.7 85.6 51.9 100.6 100.3 68.7 60.4 67.2 34.1 60.5 63.6 91.0 41.2 48.5 85.6 75.8 21.8 39.3 44.7 7.2 25.0 54.7 63.2 85.4 92.8 38.9 18.0 21.1 36.1 80.0 26.2 73.5 46.1 39.3 20.1 38.9 32.2 60.2 50.0 0.0 27.9 44.0 
103.4 74.0 62.6 16.5 92.0 53.6 92.0 85.3 49.5 53.9 60.2 45.6 74.3 42.1 91.2 96.8 41.1 37.7 59.1 59.1 33.0 81.5 85.1 43.6 21.0 74.3 77.0 49.7 58.3 47.5 33.6 36.9 70.8 37.9 98.4 84.2 60.8 11.4 20.1 59.8 83.0 52.4 64.1 21.5 12.2 36.8 25.3 49.8 58.2 27.8 27.9 0.0 58.7 
83.9 21.5 14.2 43.0 48.5 21.1 51.4 29.2 41.1 11.7 41.8 41.8 66.5 43.4 75.6 67.5 88.4 68.4 48.3 26.9 80.9 23.3 62.6 23.4 71.4 66.5 40.5 42.5 10.0 22.4 38.1 21.9 12.2 75.8 41.4 68.2 17.5 48.3 38.6 22.8 41.9 31.1 54.6 63.1 63.9 24.3 45.8 12.2 34.7 61.3 44.0 58.7 0.0 

Routes: 
Route: 0 2 9 28 36 47 52 0 | Demand: 99.0| Cost: 356.4
Route: 0 4 6 12 25 18 35 0 | Demand: 100.0| Cost: 501.1
Route: 0 15 22 14 53 0 | Demand: 80.0| Cost: 164.2
Route: 0 23 3 38 43 16 20 24 44 33 0 | Demand: 99.0| Cost: 439.2
Route: 0 26 10 5 29 1 7 21 32 34 40 0 | Demand: 94.0| Cost: 374.1
Route: 0 31 37 19 11 27 41 30 50 39 51 45 0 | Demand: 99.0| Cost: 633.9
Route: 0 42 8 13 46 17 49 48 0 | Demand: 93.0| Cost: 291.5

Total cost: 2760.4
Execution time: 0.002

