ClarkeWright Sequential: 
 
Distance Matrix: 
0.0 73.8 104.7 25.6 49.3 83.5 50.6 92.3 81.0 70.2 90.8 56.6 25.0 61.7 116.2 51.4 25.0 56.1 44.9 90.5 112.5 52.2 64.8 111.4 119.5 132.3 89.7 55.9 114.4 107.6 89.5 98.4 61.5 64.4 44.8 43.3 89.7 67.1 55.7 56.6 80.3 48.5 93.5 63.5 90.9 121.5 98.8 50.8 70.1 99.8 96.7 101.1 15.0 132.2 50.5 
73.8 0.0 60.4 48.5 26.9 18.6 34.4 48.8 26.6 10.0 71.6 25.5 52.2 18.7 43.2 27.5 52.2 65.5 31.1 30.1 38.8 33.6 14.9 37.7 52.4 66.3 16.3 26.9 40.8 34.7 22.4 29.6 27.3 22.8 29.4 31.9 67.5 6.7 19.8 60.7 73.4 59.4 20.5 27.1 55.6 60.2 56.6 30.0 58.2 39.1 80.8 38.3 61.0 65.8 43.2 
104.7 60.4 0.0 87.4 78.0 76.1 55.7 13.2 86.2 52.8 30.3 53.6 80.1 53.0 56.9 81.0 80.1 58.3 80.2 31.8 60.8 89.1 53.1 68.1 39.3 43.1 55.2 83.3 60.5 54.0 41.7 78.8 86.0 47.1 75.3 79.3 26.7 62.0 73.1 54.5 43.0 60.9 53.0 86.3 14.9 29.0 5.8 84.0 39.8 26.9 36.1 29.7 98.7 44.0 54.1 
25.6 48.5 87.4 0.0 23.8 58.0 31.8 74.3 56.1 46.0 80.2 34.9 14.2 38.6 91.4 26.2 14.2 51.5 19.4 68.2 87.4 28.4 41.1 85.9 96.5 109.8 64.6 31.0 89.3 82.8 65.8 72.8 37.0 42.5 19.2 17.7 78.0 41.9 30.1 49.6 73.0 42.5 68.6 39.0 75.1 100.2 81.7 26.0 59.4 77.9 87.8 78.8 12.7 109.6 36.0 
49.3 26.9 78.0 23.8 0.0 34.2 29.7 65.0 33.1 27.9 79.5 26.0 32.4 25.0 70.0 4.2 32.4 60.1 4.5 52.5 65.3 12.1 25.3 63.0 78.4 92.2 43.1 9.4 67.4 61.5 47.4 49.0 15.7 31.1 6.7 6.1 76.2 20.8 7.1 56.6 76.3 51.9 47.4 17.5 68.7 84.5 73.0 6.7 60.9 62.3 88.2 62.4 35.3 91.8 38.4 
83.5 18.6 76.1 58.0 34.2 0.0 51.5 65.5 11.0 28.6 89.8 43.1 65.1 36.7 43.5 32.3 65.1 83.4 38.6 44.4 37.1 34.4 33.1 32.0 59.3 72.8 22.2 28.7 39.4 36.4 34.8 14.9 24.8 41.3 39.5 40.3 85.6 22.5 28.3 78.8 92.0 76.8 26.0 23.3 73.0 70.1 72.9 33.5 76.8 51.7 99.0 50.0 69.3 72.0 60.7 
50.6 34.4 55.7 31.8 29.7 51.5 0.0 42.7 55.9 26.0 50.7 9.0 25.6 16.0 70.2 33.8 25.6 32.2 29.5 40.6 68.2 41.7 20.0 69.6 69.8 82.1 46.4 38.4 69.6 62.0 41.6 64.0 43.9 15.2 24.2 27.9 47.9 29.1 29.0 28.0 46.6 25.3 49.0 45.3 43.4 70.9 50.0 36.4 31.3 49.5 59.1 51.1 43.1 82.1 9.4 
92.3 48.8 13.2 74.3 65.0 65.5 42.7 0.0 75.1 40.5 29.4 40.4 67.5 40.0 53.5 68.1 67.5 49.2 67.1 22.7 55.9 76.2 40.3 62.3 40.1 47.8 46.0 70.6 56.1 48.8 32.5 70.0 73.5 34.0 62.2 66.2 25.0 49.7 60.3 44.9 39.0 50.4 44.6 74.0 9.5 34.0 8.1 71.1 31.4 21.8 37.6 25.0 85.8 48.4 41.9 
81.0 26.6 86.2 56.1 33.1 11.0 55.9 75.1 0.0 36.2 98.1 48.3 65.4 42.6 53.8 30.0 65.4 88.2 37.0 54.7 47.2 29.4 39.6 41.2 70.3 83.7 33.1 25.2 49.4 47.1 45.4 21.3 19.6 48.1 39.3 39.0 94.0 28.3 28.9 83.9 99.1 81.0 37.0 17.7 82.2 81.1 82.8 30.3 83.6 62.4 107.3 60.8 66.3 82.9 65.4 
70.2 10.0 52.8 46.0 27.9 28.6 26.0 40.5 36.2 0.0 61.8 17.0 47.0 10.0 46.1 29.8 47.0 56.0 31.3 24.7 43.1 37.3 6.1 43.7 51.0 64.7 20.6 31.1 44.8 37.6 20.0 38.9 33.2 13.0 28.0 31.4 57.8 9.2 21.6 51.2 63.4 50.5 23.8 33.5 46.5 56.6 48.5 32.8 48.3 34.5 71.1 34.5 58.7 64.4 34.2 
90.8 71.6 30.3 80.2 79.5 89.8 50.7 29.4 98.1 61.8 0.0 53.7 69.1 56.9 82.9 83.4 69.1 36.2 80.0 51.0 85.2 91.5 59.1 91.2 68.3 73.3 73.0 87.2 85.4 78.0 60.2 96.8 91.7 50.8 74.6 78.4 4.5 70.2 76.9 34.5 14.2 42.4 72.4 92.7 19.9 59.2 27.0 86.2 21.0 51.2 9.2 54.4 89.1 74.2 44.3 
56.6 25.5 53.6 34.9 26.0 43.1 9.0 40.4 48.3 17.0 53.7 0.0 32.0 7.0 61.8 29.7 32.0 40.3 27.2 34.0 59.5 37.9 11.0 60.7 63.0 75.7 37.5 33.5 61.0 53.5 33.6 55.1 38.3 7.8 22.0 26.0 50.3 20.6 23.3 35.8 51.9 34.0 40.3 39.4 43.1 65.5 48.3 32.6 36.2 43.4 62.6 44.6 47.2 75.7 17.7 
25.0 52.2 80.1 14.2 32.4 65.1 25.6 67.5 65.4 47.0 69.1 32.0 0.0 37.7 93.1 35.9 0.0 37.9 28.9 65.8 90.0 40.3 41.2 89.8 94.9 107.5 67.2 41.2 91.7 84.5 65.5 79.5 47.5 39.7 26.1 26.7 67.4 45.6 37.0 36.7 60.5 29.1 70.7 49.5 66.7 96.5 74.3 36.7 48.0 75.0 76.1 76.4 20.0 107.5 26.2 
61.7 18.7 53.0 38.6 25.0 36.7 16.0 40.0 42.6 10.0 56.9 7.0 37.7 0.0 55.5 28.2 37.7 46.8 27.3 29.7 52.8 36.3 4.0 53.8 58.1 71.2 30.6 31.0 54.4 47.0 27.8 48.3 34.9 6.3 22.8 26.7 53.2 14.4 20.6 42.2 56.6 40.8 33.5 35.8 44.1 61.8 48.0 31.1 41.0 39.4 66.0 40.2 51.2 71.1 24.5 
116.2 43.2 56.9 91.4 70.0 43.5 70.2 53.5 53.8 46.1 82.9 61.8 93.1 55.5 0.0 70.1 93.1 94.3 74.3 34.0 7.0 75.0 51.9 15.3 22.0 32.6 26.9 68.4 5.1 8.6 28.9 35.1 66.6 55.0 72.5 75.1 78.4 49.7 62.9 89.4 91.4 91.4 22.8 65.5 62.9 36.1 57.3 72.3 80.1 31.6 90.8 28.5 104.0 31.4 76.4 
51.4 27.5 81.0 26.2 4.2 32.3 33.8 68.1 30.0 29.8 83.4 29.7 35.9 28.2 70.1 0.0 35.9 64.4 7.1 54.6 65.1 8.2 28.0 62.2 79.6 93.5 43.4 5.4 67.2 61.7 48.8 47.2 11.7 34.4 10.8 9.2 80.1 21.9 8.2 60.8 80.5 56.1 47.8 13.6 72.2 86.3 76.2 3.0 65.0 64.3 92.2 64.2 37.0 93.0 42.6 
25.0 52.2 80.1 14.2 32.4 65.1 25.6 67.5 65.4 47.0 69.1 32.0 0.0 37.7 93.1 35.9 0.0 37.9 28.9 65.8 90.0 40.3 41.2 89.8 94.9 107.5 67.2 41.2 91.7 84.5 65.5 79.5 47.5 39.7 26.1 26.7 67.4 45.6 37.0 36.7 60.5 29.1 70.7 49.5 66.7 96.5 74.3 36.7 48.0 75.0 76.1 76.4 20.0 107.5 26.2 
56.1 65.5 58.3 51.5 60.1 83.4 32.2 49.2 88.2 56.0 36.2 40.3 37.9 46.8 94.3 64.4 37.9 0.0 58.7 60.7 94.0 71.4 50.6 97.3 87.3 96.7 74.7 69.4 95.0 87.1 66.0 94.9 75.3 43.2 53.7 56.6 36.4 60.9 60.8 5.0 24.3 8.9 76.2 76.8 43.4 83.2 52.8 66.5 18.4 66.5 41.0 69.1 57.3 97.2 22.8 
44.9 31.1 80.2 19.4 4.5 38.6 29.5 67.1 37.0 31.3 80.0 27.2 28.9 27.3 74.3 7.1 28.9 58.7 0.0 55.7 69.7 12.7 28.2 67.4 82.2 95.9 47.4 12.4 71.7 65.8 51.1 53.5 18.7 33.1 5.4 2.2 76.9 24.8 11.4 55.4 76.1 50.2 51.6 20.6 70.3 87.8 75.0 8.1 60.8 65.6 88.6 65.8 30.9 95.5 37.7 
90.5 30.1 31.8 68.2 52.5 44.4 40.6 22.7 54.7 24.7 51.0 34.0 65.8 29.7 34.0 54.6 65.8 60.7 55.7 0.0 34.9 62.0 27.7 40.3 29.2 41.8 23.6 55.6 35.5 27.7 10.0 47.5 57.0 26.2 51.9 55.5 46.5 33.2 46.3 55.7 58.0 58.5 21.9 57.0 31.6 32.2 29.2 57.5 46.1 9.8 59.7 10.6 80.8 41.7 44.7 
112.5 38.8 60.8 87.4 65.3 37.1 68.2 55.9 47.2 43.1 85.2 59.5 90.0 52.8 7.0 65.1 90.0 94.0 69.7 34.9 0.0 69.5 49.0 8.5 28.2 39.5 22.8 63.0 2.2 7.3 28.0 28.2 60.8 53.2 68.2 70.6 80.8 45.5 58.3 89.0 92.9 90.4 19.3 59.6 65.4 42.1 60.5 67.2 80.8 34.5 93.5 31.4 99.9 38.3 75.0 
52.2 33.6 89.1 28.4 12.1 34.4 41.7 76.2 29.4 37.3 91.5 37.9 40.3 36.3 75.0 8.2 40.3 71.4 12.7 62.0 69.5 0.0 36.0 65.8 86.0 99.9 48.9 6.7 71.7 66.9 55.7 48.9 9.8 42.6 17.8 14.9 88.3 28.9 16.0 68.1 88.3 62.9 53.3 11.7 80.4 93.4 84.3 5.4 72.9 71.6 100.3 71.3 37.2 99.4 50.2 
64.8 14.9 53.1 41.1 25.3 33.1 20.0 40.3 39.6 6.1 59.1 11.0 41.2 4.0 51.9 28.0 41.2 50.6 28.2 27.7 49.0 36.0 0.0 49.8 55.4 68.8 26.7 30.3 50.7 43.4 24.8 44.4 33.5 8.5 24.2 27.9 55.2 11.3 20.0 45.9 59.5 44.7 29.7 34.2 45.2 59.9 48.4 31.0 44.0 37.6 68.2 38.1 53.8 68.6 28.4 
111.4 37.7 68.1 85.9 63.0 32.0 69.6 62.3 41.2 43.7 91.2 60.7 89.8 53.8 15.3 62.2 89.8 97.3 67.4 40.3 8.5 65.8 49.8 0.0 36.8 47.9 23.2 59.5 10.2 14.1 32.0 20.9 56.6 55.1 66.6 68.6 86.8 44.4 56.1 92.3 98.0 93.0 21.0 55.2 71.6 50.5 67.4 64.0 85.1 41.4 99.8 38.4 98.1 46.7 77.1 
119.5 52.4 39.3 96.5 78.4 59.3 69.8 40.1 70.3 51.0 68.3 63.0 94.9 58.1 22.0 79.6 94.9 87.3 82.2 29.2 28.2 86.0 55.4 36.8 0.0 13.9 38.1 79.3 26.8 24.3 31.1 54.6 79.1 55.2 79.1 82.4 64.1 57.7 71.6 82.5 79.1 86.4 33.7 78.4 49.0 14.2 41.3 82.3 70.6 21.0 75.1 18.9 109.2 13.4 73.6 
132.3 66.3 43.1 109.8 92.2 72.8 82.1 47.8 83.7 64.7 73.3 75.7 107.5 71.2 32.6 93.5 107.5 96.7 95.9 41.8 39.5 99.9 68.8 47.9 13.9 0.0 51.9 93.2 37.7 37.0 44.8 67.1 93.0 67.9 92.6 96.0 69.6 71.6 85.4 92.1 85.5 96.7 47.5 92.3 55.5 14.1 46.7 96.2 79.1 32.6 79.0 31.1 122.4 1.4 85.0 
89.7 16.3 55.2 64.6 43.1 22.2 46.4 46.0 33.1 20.6 73.0 37.5 67.2 30.6 26.9 43.4 67.2 74.7 47.4 23.6 22.8 48.9 26.7 23.2 38.1 51.9 0.0 42.2 24.7 18.4 13.6 24.0 41.2 32.0 45.6 48.2 68.6 22.8 36.1 69.7 77.8 70.0 4.5 40.5 54.5 48.0 52.8 45.8 63.9 29.7 82.0 27.9 77.2 51.2 54.0 
55.9 26.9 83.3 31.0 9.4 28.7 38.4 70.6 25.2 31.1 87.2 33.5 41.2 31.0 68.4 5.4 41.2 69.4 12.4 55.6 63.0 6.7 30.3 59.5 79.3 93.2 42.2 0.0 65.2 60.2 49.0 43.4 6.3 37.4 16.1 14.6 83.8 22.4 10.4 65.8 84.9 61.2 46.6 8.2 75.2 86.8 78.6 5.1 69.3 65.1 96.2 64.8 41.2 92.7 47.4 
114.4 40.8 60.5 89.3 67.4 39.4 69.6 56.1 49.4 44.8 85.4 61.0 91.7 54.4 5.1 67.2 91.7 95.0 71.7 35.5 2.2 71.7 50.7 10.2 26.8 37.7 24.7 65.2 0.0 8.0 29.1 30.3 63.0 54.6 70.2 72.6 81.0 47.4 60.3 90.0 93.4 91.7 21.0 61.9 65.6 40.8 60.4 69.3 81.5 34.4 93.6 31.3 101.8 36.5 76.3 
107.6 34.7 54.0 82.8 61.5 36.4 62.0 48.8 47.1 37.6 78.0 53.5 84.5 47.0 8.6 61.7 84.5 87.1 65.8 27.7 7.3 66.9 43.4 14.1 24.3 37.0 18.4 60.2 8.0 0.0 21.1 30.3 58.7 46.8 63.9 66.5 73.5 41.1 54.5 82.1 85.6 83.7 14.2 57.7 58.2 37.3 53.5 64.0 73.6 27.5 86.3 24.4 95.4 36.1 68.4 
89.5 22.4 41.7 65.8 47.4 34.8 41.6 32.5 45.4 20.0 60.2 33.6 65.5 27.8 28.9 48.8 65.5 66.0 51.1 10.0 28.0 55.7 24.8 32.0 31.1 44.8 13.6 49.0 29.1 21.1 0.0 37.5 49.6 26.4 48.0 51.3 55.8 26.9 40.7 61.0 66.1 62.6 12.2 49.4 41.2 37.9 39.2 51.6 53.2 17.1 69.1 16.0 78.5 44.4 47.5 
98.4 29.6 78.8 72.8 49.0 14.9 64.0 70.0 21.3 38.9 96.8 55.1 79.5 48.3 35.1 47.2 79.5 94.9 53.5 47.5 28.2 48.9 44.4 20.9 54.6 67.1 24.0 43.4 30.3 30.3 37.5 0.0 39.1 51.9 54.1 55.1 92.5 35.1 43.0 90.1 100.8 89.1 25.8 37.4 78.5 67.2 76.7 48.3 86.3 52.5 105.9 50.1 84.2 66.0 72.8 
61.5 27.3 86.0 37.0 15.7 24.8 43.9 73.5 19.6 33.2 91.7 38.3 47.5 34.9 66.6 11.7 47.5 75.3 18.7 57.0 60.8 9.8 33.5 56.6 79.1 93.0 41.2 6.3 63.0 58.7 49.6 39.1 0.0 41.2 22.4 20.9 88.1 24.1 15.0 71.5 90.0 67.2 45.7 2.0 78.7 87.5 81.6 11.0 74.4 66.3 100.7 65.6 46.7 92.4 53.0 
64.4 22.8 47.1 42.5 31.1 41.3 15.2 34.0 48.1 13.0 50.8 7.8 39.7 6.3 55.0 34.4 39.7 43.2 33.1 26.2 53.2 42.6 8.5 55.1 55.2 67.9 32.0 37.4 54.6 46.8 26.4 51.9 41.2 0.0 28.3 32.2 47.0 19.8 26.9 38.3 51.0 38.1 34.2 42.0 37.9 57.7 42.0 37.3 35.6 35.6 59.9 36.8 54.9 67.9 22.0 
44.8 29.4 75.3 19.2 6.7 39.5 24.2 62.2 39.3 28.0 74.6 22.0 26.1 22.8 72.5 10.8 26.1 53.7 5.4 51.9 68.2 17.8 24.2 66.6 79.1 92.6 45.6 16.1 70.2 63.9 48.0 54.1 22.4 28.3 0.0 4.0 71.6 22.8 11.2 50.3 70.7 45.3 49.7 24.2 65.1 84.1 70.1 12.7 55.5 61.7 83.2 62.2 31.6 92.4 32.4 
43.3 31.9 79.3 17.7 6.1 40.3 27.9 66.2 39.0 31.4 78.4 26.0 26.7 26.7 75.1 9.2 26.7 56.6 2.2 55.5 70.6 14.9 27.9 68.6 82.4 96.0 48.2 14.6 72.6 66.5 51.3 55.1 20.9 32.2 4.0 0.0 75.4 25.5 12.5 53.4 74.2 48.1 52.3 22.8 69.1 87.7 74.1 10.3 59.1 65.4 87.0 65.7 29.5 95.7 35.8 
89.7 67.5 26.7 78.0 76.2 85.6 47.9 25.0 94.0 57.8 4.5 50.3 67.4 53.2 78.4 80.1 67.4 36.4 76.9 46.5 80.8 88.3 55.2 86.8 64.1 69.6 68.6 83.8 81.0 73.5 55.8 92.5 88.1 47.0 71.6 75.4 0.0 66.3 73.4 34.0 16.6 41.8 68.0 89.0 15.5 55.4 23.0 82.9 19.6 46.8 13.5 50.0 87.3 70.5 42.0 
67.1 6.7 62.0 41.9 20.8 22.5 29.1 49.7 28.3 9.2 70.2 20.6 45.6 14.4 49.7 21.9 45.6 60.9 24.8 33.2 45.5 28.9 11.3 44.4 57.7 71.6 22.8 22.4 47.4 41.1 26.9 35.1 24.1 19.8 22.8 25.5 66.3 0.0 13.9 56.4 70.8 54.4 26.9 24.3 55.5 64.6 57.7 24.7 55.3 42.8 79.4 42.4 54.4 71.1 38.3 
55.7 19.8 73.1 30.1 7.1 28.3 29.0 60.3 28.9 21.6 76.9 23.3 37.0 20.6 62.9 8.2 37.0 60.8 11.4 46.3 58.3 16.0 20.0 56.1 71.6 85.4 36.1 10.4 60.3 54.5 40.7 43.0 15.0 26.9 11.2 12.5 73.4 13.9 0.0 56.9 75.0 53.0 40.4 16.3 64.8 78.1 68.4 11.2 59.4 56.0 85.9 56.0 42.1 85.0 38.3 
56.6 60.7 54.5 49.6 56.6 78.8 28.0 44.9 83.9 51.2 34.5 35.8 36.7 42.2 89.4 60.8 36.7 5.0 55.4 55.7 89.0 68.1 45.9 92.3 82.5 92.1 69.7 65.8 90.0 82.1 61.0 90.1 71.5 38.3 50.3 53.4 34.0 56.4 56.9 0.0 24.0 8.1 71.3 73.0 39.6 78.8 48.9 63.0 15.0 61.7 40.2 64.3 56.4 92.6 18.6 
80.3 73.4 43.0 73.0 76.3 92.0 46.6 39.0 99.1 63.4 14.2 51.9 60.5 56.6 91.4 80.5 60.5 24.3 76.1 58.0 92.9 88.3 59.5 98.0 79.1 85.5 77.8 84.9 93.4 85.6 66.1 100.8 90.0 51.0 70.7 74.2 16.6 70.8 75.0 24.0 0.0 32.0 78.0 91.2 30.1 71.4 38.8 83.0 15.6 60.3 16.8 63.4 80.4 86.3 38.5 
48.5 59.4 60.9 42.5 51.9 76.8 25.3 50.4 81.0 50.5 42.4 34.0 29.1 40.8 91.4 56.1 29.1 8.9 50.2 58.5 90.4 62.9 44.7 93.0 86.4 96.7 70.0 61.2 91.7 83.7 62.6 89.1 67.2 38.1 45.3 48.1 41.8 54.4 53.0 8.1 32.0 0.0 72.0 68.8 46.1 83.8 55.2 58.1 22.4 65.4 48.3 67.8 48.7 97.1 16.3 
93.5 20.5 53.0 68.6 47.4 26.0 49.0 44.6 37.0 23.8 72.4 40.3 70.7 33.5 22.8 47.8 70.7 76.2 51.6 21.9 19.3 53.3 29.7 21.0 33.7 47.5 4.5 46.6 21.0 14.2 12.2 25.8 45.7 34.2 49.7 52.3 68.0 26.9 40.4 71.3 78.0 72.0 0.0 44.9 53.4 44.0 51.0 50.2 64.6 26.8 81.3 24.7 81.2 46.8 56.2 
63.5 27.1 86.3 39.0 17.5 23.3 45.3 74.0 17.7 33.5 92.7 39.4 49.5 35.8 65.5 13.6 49.5 76.8 20.6 57.0 59.6 11.7 34.2 55.2 78.4 92.3 40.5 8.2 61.9 57.7 49.4 37.4 2.0 42.0 24.2 22.8 89.0 24.3 16.3 73.0 91.2 68.8 44.9 0.0 79.4 87.1 82.0 13.0 75.6 66.1 101.7 65.4 48.7 91.7 54.5 
90.9 55.6 14.9 75.1 68.7 73.0 43.4 9.5 82.2 46.5 19.9 43.1 66.7 44.1 62.9 72.2 66.7 43.4 70.3 31.6 65.4 80.4 45.2 71.6 49.0 55.5 54.5 75.2 65.6 58.2 41.2 78.5 78.7 37.9 65.1 69.1 15.5 55.5 64.8 39.6 30.1 46.1 53.4 79.4 0.0 41.5 9.4 75.1 25.0 31.3 28.2 34.5 85.9 56.3 40.5 
121.5 60.2 29.0 100.2 84.5 70.1 70.9 34.0 81.1 56.6 59.2 65.5 96.5 61.8 36.1 86.3 96.5 83.2 87.8 32.2 42.1 93.4 59.9 50.5 14.2 14.1 48.0 86.8 40.8 37.3 37.9 67.2 87.5 57.7 84.1 87.7 55.4 64.6 78.1 78.8 71.4 83.8 44.0 87.1 41.5 0.0 32.6 89.2 65.4 22.4 65.0 22.1 112.6 15.0 72.9 
98.8 56.6 5.8 81.7 73.0 72.9 50.0 8.1 82.8 48.5 27.0 48.3 74.3 48.0 57.3 76.2 74.3 52.8 75.0 29.2 60.5 84.3 48.4 67.4 41.3 46.7 52.8 78.6 60.4 53.5 39.2 76.7 81.6 42.0 70.1 74.1 23.0 57.7 68.4 48.9 38.8 55.2 51.0 82.0 9.4 32.6 0.0 79.2 34.4 26.1 34.0 29.2 93.0 47.5 48.3 
50.8 30.0 84.0 26.0 6.7 33.5 36.4 71.1 30.3 32.8 86.2 32.6 36.7 31.1 72.3 3.0 36.7 66.5 8.1 57.5 67.2 5.4 31.0 64.0 82.3 96.2 45.8 5.1 69.3 64.0 51.6 48.3 11.0 37.3 12.7 10.3 82.9 24.7 11.2 63.0 83.0 58.1 50.2 13.0 75.1 89.2 79.2 0.0 67.6 67.2 94.9 67.1 36.1 95.7 45.0 
70.1 58.2 39.8 59.4 60.9 76.8 31.3 31.4 83.6 48.3 21.0 36.2 48.0 41.0 80.1 65.0 48.0 18.4 60.8 46.1 80.8 72.9 44.0 85.1 70.6 79.1 63.9 69.3 81.5 73.6 53.2 86.3 74.4 35.6 55.5 59.1 19.6 55.3 59.4 15.0 15.6 22.4 64.6 75.6 25.0 65.4 34.4 67.6 0.0 50.4 28.4 53.2 68.0 79.7 23.8 
99.8 39.1 26.9 77.9 62.3 51.7 49.5 21.8 62.4 34.5 51.2 43.4 75.0 39.4 31.6 64.3 75.0 66.5 65.6 9.8 34.5 71.6 37.6 41.4 21.0 32.6 29.7 65.1 34.4 27.5 17.1 52.5 66.3 35.6 61.7 65.4 46.8 42.8 56.0 61.7 60.3 65.4 26.8 66.1 31.3 22.4 26.1 67.2 50.4 0.0 59.2 3.2 90.4 32.6 52.7 
96.7 80.8 36.1 87.8 88.2 99.0 59.1 37.6 107.3 71.1 9.2 62.6 76.1 66.0 90.8 92.2 76.1 41.0 88.6 59.7 93.5 100.3 68.2 99.8 75.1 79.0 82.0 96.2 93.6 86.3 69.1 105.9 100.7 59.9 83.2 87.0 13.5 79.4 85.9 40.2 16.8 48.3 81.3 101.7 28.2 65.0 34.0 94.9 28.4 59.2 0.0 62.4 96.0 80.0 52.2 
101.1 38.3 29.7 78.8 62.4 50.0 51.1 25.0 60.8 34.5 54.4 44.6 76.4 40.2 28.5 64.2 76.4 69.1 65.8 10.6 31.4 71.3 38.1 38.4 18.9 31.1 27.9 64.8 31.3 24.4 16.0 50.1 65.6 36.8 62.2 65.7 50.0 42.4 56.0 64.3 63.4 67.8 24.7 65.4 34.5 22.1 29.2 67.1 53.2 3.2 62.4 0.0 91.4 31.1 54.7 
15.0 61.0 98.7 12.7 35.3 69.3 43.1 85.8 66.3 58.7 89.1 47.2 20.0 51.2 104.0 37.0 20.0 57.3 30.9 80.8 99.9 37.2 53.8 98.1 109.2 122.4 77.2 41.2 101.8 95.4 78.5 84.2 46.7 54.9 31.6 29.5 87.3 54.4 42.1 56.4 80.4 48.7 81.2 48.7 85.9 112.6 93.0 36.1 68.0 90.4 96.0 91.4 0.0 122.3 45.7 
132.2 65.8 44.0 109.6 91.8 72.0 82.1 48.4 82.9 64.4 74.2 75.7 107.5 71.1 31.4 93.0 107.5 97.2 95.5 41.7 38.3 99.4 68.6 46.7 13.4 1.4 51.2 92.7 36.5 36.1 44.4 66.0 92.4 67.9 92.4 95.7 70.5 71.1 85.0 92.6 86.3 97.1 46.8 91.7 56.3 15.0 47.5 95.7 79.7 32.6 80.0 31.1 122.3 0.0 85.2 
50.5 43.2 54.1 36.0 38.4 60.7 9.4 41.9 65.4 34.2 44.3 17.7 26.2 24.5 76.4 42.6 26.2 22.8 37.7 44.7 75.0 50.2 28.4 77.1 73.6 85.0 54.0 47.4 76.3 68.4 47.5 72.8 53.0 22.0 32.4 35.8 42.0 38.3 38.3 18.6 38.5 16.3 56.2 54.5 40.5 72.9 48.3 45.0 23.8 52.7 52.2 54.7 45.7 85.2 0.0 

Routes: 
Route: 0 1 20 23 28 26 14 42 2 0 | Demand: 99.0| Cost: 2058.3
Route: 0 3 31 34 35 38 41 5 18 15 0 | Demand: 99.0| Cost: 2300.8
Route: 0 4 8 27 37 29 47 0 | Demand: 99.0| Cost: 1187.2
Route: 0 6 45 49 25 32 53 51 24 0 | Demand: 100.0| Cost: 2747.3
Route: 0 7 46 44 0 | Demand: 96.0| Cost: 584.5
Route: 0 9 55 30 19 36 22 0 | Demand: 97.0| Cost: 1478.5
Route: 0 10 50 40 48 39 17 54 0 | Demand: 99.0| Cost: 1416.1
Route: 0 11 33 13 43 21 12 0 | Demand: 96.0| Cost: 898.3
Route: 0 16 52 0 | Demand: 54.0| Cost: 110.0

Total cost: 12781.0
<<<<<<< HEAD
Execution time: 0.021
=======
Execution time: 0.07
>>>>>>> 642f4c0247b69c42f8987fec3c7fae7d83e620b9

-----------------------------------------

ClarkeWright Parallel: 
 
Distance Matrix: 
0.0 73.8 104.7 25.6 49.3 83.5 50.6 92.3 81.0 70.2 90.8 56.6 25.0 61.7 116.2 51.4 25.0 56.1 44.9 90.5 112.5 52.2 64.8 111.4 119.5 132.3 89.7 55.9 114.4 107.6 89.5 98.4 61.5 64.4 44.8 43.3 89.7 67.1 55.7 56.6 80.3 48.5 93.5 63.5 90.9 121.5 98.8 50.8 70.1 99.8 96.7 101.1 15.0 132.2 50.5 
73.8 0.0 60.4 48.5 26.9 18.6 34.4 48.8 26.6 10.0 71.6 25.5 52.2 18.7 43.2 27.5 52.2 65.5 31.1 30.1 38.8 33.6 14.9 37.7 52.4 66.3 16.3 26.9 40.8 34.7 22.4 29.6 27.3 22.8 29.4 31.9 67.5 6.7 19.8 60.7 73.4 59.4 20.5 27.1 55.6 60.2 56.6 30.0 58.2 39.1 80.8 38.3 61.0 65.8 43.2 
104.7 60.4 0.0 87.4 78.0 76.1 55.7 13.2 86.2 52.8 30.3 53.6 80.1 53.0 56.9 81.0 80.1 58.3 80.2 31.8 60.8 89.1 53.1 68.1 39.3 43.1 55.2 83.3 60.5 54.0 41.7 78.8 86.0 47.1 75.3 79.3 26.7 62.0 73.1 54.5 43.0 60.9 53.0 86.3 14.9 29.0 5.8 84.0 39.8 26.9 36.1 29.7 98.7 44.0 54.1 
25.6 48.5 87.4 0.0 23.8 58.0 31.8 74.3 56.1 46.0 80.2 34.9 14.2 38.6 91.4 26.2 14.2 51.5 19.4 68.2 87.4 28.4 41.1 85.9 96.5 109.8 64.6 31.0 89.3 82.8 65.8 72.8 37.0 42.5 19.2 17.7 78.0 41.9 30.1 49.6 73.0 42.5 68.6 39.0 75.1 100.2 81.7 26.0 59.4 77.9 87.8 78.8 12.7 109.6 36.0 
49.3 26.9 78.0 23.8 0.0 34.2 29.7 65.0 33.1 27.9 79.5 26.0 32.4 25.0 70.0 4.2 32.4 60.1 4.5 52.5 65.3 12.1 25.3 63.0 78.4 92.2 43.1 9.4 67.4 61.5 47.4 49.0 15.7 31.1 6.7 6.1 76.2 20.8 7.1 56.6 76.3 51.9 47.4 17.5 68.7 84.5 73.0 6.7 60.9 62.3 88.2 62.4 35.3 91.8 38.4 
83.5 18.6 76.1 58.0 34.2 0.0 51.5 65.5 11.0 28.6 89.8 43.1 65.1 36.7 43.5 32.3 65.1 83.4 38.6 44.4 37.1 34.4 33.1 32.0 59.3 72.8 22.2 28.7 39.4 36.4 34.8 14.9 24.8 41.3 39.5 40.3 85.6 22.5 28.3 78.8 92.0 76.8 26.0 23.3 73.0 70.1 72.9 33.5 76.8 51.7 99.0 50.0 69.3 72.0 60.7 
50.6 34.4 55.7 31.8 29.7 51.5 0.0 42.7 55.9 26.0 50.7 9.0 25.6 16.0 70.2 33.8 25.6 32.2 29.5 40.6 68.2 41.7 20.0 69.6 69.8 82.1 46.4 38.4 69.6 62.0 41.6 64.0 43.9 15.2 24.2 27.9 47.9 29.1 29.0 28.0 46.6 25.3 49.0 45.3 43.4 70.9 50.0 36.4 31.3 49.5 59.1 51.1 43.1 82.1 9.4 
92.3 48.8 13.2 74.3 65.0 65.5 42.7 0.0 75.1 40.5 29.4 40.4 67.5 40.0 53.5 68.1 67.5 49.2 67.1 22.7 55.9 76.2 40.3 62.3 40.1 47.8 46.0 70.6 56.1 48.8 32.5 70.0 73.5 34.0 62.2 66.2 25.0 49.7 60.3 44.9 39.0 50.4 44.6 74.0 9.5 34.0 8.1 71.1 31.4 21.8 37.6 25.0 85.8 48.4 41.9 
81.0 26.6 86.2 56.1 33.1 11.0 55.9 75.1 0.0 36.2 98.1 48.3 65.4 42.6 53.8 30.0 65.4 88.2 37.0 54.7 47.2 29.4 39.6 41.2 70.3 83.7 33.1 25.2 49.4 47.1 45.4 21.3 19.6 48.1 39.3 39.0 94.0 28.3 28.9 83.9 99.1 81.0 37.0 17.7 82.2 81.1 82.8 30.3 83.6 62.4 107.3 60.8 66.3 82.9 65.4 
70.2 10.0 52.8 46.0 27.9 28.6 26.0 40.5 36.2 0.0 61.8 17.0 47.0 10.0 46.1 29.8 47.0 56.0 31.3 24.7 43.1 37.3 6.1 43.7 51.0 64.7 20.6 31.1 44.8 37.6 20.0 38.9 33.2 13.0 28.0 31.4 57.8 9.2 21.6 51.2 63.4 50.5 23.8 33.5 46.5 56.6 48.5 32.8 48.3 34.5 71.1 34.5 58.7 64.4 34.2 
90.8 71.6 30.3 80.2 79.5 89.8 50.7 29.4 98.1 61.8 0.0 53.7 69.1 56.9 82.9 83.4 69.1 36.2 80.0 51.0 85.2 91.5 59.1 91.2 68.3 73.3 73.0 87.2 85.4 78.0 60.2 96.8 91.7 50.8 74.6 78.4 4.5 70.2 76.9 34.5 14.2 42.4 72.4 92.7 19.9 59.2 27.0 86.2 21.0 51.2 9.2 54.4 89.1 74.2 44.3 
56.6 25.5 53.6 34.9 26.0 43.1 9.0 40.4 48.3 17.0 53.7 0.0 32.0 7.0 61.8 29.7 32.0 40.3 27.2 34.0 59.5 37.9 11.0 60.7 63.0 75.7 37.5 33.5 61.0 53.5 33.6 55.1 38.3 7.8 22.0 26.0 50.3 20.6 23.3 35.8 51.9 34.0 40.3 39.4 43.1 65.5 48.3 32.6 36.2 43.4 62.6 44.6 47.2 75.7 17.7 
25.0 52.2 80.1 14.2 32.4 65.1 25.6 67.5 65.4 47.0 69.1 32.0 0.0 37.7 93.1 35.9 0.0 37.9 28.9 65.8 90.0 40.3 41.2 89.8 94.9 107.5 67.2 41.2 91.7 84.5 65.5 79.5 47.5 39.7 26.1 26.7 67.4 45.6 37.0 36.7 60.5 29.1 70.7 49.5 66.7 96.5 74.3 36.7 48.0 75.0 76.1 76.4 20.0 107.5 26.2 
61.7 18.7 53.0 38.6 25.0 36.7 16.0 40.0 42.6 10.0 56.9 7.0 37.7 0.0 55.5 28.2 37.7 46.8 27.3 29.7 52.8 36.3 4.0 53.8 58.1 71.2 30.6 31.0 54.4 47.0 27.8 48.3 34.9 6.3 22.8 26.7 53.2 14.4 20.6 42.2 56.6 40.8 33.5 35.8 44.1 61.8 48.0 31.1 41.0 39.4 66.0 40.2 51.2 71.1 24.5 
116.2 43.2 56.9 91.4 70.0 43.5 70.2 53.5 53.8 46.1 82.9 61.8 93.1 55.5 0.0 70.1 93.1 94.3 74.3 34.0 7.0 75.0 51.9 15.3 22.0 32.6 26.9 68.4 5.1 8.6 28.9 35.1 66.6 55.0 72.5 75.1 78.4 49.7 62.9 89.4 91.4 91.4 22.8 65.5 62.9 36.1 57.3 72.3 80.1 31.6 90.8 28.5 104.0 31.4 76.4 
51.4 27.5 81.0 26.2 4.2 32.3 33.8 68.1 30.0 29.8 83.4 29.7 35.9 28.2 70.1 0.0 35.9 64.4 7.1 54.6 65.1 8.2 28.0 62.2 79.6 93.5 43.4 5.4 67.2 61.7 48.8 47.2 11.7 34.4 10.8 9.2 80.1 21.9 8.2 60.8 80.5 56.1 47.8 13.6 72.2 86.3 76.2 3.0 65.0 64.3 92.2 64.2 37.0 93.0 42.6 
25.0 52.2 80.1 14.2 32.4 65.1 25.6 67.5 65.4 47.0 69.1 32.0 0.0 37.7 93.1 35.9 0.0 37.9 28.9 65.8 90.0 40.3 41.2 89.8 94.9 107.5 67.2 41.2 91.7 84.5 65.5 79.5 47.5 39.7 26.1 26.7 67.4 45.6 37.0 36.7 60.5 29.1 70.7 49.5 66.7 96.5 74.3 36.7 48.0 75.0 76.1 76.4 20.0 107.5 26.2 
56.1 65.5 58.3 51.5 60.1 83.4 32.2 49.2 88.2 56.0 36.2 40.3 37.9 46.8 94.3 64.4 37.9 0.0 58.7 60.7 94.0 71.4 50.6 97.3 87.3 96.7 74.7 69.4 95.0 87.1 66.0 94.9 75.3 43.2 53.7 56.6 36.4 60.9 60.8 5.0 24.3 8.9 76.2 76.8 43.4 83.2 52.8 66.5 18.4 66.5 41.0 69.1 57.3 97.2 22.8 
44.9 31.1 80.2 19.4 4.5 38.6 29.5 67.1 37.0 31.3 80.0 27.2 28.9 27.3 74.3 7.1 28.9 58.7 0.0 55.7 69.7 12.7 28.2 67.4 82.2 95.9 47.4 12.4 71.7 65.8 51.1 53.5 18.7 33.1 5.4 2.2 76.9 24.8 11.4 55.4 76.1 50.2 51.6 20.6 70.3 87.8 75.0 8.1 60.8 65.6 88.6 65.8 30.9 95.5 37.7 
90.5 30.1 31.8 68.2 52.5 44.4 40.6 22.7 54.7 24.7 51.0 34.0 65.8 29.7 34.0 54.6 65.8 60.7 55.7 0.0 34.9 62.0 27.7 40.3 29.2 41.8 23.6 55.6 35.5 27.7 10.0 47.5 57.0 26.2 51.9 55.5 46.5 33.2 46.3 55.7 58.0 58.5 21.9 57.0 31.6 32.2 29.2 57.5 46.1 9.8 59.7 10.6 80.8 41.7 44.7 
112.5 38.8 60.8 87.4 65.3 37.1 68.2 55.9 47.2 43.1 85.2 59.5 90.0 52.8 7.0 65.1 90.0 94.0 69.7 34.9 0.0 69.5 49.0 8.5 28.2 39.5 22.8 63.0 2.2 7.3 28.0 28.2 60.8 53.2 68.2 70.6 80.8 45.5 58.3 89.0 92.9 90.4 19.3 59.6 65.4 42.1 60.5 67.2 80.8 34.5 93.5 31.4 99.9 38.3 75.0 
52.2 33.6 89.1 28.4 12.1 34.4 41.7 76.2 29.4 37.3 91.5 37.9 40.3 36.3 75.0 8.2 40.3 71.4 12.7 62.0 69.5 0.0 36.0 65.8 86.0 99.9 48.9 6.7 71.7 66.9 55.7 48.9 9.8 42.6 17.8 14.9 88.3 28.9 16.0 68.1 88.3 62.9 53.3 11.7 80.4 93.4 84.3 5.4 72.9 71.6 100.3 71.3 37.2 99.4 50.2 
64.8 14.9 53.1 41.1 25.3 33.1 20.0 40.3 39.6 6.1 59.1 11.0 41.2 4.0 51.9 28.0 41.2 50.6 28.2 27.7 49.0 36.0 0.0 49.8 55.4 68.8 26.7 30.3 50.7 43.4 24.8 44.4 33.5 8.5 24.2 27.9 55.2 11.3 20.0 45.9 59.5 44.7 29.7 34.2 45.2 59.9 48.4 31.0 44.0 37.6 68.2 38.1 53.8 68.6 28.4 
111.4 37.7 68.1 85.9 63.0 32.0 69.6 62.3 41.2 43.7 91.2 60.7 89.8 53.8 15.3 62.2 89.8 97.3 67.4 40.3 8.5 65.8 49.8 0.0 36.8 47.9 23.2 59.5 10.2 14.1 32.0 20.9 56.6 55.1 66.6 68.6 86.8 44.4 56.1 92.3 98.0 93.0 21.0 55.2 71.6 50.5 67.4 64.0 85.1 41.4 99.8 38.4 98.1 46.7 77.1 
119.5 52.4 39.3 96.5 78.4 59.3 69.8 40.1 70.3 51.0 68.3 63.0 94.9 58.1 22.0 79.6 94.9 87.3 82.2 29.2 28.2 86.0 55.4 36.8 0.0 13.9 38.1 79.3 26.8 24.3 31.1 54.6 79.1 55.2 79.1 82.4 64.1 57.7 71.6 82.5 79.1 86.4 33.7 78.4 49.0 14.2 41.3 82.3 70.6 21.0 75.1 18.9 109.2 13.4 73.6 
132.3 66.3 43.1 109.8 92.2 72.8 82.1 47.8 83.7 64.7 73.3 75.7 107.5 71.2 32.6 93.5 107.5 96.7 95.9 41.8 39.5 99.9 68.8 47.9 13.9 0.0 51.9 93.2 37.7 37.0 44.8 67.1 93.0 67.9 92.6 96.0 69.6 71.6 85.4 92.1 85.5 96.7 47.5 92.3 55.5 14.1 46.7 96.2 79.1 32.6 79.0 31.1 122.4 1.4 85.0 
89.7 16.3 55.2 64.6 43.1 22.2 46.4 46.0 33.1 20.6 73.0 37.5 67.2 30.6 26.9 43.4 67.2 74.7 47.4 23.6 22.8 48.9 26.7 23.2 38.1 51.9 0.0 42.2 24.7 18.4 13.6 24.0 41.2 32.0 45.6 48.2 68.6 22.8 36.1 69.7 77.8 70.0 4.5 40.5 54.5 48.0 52.8 45.8 63.9 29.7 82.0 27.9 77.2 51.2 54.0 
55.9 26.9 83.3 31.0 9.4 28.7 38.4 70.6 25.2 31.1 87.2 33.5 41.2 31.0 68.4 5.4 41.2 69.4 12.4 55.6 63.0 6.7 30.3 59.5 79.3 93.2 42.2 0.0 65.2 60.2 49.0 43.4 6.3 37.4 16.1 14.6 83.8 22.4 10.4 65.8 84.9 61.2 46.6 8.2 75.2 86.8 78.6 5.1 69.3 65.1 96.2 64.8 41.2 92.7 47.4 
114.4 40.8 60.5 89.3 67.4 39.4 69.6 56.1 49.4 44.8 85.4 61.0 91.7 54.4 5.1 67.2 91.7 95.0 71.7 35.5 2.2 71.7 50.7 10.2 26.8 37.7 24.7 65.2 0.0 8.0 29.1 30.3 63.0 54.6 70.2 72.6 81.0 47.4 60.3 90.0 93.4 91.7 21.0 61.9 65.6 40.8 60.4 69.3 81.5 34.4 93.6 31.3 101.8 36.5 76.3 
107.6 34.7 54.0 82.8 61.5 36.4 62.0 48.8 47.1 37.6 78.0 53.5 84.5 47.0 8.6 61.7 84.5 87.1 65.8 27.7 7.3 66.9 43.4 14.1 24.3 37.0 18.4 60.2 8.0 0.0 21.1 30.3 58.7 46.8 63.9 66.5 73.5 41.1 54.5 82.1 85.6 83.7 14.2 57.7 58.2 37.3 53.5 64.0 73.6 27.5 86.3 24.4 95.4 36.1 68.4 
89.5 22.4 41.7 65.8 47.4 34.8 41.6 32.5 45.4 20.0 60.2 33.6 65.5 27.8 28.9 48.8 65.5 66.0 51.1 10.0 28.0 55.7 24.8 32.0 31.1 44.8 13.6 49.0 29.1 21.1 0.0 37.5 49.6 26.4 48.0 51.3 55.8 26.9 40.7 61.0 66.1 62.6 12.2 49.4 41.2 37.9 39.2 51.6 53.2 17.1 69.1 16.0 78.5 44.4 47.5 
98.4 29.6 78.8 72.8 49.0 14.9 64.0 70.0 21.3 38.9 96.8 55.1 79.5 48.3 35.1 47.2 79.5 94.9 53.5 47.5 28.2 48.9 44.4 20.9 54.6 67.1 24.0 43.4 30.3 30.3 37.5 0.0 39.1 51.9 54.1 55.1 92.5 35.1 43.0 90.1 100.8 89.1 25.8 37.4 78.5 67.2 76.7 48.3 86.3 52.5 105.9 50.1 84.2 66.0 72.8 
61.5 27.3 86.0 37.0 15.7 24.8 43.9 73.5 19.6 33.2 91.7 38.3 47.5 34.9 66.6 11.7 47.5 75.3 18.7 57.0 60.8 9.8 33.5 56.6 79.1 93.0 41.2 6.3 63.0 58.7 49.6 39.1 0.0 41.2 22.4 20.9 88.1 24.1 15.0 71.5 90.0 67.2 45.7 2.0 78.7 87.5 81.6 11.0 74.4 66.3 100.7 65.6 46.7 92.4 53.0 
64.4 22.8 47.1 42.5 31.1 41.3 15.2 34.0 48.1 13.0 50.8 7.8 39.7 6.3 55.0 34.4 39.7 43.2 33.1 26.2 53.2 42.6 8.5 55.1 55.2 67.9 32.0 37.4 54.6 46.8 26.4 51.9 41.2 0.0 28.3 32.2 47.0 19.8 26.9 38.3 51.0 38.1 34.2 42.0 37.9 57.7 42.0 37.3 35.6 35.6 59.9 36.8 54.9 67.9 22.0 
44.8 29.4 75.3 19.2 6.7 39.5 24.2 62.2 39.3 28.0 74.6 22.0 26.1 22.8 72.5 10.8 26.1 53.7 5.4 51.9 68.2 17.8 24.2 66.6 79.1 92.6 45.6 16.1 70.2 63.9 48.0 54.1 22.4 28.3 0.0 4.0 71.6 22.8 11.2 50.3 70.7 45.3 49.7 24.2 65.1 84.1 70.1 12.7 55.5 61.7 83.2 62.2 31.6 92.4 32.4 
43.3 31.9 79.3 17.7 6.1 40.3 27.9 66.2 39.0 31.4 78.4 26.0 26.7 26.7 75.1 9.2 26.7 56.6 2.2 55.5 70.6 14.9 27.9 68.6 82.4 96.0 48.2 14.6 72.6 66.5 51.3 55.1 20.9 32.2 4.0 0.0 75.4 25.5 12.5 53.4 74.2 48.1 52.3 22.8 69.1 87.7 74.1 10.3 59.1 65.4 87.0 65.7 29.5 95.7 35.8 
89.7 67.5 26.7 78.0 76.2 85.6 47.9 25.0 94.0 57.8 4.5 50.3 67.4 53.2 78.4 80.1 67.4 36.4 76.9 46.5 80.8 88.3 55.2 86.8 64.1 69.6 68.6 83.8 81.0 73.5 55.8 92.5 88.1 47.0 71.6 75.4 0.0 66.3 73.4 34.0 16.6 41.8 68.0 89.0 15.5 55.4 23.0 82.9 19.6 46.8 13.5 50.0 87.3 70.5 42.0 
67.1 6.7 62.0 41.9 20.8 22.5 29.1 49.7 28.3 9.2 70.2 20.6 45.6 14.4 49.7 21.9 45.6 60.9 24.8 33.2 45.5 28.9 11.3 44.4 57.7 71.6 22.8 22.4 47.4 41.1 26.9 35.1 24.1 19.8 22.8 25.5 66.3 0.0 13.9 56.4 70.8 54.4 26.9 24.3 55.5 64.6 57.7 24.7 55.3 42.8 79.4 42.4 54.4 71.1 38.3 
55.7 19.8 73.1 30.1 7.1 28.3 29.0 60.3 28.9 21.6 76.9 23.3 37.0 20.6 62.9 8.2 37.0 60.8 11.4 46.3 58.3 16.0 20.0 56.1 71.6 85.4 36.1 10.4 60.3 54.5 40.7 43.0 15.0 26.9 11.2 12.5 73.4 13.9 0.0 56.9 75.0 53.0 40.4 16.3 64.8 78.1 68.4 11.2 59.4 56.0 85.9 56.0 42.1 85.0 38.3 
56.6 60.7 54.5 49.6 56.6 78.8 28.0 44.9 83.9 51.2 34.5 35.8 36.7 42.2 89.4 60.8 36.7 5.0 55.4 55.7 89.0 68.1 45.9 92.3 82.5 92.1 69.7 65.8 90.0 82.1 61.0 90.1 71.5 38.3 50.3 53.4 34.0 56.4 56.9 0.0 24.0 8.1 71.3 73.0 39.6 78.8 48.9 63.0 15.0 61.7 40.2 64.3 56.4 92.6 18.6 
80.3 73.4 43.0 73.0 76.3 92.0 46.6 39.0 99.1 63.4 14.2 51.9 60.5 56.6 91.4 80.5 60.5 24.3 76.1 58.0 92.9 88.3 59.5 98.0 79.1 85.5 77.8 84.9 93.4 85.6 66.1 100.8 90.0 51.0 70.7 74.2 16.6 70.8 75.0 24.0 0.0 32.0 78.0 91.2 30.1 71.4 38.8 83.0 15.6 60.3 16.8 63.4 80.4 86.3 38.5 
48.5 59.4 60.9 42.5 51.9 76.8 25.3 50.4 81.0 50.5 42.4 34.0 29.1 40.8 91.4 56.1 29.1 8.9 50.2 58.5 90.4 62.9 44.7 93.0 86.4 96.7 70.0 61.2 91.7 83.7 62.6 89.1 67.2 38.1 45.3 48.1 41.8 54.4 53.0 8.1 32.0 0.0 72.0 68.8 46.1 83.8 55.2 58.1 22.4 65.4 48.3 67.8 48.7 97.1 16.3 
93.5 20.5 53.0 68.6 47.4 26.0 49.0 44.6 37.0 23.8 72.4 40.3 70.7 33.5 22.8 47.8 70.7 76.2 51.6 21.9 19.3 53.3 29.7 21.0 33.7 47.5 4.5 46.6 21.0 14.2 12.2 25.8 45.7 34.2 49.7 52.3 68.0 26.9 40.4 71.3 78.0 72.0 0.0 44.9 53.4 44.0 51.0 50.2 64.6 26.8 81.3 24.7 81.2 46.8 56.2 
63.5 27.1 86.3 39.0 17.5 23.3 45.3 74.0 17.7 33.5 92.7 39.4 49.5 35.8 65.5 13.6 49.5 76.8 20.6 57.0 59.6 11.7 34.2 55.2 78.4 92.3 40.5 8.2 61.9 57.7 49.4 37.4 2.0 42.0 24.2 22.8 89.0 24.3 16.3 73.0 91.2 68.8 44.9 0.0 79.4 87.1 82.0 13.0 75.6 66.1 101.7 65.4 48.7 91.7 54.5 
90.9 55.6 14.9 75.1 68.7 73.0 43.4 9.5 82.2 46.5 19.9 43.1 66.7 44.1 62.9 72.2 66.7 43.4 70.3 31.6 65.4 80.4 45.2 71.6 49.0 55.5 54.5 75.2 65.6 58.2 41.2 78.5 78.7 37.9 65.1 69.1 15.5 55.5 64.8 39.6 30.1 46.1 53.4 79.4 0.0 41.5 9.4 75.1 25.0 31.3 28.2 34.5 85.9 56.3 40.5 
121.5 60.2 29.0 100.2 84.5 70.1 70.9 34.0 81.1 56.6 59.2 65.5 96.5 61.8 36.1 86.3 96.5 83.2 87.8 32.2 42.1 93.4 59.9 50.5 14.2 14.1 48.0 86.8 40.8 37.3 37.9 67.2 87.5 57.7 84.1 87.7 55.4 64.6 78.1 78.8 71.4 83.8 44.0 87.1 41.5 0.0 32.6 89.2 65.4 22.4 65.0 22.1 112.6 15.0 72.9 
98.8 56.6 5.8 81.7 73.0 72.9 50.0 8.1 82.8 48.5 27.0 48.3 74.3 48.0 57.3 76.2 74.3 52.8 75.0 29.2 60.5 84.3 48.4 67.4 41.3 46.7 52.8 78.6 60.4 53.5 39.2 76.7 81.6 42.0 70.1 74.1 23.0 57.7 68.4 48.9 38.8 55.2 51.0 82.0 9.4 32.6 0.0 79.2 34.4 26.1 34.0 29.2 93.0 47.5 48.3 
50.8 30.0 84.0 26.0 6.7 33.5 36.4 71.1 30.3 32.8 86.2 32.6 36.7 31.1 72.3 3.0 36.7 66.5 8.1 57.5 67.2 5.4 31.0 64.0 82.3 96.2 45.8 5.1 69.3 64.0 51.6 48.3 11.0 37.3 12.7 10.3 82.9 24.7 11.2 63.0 83.0 58.1 50.2 13.0 75.1 89.2 79.2 0.0 67.6 67.2 94.9 67.1 36.1 95.7 45.0 
70.1 58.2 39.8 59.4 60.9 76.8 31.3 31.4 83.6 48.3 21.0 36.2 48.0 41.0 80.1 65.0 48.0 18.4 60.8 46.1 80.8 72.9 44.0 85.1 70.6 79.1 63.9 69.3 81.5 73.6 53.2 86.3 74.4 35.6 55.5 59.1 19.6 55.3 59.4 15.0 15.6 22.4 64.6 75.6 25.0 65.4 34.4 67.6 0.0 50.4 28.4 53.2 68.0 79.7 23.8 
99.8 39.1 26.9 77.9 62.3 51.7 49.5 21.8 62.4 34.5 51.2 43.4 75.0 39.4 31.6 64.3 75.0 66.5 65.6 9.8 34.5 71.6 37.6 41.4 21.0 32.6 29.7 65.1 34.4 27.5 17.1 52.5 66.3 35.6 61.7 65.4 46.8 42.8 56.0 61.7 60.3 65.4 26.8 66.1 31.3 22.4 26.1 67.2 50.4 0.0 59.2 3.2 90.4 32.6 52.7 
96.7 80.8 36.1 87.8 88.2 99.0 59.1 37.6 107.3 71.1 9.2 62.6 76.1 66.0 90.8 92.2 76.1 41.0 88.6 59.7 93.5 100.3 68.2 99.8 75.1 79.0 82.0 96.2 93.6 86.3 69.1 105.9 100.7 59.9 83.2 87.0 13.5 79.4 85.9 40.2 16.8 48.3 81.3 101.7 28.2 65.0 34.0 94.9 28.4 59.2 0.0 62.4 96.0 80.0 52.2 
101.1 38.3 29.7 78.8 62.4 50.0 51.1 25.0 60.8 34.5 54.4 44.6 76.4 40.2 28.5 64.2 76.4 69.1 65.8 10.6 31.4 71.3 38.1 38.4 18.9 31.1 27.9 64.8 31.3 24.4 16.0 50.1 65.6 36.8 62.2 65.7 50.0 42.4 56.0 64.3 63.4 67.8 24.7 65.4 34.5 22.1 29.2 67.1 53.2 3.2 62.4 0.0 91.4 31.1 54.7 
15.0 61.0 98.7 12.7 35.3 69.3 43.1 85.8 66.3 58.7 89.1 47.2 20.0 51.2 104.0 37.0 20.0 57.3 30.9 80.8 99.9 37.2 53.8 98.1 109.2 122.4 77.2 41.2 101.8 95.4 78.5 84.2 46.7 54.9 31.6 29.5 87.3 54.4 42.1 56.4 80.4 48.7 81.2 48.7 85.9 112.6 93.0 36.1 68.0 90.4 96.0 91.4 0.0 122.3 45.7 
132.2 65.8 44.0 109.6 91.8 72.0 82.1 48.4 82.9 64.4 74.2 75.7 107.5 71.1 31.4 93.0 107.5 97.2 95.5 41.7 38.3 99.4 68.6 46.7 13.4 1.4 51.2 92.7 36.5 36.1 44.4 66.0 92.4 67.9 92.4 95.7 70.5 71.1 85.0 92.6 86.3 97.1 46.8 91.7 56.3 15.0 47.5 95.7 79.7 32.6 80.0 31.1 122.3 0.0 85.2 
50.5 43.2 54.1 36.0 38.4 60.7 9.4 41.9 65.4 34.2 44.3 17.7 26.2 24.5 76.4 42.6 26.2 22.8 37.7 44.7 75.0 50.2 28.4 77.1 73.6 85.0 54.0 47.4 76.3 68.4 47.5 72.8 53.0 22.0 32.4 35.8 42.0 38.3 38.3 18.6 38.5 16.3 56.2 54.5 40.5 72.9 48.3 45.0 23.8 52.7 52.2 54.7 45.7 85.2 0.0 

Routes: 
Route: 0 2 46 7 44 0 | Demand: 99.0| Cost: 848.6
Route: 0 3 4 18 34 35 52 0 | Demand: 98.0| Cost: 265.6
Route: 0 6 11 13 22 33 54 0 | Demand: 95.0| Cost: 396.3
Route: 0 8 19 26 42 37 15 0 | Demand: 98.0| Cost: 941.1
Route: 0 9 1 5 23 20 14 28 29 31 0 | Demand: 100.0| Cost: 428.5
Route: 0 12 16 39 41 0 | Demand: 71.0| Cost: 218.3
Route: 0 17 40 10 50 36 48 0 | Demand: 95.0| Cost: 319.2
Route: 0 30 24 25 53 45 55 51 49 0 | Demand: 93.0| Cost: 482.3
Route: 0 38 21 27 32 43 47 0 | Demand: 90.0| Cost: 412.1

Total cost: 4312.0
Execution time: 0.03

