ClarkeWright Sequential: 
 
Distance Matrix: 
0.0 73.4 25.3 107.9 100.3 86.6 37.1 106.4 83.5 61.0 110.7 13.5 45.7 63.6 87.8 68.7 99.6 31.6 16.4 94.8 76.5 79.1 102.2 66.3 88.8 66.5 63.2 47.8 83.9 70.5 57.7 104.7 89.9 16.4 128.0 73.4 92.7 23.0 29.4 58.9 52.0 54.3 77.4 60.1 55.9 95.2 93.3 38.1 82.2 27.5 136.5 29.1 99.9 45.3 103.3 47.2 91.4 45.1 57.8 73.2 71.0 94.5 108.0 43.0 36.0 103.5 83.2 74.3 98.5 71.1 
73.4 0.0 54.2 34.7 54.1 44.8 37.5 57.2 13.0 61.1 46.3 60.0 39.2 27.9 53.8 27.2 55.0 44.3 57.0 22.8 6.1 63.8 36.3 23.3 30.4 11.2 40.3 25.6 24.4 8.2 31.6 47.7 17.5 57.0 55.4 17.5 66.5 61.1 44.0 49.7 56.4 46.7 59.4 26.0 19.6 52.5 69.3 37.8 38.6 52.6 64.6 45.3 50.7 29.1 32.7 26.9 39.2 55.0 22.6 21.9 61.7 44.8 36.4 45.2 49.2 31.0 28.3 29.7 28.2 47.5 
25.3 54.2 0.0 87.5 75.0 79.2 26.0 81.2 66.1 38.1 86.7 15.1 40.3 39.2 62.6 58.2 74.3 10.2 14.9 73.5 55.9 55.1 87.5 42.4 64.7 45.3 58.2 30.4 70.3 53.6 33.0 79.9 69.1 14.9 106.4 59.3 68.1 7.1 17.5 34.1 28.6 29.3 53.0 49.3 34.9 69.9 69.0 28.5 73.7 2.2 114.2 11.2 74.7 25.3 81.1 32.0 81.1 21.6 45.0 49.5 47.4 85.3 90.5 17.7 36.2 85.2 71.0 49.6 81.6 45.9 
107.9 34.7 87.5 0.0 54.1 59.1 72.1 53.3 27.7 84.4 29.7 94.5 71.9 52.9 63.1 52.8 55.9 77.9 91.5 14.6 31.6 79.6 31.0 48.1 34.4 42.2 67.1 60.2 38.3 39.4 58.8 40.2 18.4 91.5 21.5 42.2 75.6 94.0 78.6 73.8 82.8 72.8 75.4 56.4 52.7 56.1 78.7 72.2 55.0 85.6 31.4 79.4 49.6 63.0 13.4 61.5 48.4 83.5 54.9 42.0 81.0 53.0 17.2 75.4 82.7 13.6 43.2 47.2 21.2 66.0 
100.3 54.1 75.0 54.1 0.0 98.3 77.0 6.4 61.6 48.8 28.2 88.6 86.6 39.1 15.8 81.2 2.0 70.1 86.8 44.7 48.3 34.4 80.0 39.1 24.4 48.5 93.3 65.1 76.3 62.2 43.7 15.1 46.7 86.8 58.3 71.6 24.1 78.7 77.8 43.8 53.4 47.0 31.9 78.2 54.1 5.7 27.0 79.0 92.3 72.8 60.1 73.8 4.5 62.1 40.7 69.2 90.8 58.5 73.2 34.7 40.2 96.4 69.9 57.4 93.0 64.4 81.0 29.0 68.7 30.8 
86.6 44.8 79.2 59.1 98.3 0.0 53.5 100.6 37.2 100.8 84.2 76.0 41.0 70.3 98.6 21.9 99.3 69.9 73.0 57.6 50.2 107.2 31.0 66.5 73.9 53.8 23.5 51.6 22.5 37.5 71.8 89.6 53.5 73.0 78.3 27.6 111.1 86.0 62.4 89.9 93.9 85.6 102.8 30.4 55.8 97.1 113.9 51.2 6.4 78.6 88.5 68.1 94.5 58.3 66.7 48.4 11.4 90.1 35.5 66.6 103.8 9.9 45.5 79.3 50.8 46.0 17.5 74.3 38.0 90.8 
37.1 37.5 26.0 72.1 77.0 53.5 0.0 82.2 46.6 55.6 79.8 24.4 15.0 38.0 68.9 33.1 77.0 17.5 21.2 60.0 41.6 68.4 65.2 38.2 59.2 33.1 32.3 13.0 47.1 33.6 34.5 76.9 54.8 21.2 93.0 36.4 78.2 32.6 9.0 47.0 46.8 41.7 65.0 24.1 23.8 73.0 80.0 2.8 48.1 25.6 102.0 14.9 75.2 15.0 69.3 10.6 56.1 41.0 20.9 43.9 62.3 60.0 71.0 31.2 16.3 66.6 46.9 48.1 61.4 54.4 
106.4 57.2 81.2 53.3 6.4 100.6 82.2 0.0 63.6 55.2 25.3 94.6 91.2 44.6 22.0 84.4 7.8 76.0 92.7 45.3 51.3 40.3 80.7 44.0 26.9 52.6 97.0 70.0 78.4 65.5 49.5 13.0 48.0 92.7 55.1 74.5 28.9 85.0 83.4 50.2 59.8 53.3 38.0 82.0 59.0 12.0 31.6 84.1 94.8 78.9 56.0 79.6 7.0 67.4 40.0 74.0 92.6 64.9 77.3 39.1 46.4 98.2 69.7 63.6 98.0 64.4 83.2 34.1 69.4 37.2 
83.5 13.0 66.1 27.7 61.6 37.2 46.6 63.6 0.0 74.0 47.7 70.3 44.4 40.5 63.9 25.5 62.8 56.0 67.2 21.1 15.7 75.6 23.3 35.7 37.2 24.2 39.8 36.2 14.8 13.0 44.6 52.4 16.5 67.2 49.2 14.6 76.8 73.1 54.2 62.6 69.5 59.7 71.1 28.7 32.2 61.0 79.8 46.2 31.6 64.6 59.1 56.5 57.7 40.8 31.0 36.4 29.2 68.0 27.7 33.1 74.1 34.8 24.6 58.1 55.4 20.0 19.7 40.8 15.5 59.5 
61.0 61.1 38.1 84.4 48.8 100.8 55.6 55.2 74.0 0.0 70.7 53.2 70.2 33.5 33.2 79.1 47.4 39.8 52.9 70.1 58.9 18.7 97.3 38.5 51.7 50.0 85.0 50.4 84.5 65.6 29.7 59.7 68.0 52.9 97.8 74.7 33.2 38.1 50.6 11.4 9.5 15.3 18.4 71.6 45.2 43.2 33.2 58.4 94.5 36.4 102.9 43.8 50.6 43.9 73.3 54.6 98.5 16.5 66.0 43.0 10.4 103.8 94.2 24.4 70.5 88.1 87.3 37.2 88.0 19.7 
110.7 46.3 86.7 29.7 28.2 84.2 79.8 25.3 47.7 70.7 0.0 97.6 84.9 47.5 41.4 72.1 30.1 79.1 95.2 26.7 40.4 60.2 59.7 44.4 22.0 46.8 86.0 66.9 61.8 54.1 53.8 13.0 31.3 95.2 30.1 61.1 52.0 92.0 83.6 62.4 72.4 63.6 56.8 72.2 56.4 32.0 55.0 81.0 79.1 84.5 32.8 81.8 24.0 66.6 17.9 69.9 74.7 75.6 68.7 37.4 64.2 79.8 46.9 70.7 94.0 42.4 66.9 37.5 48.8 51.0 
13.5 60.0 15.1 94.5 88.6 76.0 24.4 94.6 70.3 53.2 97.6 0.0 35.0 51.0 76.9 56.9 88.1 18.8 3.2 81.3 63.0 70.3 89.5 53.3 75.8 53.0 53.2 34.4 71.5 57.3 45.3 92.1 76.5 3.2 114.6 60.7 83.0 16.6 16.1 49.0 43.7 44.0 68.0 48.1 42.4 83.7 84.0 25.7 71.2 17.0 123.1 15.8 87.9 31.8 89.9 34.0 79.9 36.7 45.2 60.2 62.5 83.4 94.9 32.1 27.2 90.2 71.1 61.7 85.4 60.4 
45.7 39.2 40.3 71.9 86.6 41.0 15.0 91.2 44.4 70.2 84.9 35.0 0.0 48.8 80.4 23.7 86.8 32.4 32.1 61.8 44.6 82.0 58.5 47.7 66.1 39.1 18.2 22.1 40.2 32.6 46.6 84.1 56.5 32.1 93.3 31.1 90.6 46.5 22.8 61.0 61.5 55.8 78.3 16.3 32.6 83.2 92.7 12.2 36.5 40.2 103.0 29.5 84.2 27.3 71.9 17.7 45.9 56.0 17.0 52.1 76.3 48.8 67.2 46.0 11.4 63.8 38.5 57.7 57.3 67.1 
63.6 27.9 39.2 52.9 39.1 70.3 38.0 44.6 40.5 33.5 47.5 51.0 48.8 0.0 31.6 49.5 39.0 32.2 48.8 38.3 25.3 36.9 63.8 5.0 25.5 17.0 58.8 26.7 51.9 33.3 6.4 41.1 35.4 48.8 69.4 43.0 42.5 44.6 38.8 22.2 30.1 20.1 32.6 43.8 16.6 35.0 44.9 40.1 63.9 37.0 76.3 35.5 37.7 23.0 43.8 31.0 66.4 30.7 38.3 11.2 34.0 71.9 61.0 23.6 54.1 55.0 55.2 10.8 54.5 20.5 
87.8 53.8 62.6 63.1 15.8 98.6 68.9 22.0 63.9 33.2 41.4 76.9 80.4 31.6 0.0 79.3 14.2 59.1 75.5 51.1 48.8 19.0 84.9 33.5 29.2 45.5 89.9 58.2 77.8 61.2 34.4 28.9 51.5 75.5 71.1 71.1 13.0 65.5 68.0 29.5 38.6 33.5 16.1 74.7 48.1 10.3 16.1 71.2 92.3 60.4 74.1 63.1 18.4 53.9 50.0 62.6 92.7 44.3 69.3 32.0 24.4 98.3 77.1 44.9 85.2 71.2 82.0 24.4 73.9 16.8 
68.7 27.2 58.2 52.8 81.2 21.9 33.1 84.4 25.5 79.1 72.1 56.9 23.7 49.5 79.3 0.0 81.9 48.5 53.8 46.1 33.2 86.3 35.0 46.2 57.6 33.8 14.3 29.7 17.0 19.0 50.4 74.7 41.0 53.8 74.1 11.0 91.4 65.1 42.0 68.2 72.0 63.8 82.0 9.0 34.2 79.2 94.0 31.3 15.8 57.4 84.2 47.1 77.8 36.4 56.2 26.7 23.1 68.2 13.6 47.5 82.5 27.1 45.0 57.4 35.0 42.5 14.8 54.9 35.2 70.0 
99.6 55.0 74.3 55.9 2.0 99.3 77.0 7.8 62.8 47.4 30.1 88.1 86.8 39.0 14.2 81.9 0.0 69.6 86.3 46.2 49.2 32.6 81.5 39.2 25.6 49.0 93.9 65.2 77.4 63.1 43.4 17.1 48.1 86.3 60.3 72.5 22.1 77.9 77.5 42.7 52.2 46.1 30.2 78.7 54.3 4.5 25.0 79.0 93.3 72.1 62.1 73.3 6.3 62.0 42.5 69.4 92.0 57.5 73.8 35.2 38.6 97.6 71.6 56.6 93.0 66.0 82.1 29.2 70.2 29.7 
31.6 44.3 10.2 77.9 70.1 69.9 17.5 76.0 56.0 39.8 79.1 18.8 32.4 32.2 59.1 48.5 69.6 0.0 16.8 64.2 46.3 54.8 77.3 34.7 57.1 35.8 49.7 20.2 60.2 43.4 26.6 73.3 59.6 16.8 97.3 49.2 66.4 17.3 10.8 33.0 30.5 27.7 52.0 39.6 25.2 65.3 67.7 20.2 64.1 9.0 105.4 4.1 69.3 15.2 72.2 22.0 71.2 24.2 35.1 41.6 47.8 75.5 80.4 15.8 30.8 75.2 61.0 43.0 71.5 43.0 
16.4 57.0 14.9 91.5 86.8 73.0 21.2 92.7 67.2 52.9 95.2 3.2 32.1 48.8 75.5 53.8 86.3 16.8 0.0 78.5 60.1 69.6 86.4 51.0 73.4 50.2 50.2 31.4 68.3 54.2 43.3 90.0 73.6 0.0 111.7 57.6 82.0 17.7 13.0 48.1 43.4 43.0 67.2 44.9 39.7 82.0 83.2 22.6 68.1 16.5 120.3 13.4 86.0 29.1 87.1 30.9 76.8 36.4 42.1 57.8 62.0 80.3 91.8 31.0 24.7 87.1 67.9 59.6 82.3 59.1 
94.8 22.8 73.5 14.6 44.7 57.6 60.0 45.3 21.1 70.1 26.7 81.3 61.8 38.3 51.1 46.1 46.2 64.2 78.5 0.0 18.4 66.5 35.4 33.5 21.9 28.4 60.3 47.5 35.2 29.4 44.3 33.0 5.4 78.5 33.2 35.1 64.0 79.9 65.8 59.4 68.2 58.2 62.2 47.5 39.1 45.5 67.1 60.5 52.4 71.6 42.0 65.9 40.4 49.6 10.2 49.4 48.3 69.0 44.9 27.5 67.3 53.7 26.0 60.9 72.0 20.1 40.3 33.0 24.0 52.2 
76.5 6.1 55.9 31.6 48.3 50.2 41.6 51.3 15.7 58.9 40.4 63.0 44.6 25.3 48.8 33.2 49.2 46.3 60.1 18.4 0.0 59.9 38.6 20.4 24.4 10.8 46.4 29.1 29.0 14.3 30.0 41.6 13.5 60.1 51.6 23.3 61.6 62.6 47.4 47.5 55.0 45.0 55.5 32.0 21.1 46.9 64.5 42.2 44.1 54.1 60.4 47.8 44.8 31.4 27.8 31.1 43.9 54.3 28.3 17.5 58.5 49.5 36.2 45.1 54.2 30.4 33.3 25.2 29.2 43.9 
79.1 63.8 55.1 79.6 34.4 107.2 68.4 40.3 75.6 18.7 60.2 70.3 82.0 36.9 19.0 86.3 32.6 54.8 69.6 66.5 59.9 0.0 98.1 40.8 45.3 53.6 94.6 60.5 88.2 70.0 36.2 47.8 65.8 69.6 89.5 79.8 14.8 56.1 65.1 21.8 27.1 27.2 4.5 80.1 52.4 29.2 14.6 71.1 100.8 53.2 93.0 58.9 37.3 54.7 67.1 64.9 102.9 34.0 74.4 42.5 8.2 108.5 92.2 39.1 84.3 86.1 91.8 34.9 87.7 16.4 
102.2 36.3 87.5 31.0 80.0 31.0 65.2 80.7 23.3 97.3 59.7 89.5 58.5 63.8 84.9 35.0 81.5 77.3 86.4 35.4 38.6 98.1 0.0 58.9 56.4 47.5 46.8 57.1 18.4 34.1 67.9 68.1 33.6 86.4 48.0 28.8 97.9 94.5 73.7 85.9 92.8 83.0 93.6 42.5 55.0 80.4 101.0 64.1 29.1 86.1 58.0 77.1 75.7 62.5 41.9 56.0 19.6 91.1 44.4 55.7 97.1 23.0 15.0 81.0 69.9 17.5 20.5 63.2 11.3 82.3 
66.3 23.3 42.4 48.1 39.1 66.5 38.2 44.0 35.7 38.5 44.4 53.3 47.7 5.0 33.5 46.2 39.2 34.7 51.0 33.5 20.4 40.8 58.9 0.0 22.5 12.8 56.4 26.0 47.5 29.2 10.8 39.2 30.4 51.0 65.0 39.1 45.2 48.2 40.2 27.2 35.1 25.1 36.4 41.2 15.1 35.5 47.8 40.0 60.1 40.3 72.2 37.6 37.1 23.5 39.4 30.1 62.1 35.4 35.8 7.1 38.5 67.7 56.0 27.8 54.0 50.0 51.0 10.0 49.5 24.4 
88.8 30.4 64.7 34.4 24.4 73.9 59.2 26.9 37.2 51.7 22.0 75.8 66.1 25.5 29.2 57.6 25.6 57.1 73.4 21.9 24.4 45.3 56.4 22.5 0.0 27.1 70.4 46.3 51.9 38.6 31.8 18.0 22.8 73.4 46.2 47.5 42.0 70.0 62.2 42.2 51.9 42.5 41.1 55.6 35.4 24.1 45.2 60.6 68.0 62.5 51.9 60.0 20.6 45.3 22.0 49.8 66.4 54.4 51.2 15.7 47.1 72.0 47.9 48.8 74.1 42.0 56.6 15.8 45.2 32.4 
66.5 11.2 45.3 42.2 48.5 53.8 33.1 52.6 24.2 50.0 46.8 53.0 39.1 17.0 45.5 33.8 49.0 35.8 50.2 28.4 10.8 53.6 47.5 12.8 27.1 0.0 44.9 20.1 34.9 16.4 20.4 45.1 23.9 50.2 61.6 26.2 57.6 51.9 37.8 38.6 45.3 35.5 49.2 29.7 10.6 45.9 60.3 34.2 47.4 43.4 70.0 37.5 45.7 21.2 36.9 23.1 49.4 44.0 24.7 13.9 51.0 54.9 46.7 34.5 47.3 41.0 38.3 21.1 39.0 37.2 
63.2 40.3 58.2 67.1 93.3 23.5 32.3 97.0 39.8 85.0 86.0 53.2 18.2 58.8 89.9 14.3 93.9 49.7 50.2 60.3 46.4 94.6 46.8 56.4 70.4 44.9 0.0 34.7 30.0 32.1 58.4 88.0 55.1 50.2 88.3 25.3 101.4 64.6 40.8 75.0 77.0 70.0 90.6 15.2 42.4 90.8 103.8 29.7 20.1 57.9 98.4 47.2 90.2 41.1 70.5 30.5 30.5 72.1 20.6 58.9 89.9 32.3 58.3 61.6 27.3 56.4 26.4 65.8 48.8 78.8 
47.8 25.6 30.4 60.2 65.1 51.6 13.0 70.0 36.2 50.4 66.9 34.4 22.1 26.7 58.2 29.7 65.2 20.2 31.4 47.5 29.1 60.5 57.1 26.0 46.3 20.1 34.7 0.0 40.0 23.4 24.6 64.1 42.4 31.4 80.7 29.0 68.5 37.5 18.4 40.3 42.7 35.4 56.6 21.5 11.0 61.4 70.7 14.3 45.5 29.2 89.5 20.2 63.0 6.7 56.6 4.5 51.6 38.5 16.2 31.3 55.3 56.3 60.8 27.7 28.1 55.9 41.1 36.1 51.6 45.2 
83.9 24.4 70.3 38.3 76.3 22.5 47.1 78.4 14.8 84.5 61.8 71.5 40.2 51.9 77.8 17.0 77.4 60.2 68.3 35.2 29.0 88.2 18.4 47.5 51.9 34.9 30.0 40.0 0.0 19.0 54.8 67.1 31.0 68.3 58.9 11.0 90.6 77.4 55.8 73.2 78.8 69.6 83.8 24.2 40.0 75.4 93.5 45.9 17.3 69.2 69.1 59.7 72.4 46.0 44.6 38.5 14.9 76.3 26.2 46.2 85.9 20.5 28.3 65.8 51.6 26.6 5.1 54.0 18.8 71.9 
70.5 8.2 53.6 39.4 62.2 37.5 33.6 65.5 13.0 65.6 54.1 57.3 32.6 33.3 61.2 19.0 63.1 43.4 54.2 29.4 14.3 70.0 34.1 29.2 38.6 16.4 32.1 23.4 19.0 0.0 35.8 55.9 24.0 54.2 60.7 9.9 73.7 60.6 41.2 54.2 59.9 50.6 65.6 18.2 21.2 60.4 76.4 33.3 31.1 52.2 70.3 43.7 58.9 28.4 39.6 23.3 33.1 57.6 15.7 29.2 67.2 38.6 37.6 47.2 43.3 33.0 22.0 36.9 28.2 53.6 
57.7 31.6 33.0 58.8 43.7 71.8 34.5 49.5 44.6 29.7 53.8 45.3 46.6 6.4 34.4 50.4 43.4 26.6 43.3 44.3 30.0 36.2 67.9 10.8 31.8 20.4 58.4 24.6 54.8 35.8 0.0 47.0 41.0 43.3 75.7 45.2 44.0 38.2 34.1 18.4 25.0 15.1 32.2 43.9 16.3 39.2 46.1 36.9 65.5 30.8 82.7 30.1 42.7 19.6 50.1 29.1 68.9 24.7 38.2 17.5 32.0 74.2 66.1 17.2 50.8 60.2 57.7 16.6 59.1 20.6 
104.7 47.7 79.9 40.2 15.1 89.6 76.9 13.0 52.4 59.7 13.0 92.1 84.1 41.1 28.9 74.7 17.1 73.3 90.0 33.0 41.6 47.8 68.1 39.2 18.0 45.1 88.0 64.1 67.1 55.9 47.0 0.0 36.2 90.0 43.2 64.3 39.0 84.6 79.4 52.5 62.5 54.5 44.6 73.3 53.2 19.1 42.0 78.4 83.9 77.7 45.4 76.6 11.0 62.6 27.0 67.7 81.0 66.5 69.1 33.0 52.4 86.5 56.7 63.0 92.1 51.6 72.1 30.4 56.9 40.2 
89.9 17.5 69.1 18.4 46.7 53.5 54.8 48.0 16.5 68.0 31.3 76.5 56.5 35.4 51.5 41.0 48.1 59.6 73.6 5.4 13.5 65.8 33.6 30.4 22.8 23.9 55.1 42.4 31.0 24.0 41.0 36.2 0.0 73.6 38.2 30.0 64.5 75.7 60.8 57.0 65.5 55.4 61.4 42.2 34.4 46.9 67.6 55.2 48.1 67.2 47.2 61.2 42.5 44.8 15.5 44.2 44.8 65.7 39.6 25.0 65.9 50.2 26.5 57.2 66.6 20.4 36.1 31.4 22.5 50.8 
16.4 57.0 14.9 91.5 86.8 73.0 21.2 92.7 67.2 52.9 95.2 3.2 32.1 48.8 75.5 53.8 86.3 16.8 0.0 78.5 60.1 69.6 86.4 51.0 73.4 50.2 50.2 31.4 68.3 54.2 43.3 90.0 73.6 0.0 111.7 57.6 82.0 17.7 13.0 48.1 43.4 43.0 67.2 44.9 39.7 82.0 83.2 22.6 68.1 16.5 120.3 13.4 86.0 29.1 87.1 30.9 76.8 36.4 42.1 57.8 62.0 80.3 91.8 31.0 24.7 87.1 67.9 59.6 82.3 59.1 
128.0 55.4 106.4 21.5 58.3 78.3 93.0 55.1 49.2 97.8 30.1 114.6 93.3 69.4 71.1 74.1 60.3 97.3 111.7 33.2 51.6 89.5 48.0 65.0 46.2 61.6 88.3 80.7 58.9 60.7 75.7 43.2 38.2 111.7 0.0 63.6 82.1 112.6 99.0 88.3 97.9 88.2 85.7 77.8 72.2 62.0 85.1 93.2 75.0 104.4 10.2 99.2 54.1 82.8 25.6 82.3 67.1 99.7 76.3 58.2 92.6 71.0 33.0 92.8 104.0 32.6 63.6 61.5 40.6 78.3 
73.4 17.5 59.3 42.2 71.6 27.6 36.4 74.5 14.6 74.7 61.1 60.7 31.1 43.0 71.1 11.0 72.5 49.2 57.6 35.1 23.3 79.8 28.8 39.1 47.5 26.2 25.3 29.0 11.0 9.9 45.2 64.3 30.0 57.6 63.6 0.0 83.5 66.4 44.9 63.5 68.6 59.6 75.4 14.9 29.7 70.0 86.3 35.3 21.3 58.1 73.5 48.7 68.0 35.1 45.2 27.5 23.8 65.7 15.7 39.1 76.9 29.1 36.1 55.1 42.4 32.8 12.6 46.8 26.2 63.4 
92.7 66.5 68.1 75.6 24.1 111.1 78.2 28.9 76.8 33.2 52.0 83.0 90.6 42.5 13.0 91.4 22.1 66.4 82.0 64.0 61.6 14.8 97.9 45.2 42.0 57.6 101.4 68.5 90.6 73.7 44.0 39.0 64.5 82.0 82.1 83.5 0.0 69.7 76.1 34.0 41.0 39.0 15.3 86.3 59.1 20.1 3.2 80.7 104.8 66.0 84.2 70.5 28.0 63.6 62.4 73.0 105.5 47.7 80.8 44.6 22.8 111.1 90.0 51.0 94.4 84.1 94.8 36.8 87.0 23.8 
23.0 61.1 7.1 94.0 78.7 86.0 32.6 85.0 73.1 38.1 92.0 16.6 46.5 44.6 65.5 65.1 77.9 17.3 17.7 79.9 62.6 56.1 94.5 48.2 70.0 51.9 64.6 37.5 77.4 60.6 38.2 84.6 75.7 17.7 112.6 66.4 69.7 0.0 23.8 36.1 29.0 32.0 54.5 56.1 41.6 73.4 70.3 34.9 80.5 8.5 120.3 18.0 78.8 32.3 87.2 39.1 88.0 22.1 52.0 55.2 48.0 92.2 97.4 21.6 41.3 92.1 78.1 54.7 88.6 48.7 
29.4 44.0 17.5 78.6 77.8 62.4 9.0 83.4 54.2 50.6 83.6 16.1 22.8 38.8 68.0 42.0 77.5 10.8 13.0 65.8 47.4 65.1 73.7 40.2 62.2 37.8 40.8 18.4 55.8 41.2 34.1 79.4 60.8 13.0 99.0 44.9 76.1 23.8 0.0 43.3 41.3 37.9 62.1 33.1 27.5 73.3 77.7 11.2 57.1 17.5 107.7 7.1 76.5 17.0 74.7 17.9 65.1 35.0 29.6 46.6 58.3 69.0 78.8 26.4 20.0 74.1 55.7 49.5 69.3 52.5 
58.9 49.7 34.1 73.8 43.8 89.9 47.0 50.2 62.6 11.4 62.4 49.0 61.0 22.2 29.5 68.2 42.7 33.0 48.1 59.4 47.5 21.8 85.9 27.2 42.2 38.6 75.0 40.3 73.2 54.2 18.4 52.5 57.0 48.1 88.3 63.5 34.0 36.1 43.3 0.0 10.0 5.4 19.1 61.1 34.1 38.3 35.1 49.7 83.5 32.0 93.9 37.1 44.7 34.1 63.3 44.6 87.2 14.8 55.4 32.1 15.3 92.6 83.1 17.3 62.6 77.0 76.1 26.9 76.7 13.0 
52.0 56.4 28.6 82.8 53.4 93.9 46.8 59.8 69.5 9.5 72.4 43.7 61.5 30.1 38.6 72.0 52.2 30.5 43.4 68.2 55.0 27.1 92.8 35.1 51.9 45.3 77.0 42.7 78.8 59.9 25.0 62.5 65.5 43.4 97.9 68.6 41.0 29.0 41.3 10.0 0.0 10.0 25.7 64.1 38.9 47.8 41.4 49.6 87.7 26.9 103.8 34.5 54.5 36.1 72.7 46.6 92.4 7.1 58.7 40.8 19.0 97.5 91.0 15.6 61.3 85.1 81.3 36.4 84.1 22.7 
54.3 46.7 29.3 72.8 47.0 85.6 41.7 53.3 59.7 15.3 63.6 44.0 55.8 20.1 33.5 63.8 46.1 27.7 43.0 58.2 45.0 27.2 83.0 25.1 42.5 35.5 70.0 35.4 69.6 50.6 15.1 54.5 55.4 43.0 88.2 59.6 39.0 32.0 37.9 5.4 10.0 0.0 24.3 56.4 30.0 41.6 40.2 44.4 79.3 27.2 94.4 31.8 47.4 29.0 63.0 39.6 83.4 12.0 50.8 30.8 20.6 88.6 81.0 12.0 57.3 75.1 72.2 26.8 74.2 16.8 
77.4 59.4 53.0 75.4 31.9 102.8 65.0 38.0 71.1 18.4 56.8 68.0 78.3 32.6 16.1 82.0 30.2 52.0 67.2 62.2 55.5 4.5 93.6 36.4 41.1 49.2 90.6 56.6 83.8 65.6 32.2 44.6 61.4 67.2 85.7 75.4 15.3 54.5 62.1 19.1 25.7 24.3 0.0 75.9 48.3 26.4 16.0 67.6 96.4 51.0 89.5 56.1 34.4 51.0 63.0 61.1 98.5 32.4 70.3 38.0 8.5 104.0 87.8 36.3 81.0 81.7 87.4 30.5 83.2 12.0 
60.1 26.0 49.3 56.4 78.2 30.4 24.1 82.0 28.7 71.6 72.2 48.1 16.3 43.8 74.7 9.0 78.7 39.6 44.9 47.5 32.0 80.1 42.5 41.2 55.6 29.7 15.2 21.5 24.2 18.2 43.9 73.3 42.2 44.9 77.8 14.9 86.3 56.1 33.1 61.1 64.1 56.4 75.9 0.0 27.7 75.6 88.8 22.4 24.5 48.5 87.7 38.1 75.2 28.2 57.7 18.0 32.1 59.9 5.7 43.7 75.7 36.1 50.9 49.2 27.7 47.6 23.1 50.6 41.0 64.0 
55.9 19.6 34.9 52.7 54.1 55.8 23.8 59.0 32.2 45.2 56.4 42.4 32.6 16.6 48.1 34.2 54.3 25.2 39.7 39.1 21.1 52.4 55.0 15.1 35.4 10.6 42.4 11.0 40.0 21.2 16.3 53.2 34.4 39.7 72.2 29.7 59.1 41.6 27.5 34.1 38.9 30.0 48.3 27.7 0.0 50.6 61.4 25.3 49.4 33.1 80.6 26.9 52.0 10.6 47.4 15.0 53.5 36.3 22.0 20.2 48.3 58.7 56.0 26.0 39.1 50.6 42.4 25.2 47.7 36.4 
95.2 52.5 69.9 56.1 5.7 97.1 73.0 12.0 61.0 43.2 32.0 83.7 83.2 35.0 10.3 79.2 4.5 65.3 82.0 45.5 46.9 29.2 80.4 35.5 24.1 45.9 90.8 61.4 75.4 60.4 39.2 19.1 46.9 82.0 62.0 70.0 20.1 73.4 73.3 38.3 47.8 41.6 26.4 75.6 50.6 0.0 23.2 75.1 91.0 67.7 64.5 69.1 8.2 58.0 42.7 65.6 90.1 53.0 70.5 32.0 34.7 95.8 71.2 52.2 89.1 65.5 80.0 25.5 69.2 25.2 
93.3 69.3 69.0 78.7 27.0 113.9 80.0 31.6 79.8 33.2 55.0 84.0 92.7 44.9 16.1 94.0 25.0 67.7 83.2 67.1 64.5 14.6 101.0 47.8 45.2 60.3 103.8 70.7 93.5 76.4 46.1 42.0 67.6 83.2 85.1 86.3 3.2 70.3 77.7 35.1 41.4 40.2 16.0 88.8 61.4 23.2 0.0 82.5 107.6 67.0 87.1 71.8 31.0 65.6 65.5 75.2 108.4 48.3 83.2 47.4 22.8 114.0 93.1 52.2 96.2 87.2 97.6 39.6 90.0 25.6 
38.1 37.8 28.5 72.2 79.0 51.2 2.8 84.1 46.2 58.4 81.0 25.7 12.2 40.1 71.2 31.3 79.0 20.2 22.6 60.5 42.2 71.1 64.1 40.0 60.6 34.2 29.7 14.3 45.9 33.3 36.9 78.4 55.2 22.6 93.2 35.3 80.7 34.9 11.2 49.7 49.6 44.4 67.6 22.4 25.3 75.1 82.5 0.0 46.0 28.2 102.4 17.5 77.1 17.3 70.0 11.2 54.3 43.9 19.7 45.5 65.0 58.0 70.5 34.1 14.0 66.2 45.4 50.0 60.7 56.9 
82.2 38.6 73.7 55.0 92.3 6.4 48.1 94.8 31.6 94.5 79.1 71.2 36.5 63.9 92.3 15.8 93.3 64.1 68.1 52.4 44.1 100.8 29.1 60.1 68.0 47.4 20.1 45.5 17.3 31.1 65.5 83.9 48.1 68.1 75.0 21.3 104.8 80.5 57.1 83.5 87.7 79.3 96.4 24.5 49.4 91.0 107.6 46.0 0.0 73.0 85.2 62.5 88.6 52.2 61.8 42.4 10.6 83.9 29.4 60.3 97.4 12.4 42.7 73.2 46.8 42.4 12.2 68.0 34.4 84.4 
27.5 52.6 2.2 85.6 72.8 78.6 25.6 78.9 64.6 36.4 84.5 17.0 40.2 37.0 60.4 57.4 72.1 9.0 16.5 71.6 54.1 53.2 86.1 40.3 62.5 43.4 57.9 29.2 69.2 52.2 30.8 77.7 67.2 16.5 104.4 58.1 66.0 8.5 17.5 32.0 26.9 27.2 51.0 48.5 33.1 67.7 67.0 28.2 73.0 0.0 112.2 10.8 72.5 23.8 79.0 31.0 80.2 19.9 44.1 47.4 45.5 84.5 88.9 15.5 36.8 83.6 70.0 47.4 80.1 43.7 
136.5 64.6 114.2 31.4 60.1 88.5 102.0 56.0 59.1 102.9 32.8 123.1 103.0 76.3 74.1 84.2 62.1 105.4 120.3 42.0 60.4 93.0 58.0 72.2 51.9 70.0 98.4 89.5 69.1 70.3 82.7 45.4 47.2 120.3 10.2 73.5 84.2 120.3 107.7 93.9 103.8 94.4 89.5 87.7 80.6 64.5 87.1 102.4 85.2 112.2 0.0 107.5 56.3 91.2 33.2 91.4 77.2 106.2 86.0 65.2 96.8 81.0 43.0 99.9 113.5 42.8 73.8 67.6 50.8 83.2 
29.1 45.3 11.2 79.4 73.8 68.1 14.9 79.6 56.5 43.8 81.8 15.8 29.5 35.5 63.1 47.1 73.3 4.1 13.4 65.9 47.8 58.9 77.1 37.6 60.0 37.5 47.2 20.2 59.7 43.7 30.1 76.6 61.2 13.4 99.2 48.7 70.5 18.0 7.1 37.1 34.5 31.8 56.1 38.1 26.9 69.1 71.8 17.5 62.5 10.8 107.5 0.0 72.8 16.4 74.2 21.2 70.0 28.0 34.0 44.4 51.9 74.2 81.0 19.9 27.0 76.0 60.1 46.2 71.9 47.0 
99.9 50.7 74.7 49.6 4.5 94.5 75.2 7.0 57.7 50.6 24.0 87.9 84.2 37.7 18.4 77.8 6.3 69.3 86.0 40.4 44.8 37.3 75.7 37.1 20.6 45.7 90.2 63.0 72.4 58.9 42.7 11.0 42.5 86.0 54.1 68.0 28.0 78.8 76.5 44.7 54.5 47.4 34.4 75.2 52.0 8.2 31.0 77.1 88.6 72.5 56.3 72.8 0.0 60.4 36.2 67.0 86.8 59.2 70.4 32.1 42.5 92.4 65.5 57.2 91.0 60.0 77.2 27.2 64.4 31.8 
45.3 29.1 25.3 63.0 62.1 58.3 15.0 67.4 40.8 43.9 66.6 31.8 27.3 23.0 53.9 36.4 62.0 15.2 29.1 49.6 31.4 54.7 62.5 23.5 45.3 21.2 41.1 6.7 46.0 28.4 19.6 62.6 44.8 29.1 82.8 35.1 63.6 32.3 17.0 34.1 36.1 29.0 51.0 28.2 10.6 58.0 65.6 17.3 52.2 23.8 91.2 16.4 60.4 0.0 58.1 10.6 58.1 31.8 22.8 29.7 49.2 62.8 65.2 21.0 31.3 60.0 47.4 33.2 56.3 39.9 
103.3 32.7 81.1 13.4 40.7 66.7 69.3 40.0 31.0 73.3 17.9 89.9 71.9 43.8 50.0 56.2 42.5 72.2 87.1 10.2 27.8 67.1 41.9 39.4 22.0 36.9 70.5 56.6 44.6 39.6 50.1 27.0 15.5 87.1 25.6 45.2 62.4 87.2 74.7 63.3 72.7 63.0 63.0 57.7 47.4 42.7 65.5 70.0 61.8 79.0 33.2 74.2 36.2 58.1 0.0 58.8 56.9 74.3 55.0 32.6 69.1 62.0 29.7 67.2 81.9 24.8 49.6 36.4 30.9 54.3 
47.2 26.9 32.0 61.5 69.2 48.4 10.6 74.0 36.4 54.6 69.9 34.0 17.7 31.0 62.6 26.7 69.4 22.0 30.9 49.4 31.1 64.9 56.0 30.1 49.8 23.1 30.5 4.5 38.5 23.3 29.1 67.7 44.2 30.9 82.3 27.5 73.0 39.1 17.9 44.6 46.6 39.6 61.1 18.0 15.0 65.6 75.2 11.2 42.4 31.0 91.4 21.2 67.0 10.6 58.8 0.0 49.2 42.1 13.2 35.1 59.7 53.6 60.9 31.4 24.3 56.3 39.0 40.2 51.4 49.6 
91.4 39.2 81.1 48.4 90.8 11.4 56.1 92.6 29.2 98.5 74.7 79.9 45.9 66.4 92.7 23.1 92.0 71.2 76.8 48.3 43.9 102.9 19.6 62.1 66.4 49.4 30.5 51.6 14.9 33.1 68.9 81.0 44.8 76.8 67.1 23.8 105.5 88.0 65.1 87.2 92.4 83.4 98.5 32.1 53.5 90.1 108.4 54.3 10.6 80.2 77.2 70.0 86.8 58.1 56.9 49.2 0.0 89.3 36.1 61.1 100.3 5.7 34.2 78.6 56.6 35.1 11.2 68.9 27.2 86.5 
45.1 55.0 21.6 83.5 58.5 90.1 41.0 64.9 68.0 16.5 75.6 36.7 56.0 30.7 44.3 68.2 57.5 24.2 36.4 69.0 54.3 34.0 91.1 35.4 54.4 44.0 72.1 38.5 76.3 57.6 24.7 66.5 65.7 36.4 99.7 65.7 47.7 22.1 35.0 14.8 7.1 12.0 32.4 59.9 36.3 53.0 48.3 43.9 83.9 19.9 106.2 28.0 59.2 31.8 74.3 42.1 89.3 0.0 54.6 41.8 26.0 94.3 90.6 10.8 55.0 84.7 78.3 38.6 83.1 27.8 
57.8 22.6 45.0 54.9 73.2 35.5 20.9 77.3 27.7 66.0 68.7 45.2 17.0 38.3 69.3 13.6 73.8 35.1 42.1 44.9 28.3 74.4 44.4 35.8 51.2 24.7 20.6 16.2 26.2 15.7 38.2 69.1 39.6 42.1 76.3 15.7 80.8 52.0 29.6 55.4 58.7 50.8 70.3 5.7 22.0 70.5 83.2 19.7 29.4 44.1 86.0 34.0 70.4 22.8 55.0 13.2 36.1 54.6 0.0 38.6 70.0 40.4 51.2 43.9 27.8 47.4 26.2 45.3 41.4 58.4 
73.2 21.9 49.5 42.0 34.7 66.6 43.9 39.1 33.1 43.0 37.4 60.2 52.1 11.2 32.0 47.5 35.2 41.6 57.8 27.5 17.5 42.5 55.7 7.1 15.7 13.9 58.9 31.3 46.2 29.2 17.5 33.0 25.0 57.8 58.2 39.1 44.6 55.2 46.6 32.1 40.8 30.8 38.0 43.7 20.2 32.0 47.4 45.5 60.3 47.4 65.2 44.4 32.1 29.7 32.6 35.1 61.1 41.8 38.6 0.0 41.5 66.7 51.2 34.7 59.3 45.2 50.2 7.8 45.6 26.6 
71.0 61.7 47.4 81.0 40.2 103.8 62.3 46.4 74.1 10.4 64.2 62.5 76.3 34.0 24.4 82.5 38.6 47.8 62.0 67.3 58.5 8.2 97.1 38.5 47.1 51.0 89.9 55.3 85.9 67.2 32.0 52.4 65.9 62.0 92.6 76.9 22.8 48.0 58.3 15.3 19.0 20.6 8.5 75.7 48.3 34.7 22.8 65.0 97.4 45.5 96.8 51.9 42.5 49.2 69.1 59.7 100.3 26.0 70.0 41.5 0.0 105.8 92.4 32.0 77.8 86.3 89.2 34.5 87.1 15.1 
94.5 44.8 85.3 53.0 96.4 9.9 60.0 98.2 34.8 103.8 79.8 83.4 48.8 71.9 98.3 27.1 97.6 75.5 80.3 53.7 49.5 108.5 23.0 67.7 72.0 54.9 32.3 56.3 20.5 38.6 74.2 86.5 50.2 80.3 71.0 29.1 111.1 92.2 69.0 92.6 97.5 88.6 104.0 36.1 58.7 95.8 114.0 58.0 12.4 84.5 81.0 74.2 92.4 62.8 62.0 53.6 5.7 94.3 40.4 66.7 105.8 0.0 38.0 83.5 59.2 39.5 16.6 74.5 31.8 92.1 
108.0 36.4 90.5 17.2 69.9 45.5 71.0 69.7 24.6 94.2 46.9 94.9 67.2 61.0 77.1 45.0 71.6 80.4 91.8 26.0 36.2 92.2 15.0 56.0 47.9 46.7 58.3 60.8 28.3 37.6 66.1 56.7 26.5 91.8 33.0 36.1 90.0 97.4 78.8 83.1 91.0 81.0 87.8 50.9 56.0 71.2 93.1 70.5 42.7 88.9 43.0 81.0 65.5 65.2 29.7 60.9 34.2 90.6 51.2 51.2 92.4 38.0 0.0 81.2 78.5 6.1 32.2 57.9 9.9 77.3 
43.0 45.2 17.7 75.4 57.4 79.3 31.2 63.6 58.1 24.4 70.7 32.1 46.0 23.6 44.9 57.4 56.6 15.8 31.0 60.9 45.1 39.1 81.0 27.8 48.8 34.5 61.6 27.7 65.8 47.2 17.2 63.0 57.2 31.0 92.8 55.1 51.0 21.6 26.4 17.3 15.6 12.0 36.3 49.2 26.0 52.2 52.2 34.1 73.2 15.5 99.9 19.9 57.2 21.0 67.2 31.4 78.6 10.8 43.9 34.7 32.0 83.5 81.2 0.0 46.1 75.5 67.7 33.2 73.3 28.3 
36.0 49.2 36.2 82.7 93.0 50.8 16.3 98.0 55.4 70.5 94.0 27.2 11.4 54.1 85.2 35.0 93.0 30.8 24.7 72.0 54.2 84.3 69.9 54.0 74.1 47.3 27.3 28.1 51.6 43.3 50.8 92.1 66.6 24.7 104.0 42.4 94.4 41.3 20.0 62.6 61.3 57.3 81.0 27.7 39.1 89.1 96.2 14.0 46.8 36.8 113.5 27.0 91.0 31.3 81.9 24.3 56.6 55.0 27.8 59.3 77.8 59.2 78.5 46.1 0.0 75.0 49.7 64.0 68.6 70.6 
103.5 31.0 85.2 13.6 64.4 46.0 66.6 64.4 20.0 88.1 42.4 90.2 63.8 55.0 71.2 42.5 66.0 75.2 87.1 20.1 30.4 86.1 17.5 50.0 42.0 41.0 56.4 55.9 26.6 33.0 60.2 51.6 20.4 87.1 32.6 32.8 84.1 92.1 74.1 77.0 85.1 75.1 81.7 47.6 50.6 65.5 87.2 66.2 42.4 83.6 42.8 76.0 60.0 60.0 24.8 56.3 35.1 84.7 47.4 45.2 86.3 39.5 6.1 75.5 75.0 0.0 31.0 51.8 8.1 71.2 
83.2 28.3 71.0 43.2 81.0 17.5 46.9 83.2 19.7 87.3 66.9 71.1 38.5 55.2 82.0 14.8 82.1 61.0 67.9 40.3 33.3 91.8 20.5 51.0 56.6 38.3 26.4 41.1 5.1 22.0 57.7 72.1 36.1 67.9 63.6 12.6 94.8 78.1 55.7 76.1 81.3 72.2 87.4 23.1 42.4 80.0 97.6 45.4 12.2 70.0 73.8 60.1 77.2 47.4 49.6 39.0 11.2 78.3 26.2 50.2 89.2 16.6 32.2 67.7 49.7 31.0 0.0 58.1 23.1 75.5 
74.3 29.7 49.6 47.2 29.0 74.3 48.1 34.1 40.8 37.2 37.5 61.7 57.7 10.8 24.4 54.9 29.2 43.0 59.6 33.0 25.2 34.9 63.2 10.0 15.8 21.1 65.8 36.1 54.0 36.9 16.6 30.4 31.4 59.6 61.5 46.8 36.8 54.7 49.5 26.9 36.4 26.8 30.5 50.6 25.2 25.5 39.6 50.0 68.0 47.4 67.6 46.2 27.2 33.2 36.4 40.2 68.9 38.6 45.3 7.8 34.5 74.5 57.9 33.2 64.0 51.8 58.1 0.0 52.8 19.4 
98.5 28.2 81.6 21.2 68.7 38.0 61.4 69.4 15.5 88.0 48.8 85.4 57.3 54.5 73.9 35.2 70.2 71.5 82.3 24.0 29.2 87.7 11.3 49.5 45.2 39.0 48.8 51.6 18.8 28.2 59.1 56.9 22.5 82.3 40.6 26.2 87.0 88.6 69.3 76.7 84.1 74.2 83.2 41.0 47.7 69.2 90.0 60.7 34.4 80.1 50.8 71.9 64.4 56.3 30.9 51.4 27.2 83.1 41.4 45.6 87.1 31.8 9.9 73.3 68.6 8.1 23.1 52.8 0.0 72.1 
71.1 47.5 45.9 66.0 30.8 90.8 54.4 37.2 59.5 19.7 51.0 60.4 67.1 20.5 16.8 70.0 29.7 43.0 59.1 52.2 43.9 16.4 82.3 24.4 32.4 37.2 78.8 45.2 71.9 53.6 20.6 40.2 50.8 59.1 78.3 63.4 23.8 48.7 52.5 13.0 22.7 16.8 12.0 64.0 36.4 25.2 25.6 56.9 84.4 43.7 83.2 47.0 31.8 39.9 54.3 49.6 86.5 27.8 58.4 26.6 15.1 92.1 77.3 28.3 70.6 71.2 75.5 19.4 72.1 0.0 

Routes: 
Route: 0 1 3 34 65 32 19 50 62 7 54 8 20 31 10 27 0 | Demand: 100.0| Cost: 598.7
Route: 0 2 4 16 45 49 63 14 52 12 0 | Demand: 100.0| Cost: 383.2
Route: 0 5 61 56 66 48 22 35 11 0 | Demand: 100.0| Cost: 257.7
Route: 0 6 68 29 58 28 55 43 0 | Demand: 98.0| Cost: 285.2
Route: 0 9 60 21 46 36 42 39 69 30 0 | Demand: 100.0| Cost: 223.1
Route: 0 13 67 24 59 23 41 0 | Demand: 97.0| Cost: 192.4
Route: 0 15 26 25 53 44 47 38 0 | Demand: 95.0| Cost: 225.6
Route: 0 17 51 40 57 37 0 | Demand: 92.0| Cost: 122.4
Route: 0 18 33 64 0 | Demand: 63.0| Cost: 77.1

Total cost: 2365.4
Execution time: 0.02

-----------------------------------------

ClarkeWright Parallel: 
 
Distance Matrix: 
0.0 73.4 25.3 107.9 100.3 86.6 37.1 106.4 83.5 61.0 110.7 13.5 45.7 63.6 87.8 68.7 99.6 31.6 16.4 94.8 76.5 79.1 102.2 66.3 88.8 66.5 63.2 47.8 83.9 70.5 57.7 104.7 89.9 16.4 128.0 73.4 92.7 23.0 29.4 58.9 52.0 54.3 77.4 60.1 55.9 95.2 93.3 38.1 82.2 27.5 136.5 29.1 99.9 45.3 103.3 47.2 91.4 45.1 57.8 73.2 71.0 94.5 108.0 43.0 36.0 103.5 83.2 74.3 98.5 71.1 
73.4 0.0 54.2 34.7 54.1 44.8 37.5 57.2 13.0 61.1 46.3 60.0 39.2 27.9 53.8 27.2 55.0 44.3 57.0 22.8 6.1 63.8 36.3 23.3 30.4 11.2 40.3 25.6 24.4 8.2 31.6 47.7 17.5 57.0 55.4 17.5 66.5 61.1 44.0 49.7 56.4 46.7 59.4 26.0 19.6 52.5 69.3 37.8 38.6 52.6 64.6 45.3 50.7 29.1 32.7 26.9 39.2 55.0 22.6 21.9 61.7 44.8 36.4 45.2 49.2 31.0 28.3 29.7 28.2 47.5 
25.3 54.2 0.0 87.5 75.0 79.2 26.0 81.2 66.1 38.1 86.7 15.1 40.3 39.2 62.6 58.2 74.3 10.2 14.9 73.5 55.9 55.1 87.5 42.4 64.7 45.3 58.2 30.4 70.3 53.6 33.0 79.9 69.1 14.9 106.4 59.3 68.1 7.1 17.5 34.1 28.6 29.3 53.0 49.3 34.9 69.9 69.0 28.5 73.7 2.2 114.2 11.2 74.7 25.3 81.1 32.0 81.1 21.6 45.0 49.5 47.4 85.3 90.5 17.7 36.2 85.2 71.0 49.6 81.6 45.9 
107.9 34.7 87.5 0.0 54.1 59.1 72.1 53.3 27.7 84.4 29.7 94.5 71.9 52.9 63.1 52.8 55.9 77.9 91.5 14.6 31.6 79.6 31.0 48.1 34.4 42.2 67.1 60.2 38.3 39.4 58.8 40.2 18.4 91.5 21.5 42.2 75.6 94.0 78.6 73.8 82.8 72.8 75.4 56.4 52.7 56.1 78.7 72.2 55.0 85.6 31.4 79.4 49.6 63.0 13.4 61.5 48.4 83.5 54.9 42.0 81.0 53.0 17.2 75.4 82.7 13.6 43.2 47.2 21.2 66.0 
100.3 54.1 75.0 54.1 0.0 98.3 77.0 6.4 61.6 48.8 28.2 88.6 86.6 39.1 15.8 81.2 2.0 70.1 86.8 44.7 48.3 34.4 80.0 39.1 24.4 48.5 93.3 65.1 76.3 62.2 43.7 15.1 46.7 86.8 58.3 71.6 24.1 78.7 77.8 43.8 53.4 47.0 31.9 78.2 54.1 5.7 27.0 79.0 92.3 72.8 60.1 73.8 4.5 62.1 40.7 69.2 90.8 58.5 73.2 34.7 40.2 96.4 69.9 57.4 93.0 64.4 81.0 29.0 68.7 30.8 
86.6 44.8 79.2 59.1 98.3 0.0 53.5 100.6 37.2 100.8 84.2 76.0 41.0 70.3 98.6 21.9 99.3 69.9 73.0 57.6 50.2 107.2 31.0 66.5 73.9 53.8 23.5 51.6 22.5 37.5 71.8 89.6 53.5 73.0 78.3 27.6 111.1 86.0 62.4 89.9 93.9 85.6 102.8 30.4 55.8 97.1 113.9 51.2 6.4 78.6 88.5 68.1 94.5 58.3 66.7 48.4 11.4 90.1 35.5 66.6 103.8 9.9 45.5 79.3 50.8 46.0 17.5 74.3 38.0 90.8 
37.1 37.5 26.0 72.1 77.0 53.5 0.0 82.2 46.6 55.6 79.8 24.4 15.0 38.0 68.9 33.1 77.0 17.5 21.2 60.0 41.6 68.4 65.2 38.2 59.2 33.1 32.3 13.0 47.1 33.6 34.5 76.9 54.8 21.2 93.0 36.4 78.2 32.6 9.0 47.0 46.8 41.7 65.0 24.1 23.8 73.0 80.0 2.8 48.1 25.6 102.0 14.9 75.2 15.0 69.3 10.6 56.1 41.0 20.9 43.9 62.3 60.0 71.0 31.2 16.3 66.6 46.9 48.1 61.4 54.4 
106.4 57.2 81.2 53.3 6.4 100.6 82.2 0.0 63.6 55.2 25.3 94.6 91.2 44.6 22.0 84.4 7.8 76.0 92.7 45.3 51.3 40.3 80.7 44.0 26.9 52.6 97.0 70.0 78.4 65.5 49.5 13.0 48.0 92.7 55.1 74.5 28.9 85.0 83.4 50.2 59.8 53.3 38.0 82.0 59.0 12.0 31.6 84.1 94.8 78.9 56.0 79.6 7.0 67.4 40.0 74.0 92.6 64.9 77.3 39.1 46.4 98.2 69.7 63.6 98.0 64.4 83.2 34.1 69.4 37.2 
83.5 13.0 66.1 27.7 61.6 37.2 46.6 63.6 0.0 74.0 47.7 70.3 44.4 40.5 63.9 25.5 62.8 56.0 67.2 21.1 15.7 75.6 23.3 35.7 37.2 24.2 39.8 36.2 14.8 13.0 44.6 52.4 16.5 67.2 49.2 14.6 76.8 73.1 54.2 62.6 69.5 59.7 71.1 28.7 32.2 61.0 79.8 46.2 31.6 64.6 59.1 56.5 57.7 40.8 31.0 36.4 29.2 68.0 27.7 33.1 74.1 34.8 24.6 58.1 55.4 20.0 19.7 40.8 15.5 59.5 
61.0 61.1 38.1 84.4 48.8 100.8 55.6 55.2 74.0 0.0 70.7 53.2 70.2 33.5 33.2 79.1 47.4 39.8 52.9 70.1 58.9 18.7 97.3 38.5 51.7 50.0 85.0 50.4 84.5 65.6 29.7 59.7 68.0 52.9 97.8 74.7 33.2 38.1 50.6 11.4 9.5 15.3 18.4 71.6 45.2 43.2 33.2 58.4 94.5 36.4 102.9 43.8 50.6 43.9 73.3 54.6 98.5 16.5 66.0 43.0 10.4 103.8 94.2 24.4 70.5 88.1 87.3 37.2 88.0 19.7 
110.7 46.3 86.7 29.7 28.2 84.2 79.8 25.3 47.7 70.7 0.0 97.6 84.9 47.5 41.4 72.1 30.1 79.1 95.2 26.7 40.4 60.2 59.7 44.4 22.0 46.8 86.0 66.9 61.8 54.1 53.8 13.0 31.3 95.2 30.1 61.1 52.0 92.0 83.6 62.4 72.4 63.6 56.8 72.2 56.4 32.0 55.0 81.0 79.1 84.5 32.8 81.8 24.0 66.6 17.9 69.9 74.7 75.6 68.7 37.4 64.2 79.8 46.9 70.7 94.0 42.4 66.9 37.5 48.8 51.0 
13.5 60.0 15.1 94.5 88.6 76.0 24.4 94.6 70.3 53.2 97.6 0.0 35.0 51.0 76.9 56.9 88.1 18.8 3.2 81.3 63.0 70.3 89.5 53.3 75.8 53.0 53.2 34.4 71.5 57.3 45.3 92.1 76.5 3.2 114.6 60.7 83.0 16.6 16.1 49.0 43.7 44.0 68.0 48.1 42.4 83.7 84.0 25.7 71.2 17.0 123.1 15.8 87.9 31.8 89.9 34.0 79.9 36.7 45.2 60.2 62.5 83.4 94.9 32.1 27.2 90.2 71.1 61.7 85.4 60.4 
45.7 39.2 40.3 71.9 86.6 41.0 15.0 91.2 44.4 70.2 84.9 35.0 0.0 48.8 80.4 23.7 86.8 32.4 32.1 61.8 44.6 82.0 58.5 47.7 66.1 39.1 18.2 22.1 40.2 32.6 46.6 84.1 56.5 32.1 93.3 31.1 90.6 46.5 22.8 61.0 61.5 55.8 78.3 16.3 32.6 83.2 92.7 12.2 36.5 40.2 103.0 29.5 84.2 27.3 71.9 17.7 45.9 56.0 17.0 52.1 76.3 48.8 67.2 46.0 11.4 63.8 38.5 57.7 57.3 67.1 
63.6 27.9 39.2 52.9 39.1 70.3 38.0 44.6 40.5 33.5 47.5 51.0 48.8 0.0 31.6 49.5 39.0 32.2 48.8 38.3 25.3 36.9 63.8 5.0 25.5 17.0 58.8 26.7 51.9 33.3 6.4 41.1 35.4 48.8 69.4 43.0 42.5 44.6 38.8 22.2 30.1 20.1 32.6 43.8 16.6 35.0 44.9 40.1 63.9 37.0 76.3 35.5 37.7 23.0 43.8 31.0 66.4 30.7 38.3 11.2 34.0 71.9 61.0 23.6 54.1 55.0 55.2 10.8 54.5 20.5 
87.8 53.8 62.6 63.1 15.8 98.6 68.9 22.0 63.9 33.2 41.4 76.9 80.4 31.6 0.0 79.3 14.2 59.1 75.5 51.1 48.8 19.0 84.9 33.5 29.2 45.5 89.9 58.2 77.8 61.2 34.4 28.9 51.5 75.5 71.1 71.1 13.0 65.5 68.0 29.5 38.6 33.5 16.1 74.7 48.1 10.3 16.1 71.2 92.3 60.4 74.1 63.1 18.4 53.9 50.0 62.6 92.7 44.3 69.3 32.0 24.4 98.3 77.1 44.9 85.2 71.2 82.0 24.4 73.9 16.8 
68.7 27.2 58.2 52.8 81.2 21.9 33.1 84.4 25.5 79.1 72.1 56.9 23.7 49.5 79.3 0.0 81.9 48.5 53.8 46.1 33.2 86.3 35.0 46.2 57.6 33.8 14.3 29.7 17.0 19.0 50.4 74.7 41.0 53.8 74.1 11.0 91.4 65.1 42.0 68.2 72.0 63.8 82.0 9.0 34.2 79.2 94.0 31.3 15.8 57.4 84.2 47.1 77.8 36.4 56.2 26.7 23.1 68.2 13.6 47.5 82.5 27.1 45.0 57.4 35.0 42.5 14.8 54.9 35.2 70.0 
99.6 55.0 74.3 55.9 2.0 99.3 77.0 7.8 62.8 47.4 30.1 88.1 86.8 39.0 14.2 81.9 0.0 69.6 86.3 46.2 49.2 32.6 81.5 39.2 25.6 49.0 93.9 65.2 77.4 63.1 43.4 17.1 48.1 86.3 60.3 72.5 22.1 77.9 77.5 42.7 52.2 46.1 30.2 78.7 54.3 4.5 25.0 79.0 93.3 72.1 62.1 73.3 6.3 62.0 42.5 69.4 92.0 57.5 73.8 35.2 38.6 97.6 71.6 56.6 93.0 66.0 82.1 29.2 70.2 29.7 
31.6 44.3 10.2 77.9 70.1 69.9 17.5 76.0 56.0 39.8 79.1 18.8 32.4 32.2 59.1 48.5 69.6 0.0 16.8 64.2 46.3 54.8 77.3 34.7 57.1 35.8 49.7 20.2 60.2 43.4 26.6 73.3 59.6 16.8 97.3 49.2 66.4 17.3 10.8 33.0 30.5 27.7 52.0 39.6 25.2 65.3 67.7 20.2 64.1 9.0 105.4 4.1 69.3 15.2 72.2 22.0 71.2 24.2 35.1 41.6 47.8 75.5 80.4 15.8 30.8 75.2 61.0 43.0 71.5 43.0 
16.4 57.0 14.9 91.5 86.8 73.0 21.2 92.7 67.2 52.9 95.2 3.2 32.1 48.8 75.5 53.8 86.3 16.8 0.0 78.5 60.1 69.6 86.4 51.0 73.4 50.2 50.2 31.4 68.3 54.2 43.3 90.0 73.6 0.0 111.7 57.6 82.0 17.7 13.0 48.1 43.4 43.0 67.2 44.9 39.7 82.0 83.2 22.6 68.1 16.5 120.3 13.4 86.0 29.1 87.1 30.9 76.8 36.4 42.1 57.8 62.0 80.3 91.8 31.0 24.7 87.1 67.9 59.6 82.3 59.1 
94.8 22.8 73.5 14.6 44.7 57.6 60.0 45.3 21.1 70.1 26.7 81.3 61.8 38.3 51.1 46.1 46.2 64.2 78.5 0.0 18.4 66.5 35.4 33.5 21.9 28.4 60.3 47.5 35.2 29.4 44.3 33.0 5.4 78.5 33.2 35.1 64.0 79.9 65.8 59.4 68.2 58.2 62.2 47.5 39.1 45.5 67.1 60.5 52.4 71.6 42.0 65.9 40.4 49.6 10.2 49.4 48.3 69.0 44.9 27.5 67.3 53.7 26.0 60.9 72.0 20.1 40.3 33.0 24.0 52.2 
76.5 6.1 55.9 31.6 48.3 50.2 41.6 51.3 15.7 58.9 40.4 63.0 44.6 25.3 48.8 33.2 49.2 46.3 60.1 18.4 0.0 59.9 38.6 20.4 24.4 10.8 46.4 29.1 29.0 14.3 30.0 41.6 13.5 60.1 51.6 23.3 61.6 62.6 47.4 47.5 55.0 45.0 55.5 32.0 21.1 46.9 64.5 42.2 44.1 54.1 60.4 47.8 44.8 31.4 27.8 31.1 43.9 54.3 28.3 17.5 58.5 49.5 36.2 45.1 54.2 30.4 33.3 25.2 29.2 43.9 
79.1 63.8 55.1 79.6 34.4 107.2 68.4 40.3 75.6 18.7 60.2 70.3 82.0 36.9 19.0 86.3 32.6 54.8 69.6 66.5 59.9 0.0 98.1 40.8 45.3 53.6 94.6 60.5 88.2 70.0 36.2 47.8 65.8 69.6 89.5 79.8 14.8 56.1 65.1 21.8 27.1 27.2 4.5 80.1 52.4 29.2 14.6 71.1 100.8 53.2 93.0 58.9 37.3 54.7 67.1 64.9 102.9 34.0 74.4 42.5 8.2 108.5 92.2 39.1 84.3 86.1 91.8 34.9 87.7 16.4 
102.2 36.3 87.5 31.0 80.0 31.0 65.2 80.7 23.3 97.3 59.7 89.5 58.5 63.8 84.9 35.0 81.5 77.3 86.4 35.4 38.6 98.1 0.0 58.9 56.4 47.5 46.8 57.1 18.4 34.1 67.9 68.1 33.6 86.4 48.0 28.8 97.9 94.5 73.7 85.9 92.8 83.0 93.6 42.5 55.0 80.4 101.0 64.1 29.1 86.1 58.0 77.1 75.7 62.5 41.9 56.0 19.6 91.1 44.4 55.7 97.1 23.0 15.0 81.0 69.9 17.5 20.5 63.2 11.3 82.3 
66.3 23.3 42.4 48.1 39.1 66.5 38.2 44.0 35.7 38.5 44.4 53.3 47.7 5.0 33.5 46.2 39.2 34.7 51.0 33.5 20.4 40.8 58.9 0.0 22.5 12.8 56.4 26.0 47.5 29.2 10.8 39.2 30.4 51.0 65.0 39.1 45.2 48.2 40.2 27.2 35.1 25.1 36.4 41.2 15.1 35.5 47.8 40.0 60.1 40.3 72.2 37.6 37.1 23.5 39.4 30.1 62.1 35.4 35.8 7.1 38.5 67.7 56.0 27.8 54.0 50.0 51.0 10.0 49.5 24.4 
88.8 30.4 64.7 34.4 24.4 73.9 59.2 26.9 37.2 51.7 22.0 75.8 66.1 25.5 29.2 57.6 25.6 57.1 73.4 21.9 24.4 45.3 56.4 22.5 0.0 27.1 70.4 46.3 51.9 38.6 31.8 18.0 22.8 73.4 46.2 47.5 42.0 70.0 62.2 42.2 51.9 42.5 41.1 55.6 35.4 24.1 45.2 60.6 68.0 62.5 51.9 60.0 20.6 45.3 22.0 49.8 66.4 54.4 51.2 15.7 47.1 72.0 47.9 48.8 74.1 42.0 56.6 15.8 45.2 32.4 
66.5 11.2 45.3 42.2 48.5 53.8 33.1 52.6 24.2 50.0 46.8 53.0 39.1 17.0 45.5 33.8 49.0 35.8 50.2 28.4 10.8 53.6 47.5 12.8 27.1 0.0 44.9 20.1 34.9 16.4 20.4 45.1 23.9 50.2 61.6 26.2 57.6 51.9 37.8 38.6 45.3 35.5 49.2 29.7 10.6 45.9 60.3 34.2 47.4 43.4 70.0 37.5 45.7 21.2 36.9 23.1 49.4 44.0 24.7 13.9 51.0 54.9 46.7 34.5 47.3 41.0 38.3 21.1 39.0 37.2 
63.2 40.3 58.2 67.1 93.3 23.5 32.3 97.0 39.8 85.0 86.0 53.2 18.2 58.8 89.9 14.3 93.9 49.7 50.2 60.3 46.4 94.6 46.8 56.4 70.4 44.9 0.0 34.7 30.0 32.1 58.4 88.0 55.1 50.2 88.3 25.3 101.4 64.6 40.8 75.0 77.0 70.0 90.6 15.2 42.4 90.8 103.8 29.7 20.1 57.9 98.4 47.2 90.2 41.1 70.5 30.5 30.5 72.1 20.6 58.9 89.9 32.3 58.3 61.6 27.3 56.4 26.4 65.8 48.8 78.8 
47.8 25.6 30.4 60.2 65.1 51.6 13.0 70.0 36.2 50.4 66.9 34.4 22.1 26.7 58.2 29.7 65.2 20.2 31.4 47.5 29.1 60.5 57.1 26.0 46.3 20.1 34.7 0.0 40.0 23.4 24.6 64.1 42.4 31.4 80.7 29.0 68.5 37.5 18.4 40.3 42.7 35.4 56.6 21.5 11.0 61.4 70.7 14.3 45.5 29.2 89.5 20.2 63.0 6.7 56.6 4.5 51.6 38.5 16.2 31.3 55.3 56.3 60.8 27.7 28.1 55.9 41.1 36.1 51.6 45.2 
83.9 24.4 70.3 38.3 76.3 22.5 47.1 78.4 14.8 84.5 61.8 71.5 40.2 51.9 77.8 17.0 77.4 60.2 68.3 35.2 29.0 88.2 18.4 47.5 51.9 34.9 30.0 40.0 0.0 19.0 54.8 67.1 31.0 68.3 58.9 11.0 90.6 77.4 55.8 73.2 78.8 69.6 83.8 24.2 40.0 75.4 93.5 45.9 17.3 69.2 69.1 59.7 72.4 46.0 44.6 38.5 14.9 76.3 26.2 46.2 85.9 20.5 28.3 65.8 51.6 26.6 5.1 54.0 18.8 71.9 
70.5 8.2 53.6 39.4 62.2 37.5 33.6 65.5 13.0 65.6 54.1 57.3 32.6 33.3 61.2 19.0 63.1 43.4 54.2 29.4 14.3 70.0 34.1 29.2 38.6 16.4 32.1 23.4 19.0 0.0 35.8 55.9 24.0 54.2 60.7 9.9 73.7 60.6 41.2 54.2 59.9 50.6 65.6 18.2 21.2 60.4 76.4 33.3 31.1 52.2 70.3 43.7 58.9 28.4 39.6 23.3 33.1 57.6 15.7 29.2 67.2 38.6 37.6 47.2 43.3 33.0 22.0 36.9 28.2 53.6 
57.7 31.6 33.0 58.8 43.7 71.8 34.5 49.5 44.6 29.7 53.8 45.3 46.6 6.4 34.4 50.4 43.4 26.6 43.3 44.3 30.0 36.2 67.9 10.8 31.8 20.4 58.4 24.6 54.8 35.8 0.0 47.0 41.0 43.3 75.7 45.2 44.0 38.2 34.1 18.4 25.0 15.1 32.2 43.9 16.3 39.2 46.1 36.9 65.5 30.8 82.7 30.1 42.7 19.6 50.1 29.1 68.9 24.7 38.2 17.5 32.0 74.2 66.1 17.2 50.8 60.2 57.7 16.6 59.1 20.6 
104.7 47.7 79.9 40.2 15.1 89.6 76.9 13.0 52.4 59.7 13.0 92.1 84.1 41.1 28.9 74.7 17.1 73.3 90.0 33.0 41.6 47.8 68.1 39.2 18.0 45.1 88.0 64.1 67.1 55.9 47.0 0.0 36.2 90.0 43.2 64.3 39.0 84.6 79.4 52.5 62.5 54.5 44.6 73.3 53.2 19.1 42.0 78.4 83.9 77.7 45.4 76.6 11.0 62.6 27.0 67.7 81.0 66.5 69.1 33.0 52.4 86.5 56.7 63.0 92.1 51.6 72.1 30.4 56.9 40.2 
89.9 17.5 69.1 18.4 46.7 53.5 54.8 48.0 16.5 68.0 31.3 76.5 56.5 35.4 51.5 41.0 48.1 59.6 73.6 5.4 13.5 65.8 33.6 30.4 22.8 23.9 55.1 42.4 31.0 24.0 41.0 36.2 0.0 73.6 38.2 30.0 64.5 75.7 60.8 57.0 65.5 55.4 61.4 42.2 34.4 46.9 67.6 55.2 48.1 67.2 47.2 61.2 42.5 44.8 15.5 44.2 44.8 65.7 39.6 25.0 65.9 50.2 26.5 57.2 66.6 20.4 36.1 31.4 22.5 50.8 
16.4 57.0 14.9 91.5 86.8 73.0 21.2 92.7 67.2 52.9 95.2 3.2 32.1 48.8 75.5 53.8 86.3 16.8 0.0 78.5 60.1 69.6 86.4 51.0 73.4 50.2 50.2 31.4 68.3 54.2 43.3 90.0 73.6 0.0 111.7 57.6 82.0 17.7 13.0 48.1 43.4 43.0 67.2 44.9 39.7 82.0 83.2 22.6 68.1 16.5 120.3 13.4 86.0 29.1 87.1 30.9 76.8 36.4 42.1 57.8 62.0 80.3 91.8 31.0 24.7 87.1 67.9 59.6 82.3 59.1 
128.0 55.4 106.4 21.5 58.3 78.3 93.0 55.1 49.2 97.8 30.1 114.6 93.3 69.4 71.1 74.1 60.3 97.3 111.7 33.2 51.6 89.5 48.0 65.0 46.2 61.6 88.3 80.7 58.9 60.7 75.7 43.2 38.2 111.7 0.0 63.6 82.1 112.6 99.0 88.3 97.9 88.2 85.7 77.8 72.2 62.0 85.1 93.2 75.0 104.4 10.2 99.2 54.1 82.8 25.6 82.3 67.1 99.7 76.3 58.2 92.6 71.0 33.0 92.8 104.0 32.6 63.6 61.5 40.6 78.3 
73.4 17.5 59.3 42.2 71.6 27.6 36.4 74.5 14.6 74.7 61.1 60.7 31.1 43.0 71.1 11.0 72.5 49.2 57.6 35.1 23.3 79.8 28.8 39.1 47.5 26.2 25.3 29.0 11.0 9.9 45.2 64.3 30.0 57.6 63.6 0.0 83.5 66.4 44.9 63.5 68.6 59.6 75.4 14.9 29.7 70.0 86.3 35.3 21.3 58.1 73.5 48.7 68.0 35.1 45.2 27.5 23.8 65.7 15.7 39.1 76.9 29.1 36.1 55.1 42.4 32.8 12.6 46.8 26.2 63.4 
92.7 66.5 68.1 75.6 24.1 111.1 78.2 28.9 76.8 33.2 52.0 83.0 90.6 42.5 13.0 91.4 22.1 66.4 82.0 64.0 61.6 14.8 97.9 45.2 42.0 57.6 101.4 68.5 90.6 73.7 44.0 39.0 64.5 82.0 82.1 83.5 0.0 69.7 76.1 34.0 41.0 39.0 15.3 86.3 59.1 20.1 3.2 80.7 104.8 66.0 84.2 70.5 28.0 63.6 62.4 73.0 105.5 47.7 80.8 44.6 22.8 111.1 90.0 51.0 94.4 84.1 94.8 36.8 87.0 23.8 
23.0 61.1 7.1 94.0 78.7 86.0 32.6 85.0 73.1 38.1 92.0 16.6 46.5 44.6 65.5 65.1 77.9 17.3 17.7 79.9 62.6 56.1 94.5 48.2 70.0 51.9 64.6 37.5 77.4 60.6 38.2 84.6 75.7 17.7 112.6 66.4 69.7 0.0 23.8 36.1 29.0 32.0 54.5 56.1 41.6 73.4 70.3 34.9 80.5 8.5 120.3 18.0 78.8 32.3 87.2 39.1 88.0 22.1 52.0 55.2 48.0 92.2 97.4 21.6 41.3 92.1 78.1 54.7 88.6 48.7 
29.4 44.0 17.5 78.6 77.8 62.4 9.0 83.4 54.2 50.6 83.6 16.1 22.8 38.8 68.0 42.0 77.5 10.8 13.0 65.8 47.4 65.1 73.7 40.2 62.2 37.8 40.8 18.4 55.8 41.2 34.1 79.4 60.8 13.0 99.0 44.9 76.1 23.8 0.0 43.3 41.3 37.9 62.1 33.1 27.5 73.3 77.7 11.2 57.1 17.5 107.7 7.1 76.5 17.0 74.7 17.9 65.1 35.0 29.6 46.6 58.3 69.0 78.8 26.4 20.0 74.1 55.7 49.5 69.3 52.5 
58.9 49.7 34.1 73.8 43.8 89.9 47.0 50.2 62.6 11.4 62.4 49.0 61.0 22.2 29.5 68.2 42.7 33.0 48.1 59.4 47.5 21.8 85.9 27.2 42.2 38.6 75.0 40.3 73.2 54.2 18.4 52.5 57.0 48.1 88.3 63.5 34.0 36.1 43.3 0.0 10.0 5.4 19.1 61.1 34.1 38.3 35.1 49.7 83.5 32.0 93.9 37.1 44.7 34.1 63.3 44.6 87.2 14.8 55.4 32.1 15.3 92.6 83.1 17.3 62.6 77.0 76.1 26.9 76.7 13.0 
52.0 56.4 28.6 82.8 53.4 93.9 46.8 59.8 69.5 9.5 72.4 43.7 61.5 30.1 38.6 72.0 52.2 30.5 43.4 68.2 55.0 27.1 92.8 35.1 51.9 45.3 77.0 42.7 78.8 59.9 25.0 62.5 65.5 43.4 97.9 68.6 41.0 29.0 41.3 10.0 0.0 10.0 25.7 64.1 38.9 47.8 41.4 49.6 87.7 26.9 103.8 34.5 54.5 36.1 72.7 46.6 92.4 7.1 58.7 40.8 19.0 97.5 91.0 15.6 61.3 85.1 81.3 36.4 84.1 22.7 
54.3 46.7 29.3 72.8 47.0 85.6 41.7 53.3 59.7 15.3 63.6 44.0 55.8 20.1 33.5 63.8 46.1 27.7 43.0 58.2 45.0 27.2 83.0 25.1 42.5 35.5 70.0 35.4 69.6 50.6 15.1 54.5 55.4 43.0 88.2 59.6 39.0 32.0 37.9 5.4 10.0 0.0 24.3 56.4 30.0 41.6 40.2 44.4 79.3 27.2 94.4 31.8 47.4 29.0 63.0 39.6 83.4 12.0 50.8 30.8 20.6 88.6 81.0 12.0 57.3 75.1 72.2 26.8 74.2 16.8 
