ClarkeWright Sequential: 
 
Distance Matrix: 
0.0 101.8 99.3 34.0 79.2 47.2 44.7 99.5 92.1 26.8 59.7 89.8 93.3 114.0 67.9 91.3 90.9 28.1 98.8 124.6 62.3 65.3 96.5 128.9 59.7 44.7 98.8 100.0 92.3 108.8 97.1 81.6 59.5 54.6 81.0 55.3 102.5 72.1 60.0 110.5 73.8 72.1 82.0 67.2 107.6 80.5 87.2 26.9 11.3 77.7 68.4 59.2 63.7 76.7 79.2 39.4 65.4 82.6 93.5 36.9 60.9 32.2 53.4 70.7 
101.8 0.0 62.5 96.0 48.4 68.1 76.2 5.7 108.8 75.3 50.2 12.8 43.9 61.7 35.0 69.4 35.4 75.2 59.7 50.2 50.6 46.7 95.3 62.8 59.2 58.1 21.6 86.3 67.9 69.3 22.8 57.7 79.1 47.5 29.7 60.5 86.3 99.5 61.6 42.4 88.6 99.5 22.6 38.0 63.8 87.8 31.6 77.7 91.8 33.5 78.0 87.4 51.0 31.2 45.7 76.0 74.7 27.8 49.5 88.0 75.3 70.7 49.2 48.7 
99.3 62.5 0.0 73.8 24.1 52.2 55.3 56.9 53.0 77.0 45.1 63.5 18.9 16.1 66.8 12.2 27.8 84.8 2.8 36.1 41.2 40.4 36.1 33.1 40.2 75.0 41.0 25.1 10.2 10.2 39.7 17.9 44.4 60.3 39.8 44.7 24.4 53.0 39.4 27.2 41.2 53.0 68.4 48.0 8.5 36.2 33.1 73.4 88.2 38.8 36.7 50.1 39.3 74.7 26.0 60.0 37.2 76.6 13.4 66.5 41.2 81.6 70.1 32.6 
34.0 96.0 73.8 0.0 59.1 28.3 20.9 92.1 58.1 32.6 46.2 86.4 73.3 89.6 68.4 63.7 74.0 42.5 74.0 104.7 46.7 50.6 63.9 106.0 39.8 51.1 85.9 69.0 65.1 82.0 84.0 57.7 29.7 51.4 68.7 36.9 71.7 38.2 38.6 91.2 41.2 38.2 81.6 58.0 82.2 48.3 72.3 25.6 27.2 64.8 38.4 26.8 47.1 79.7 60.2 20.0 36.8 85.4 71.7 8.2 32.6 43.9 56.5 52.5 
79.2 48.4 24.1 59.1 0.0 32.8 38.5 42.9 60.5 54.9 21.5 45.3 14.4 35.8 43.7 24.2 16.0 61.7 22.4 46.0 17.9 16.5 48.2 49.7 20.0 51.0 30.6 41.2 23.4 34.2 28.6 10.0 34.1 36.2 19.8 24.1 42.0 51.9 20.6 32.2 40.5 51.9 47.7 24.3 31.0 39.4 17.1 52.5 67.9 17.2 30.6 42.0 16.1 52.8 2.8 41.6 28.1 55.6 14.4 51.0 30.1 58.3 46.0 8.9 
47.2 68.1 52.2 28.3 32.8 0.0 8.2 64.0 59.1 26.3 18.0 59.2 47.2 66.8 43.9 44.9 46.5 36.0 51.6 78.8 18.4 22.4 56.3 82.0 12.8 34.0 57.7 56.3 45.7 61.8 55.8 34.4 19.7 27.2 40.4 8.9 58.5 41.6 12.8 64.9 36.1 41.6 55.7 30.3 60.5 40.8 44.3 21.5 36.1 36.5 26.3 25.6 19.0 55.6 33.3 8.9 22.1 60.8 46.7 20.1 18.4 34.2 35.4 25.1 
44.7 76.2 55.3 20.9 38.5 8.2 0.0 72.0 54.4 28.3 26.1 67.5 52.8 70.7 51.9 46.6 53.1 38.8 55.2 84.4 26.1 30.1 54.0 86.6 19.0 40.0 65.1 55.8 47.7 64.4 63.2 38.2 16.0 35.0 48.2 16.1 58.2 35.8 17.9 70.7 32.2 35.8 63.9 38.5 63.8 38.0 51.4 22.0 34.2 44.2 24.3 19.7 26.3 63.5 39.4 6.0 20.9 68.9 51.6 12.6 16.5 37.9 42.5 31.6 
99.5 5.7 56.9 92.1 42.9 64.0 72.0 0.0 103.2 72.8 46.0 13.4 38.2 56.5 34.1 63.8 29.7 73.4 54.0 46.0 46.2 42.2 89.6 58.3 54.6 56.6 16.1 80.6 62.3 63.8 17.2 52.2 74.2 44.9 24.7 56.1 80.6 94.3 56.9 37.4 83.3 94.3 23.3 34.2 58.3 82.4 26.1 74.7 89.2 28.6 72.8 82.5 46.4 32.2 40.2 72.1 69.6 29.7 43.9 84.0 70.3 69.0 47.7 43.7 
92.1 108.8 53.0 58.1 60.5 59.1 54.4 103.2 0.0 82.5 68.4 105.3 67.2 66.0 98.1 41.8 74.2 93.1 55.3 88.4 65.3 67.9 18.1 82.1 57.2 93.0 89.4 30.1 43.7 54.0 87.7 51.1 39.4 83.8 80.0 59.4 32.2 20.0 54.4 80.0 23.3 20.0 106.1 79.2 58.1 21.3 77.2 75.7 84.1 76.8 34.4 34.9 63.8 109.1 63.2 60.2 38.8 113.2 62.0 56.1 41.2 92.3 93.3 62.3 
26.8 75.3 77.0 32.6 54.9 26.3 28.3 72.8 82.5 0.0 34.1 63.6 68.4 90.6 42.2 70.9 65.1 10.8 76.0 99.0 37.2 39.7 82.0 104.4 36.8 20.4 72.1 82.6 71.5 86.9 70.5 59.1 44.2 27.9 54.4 32.3 84.9 63.2 37.9 84.9 60.5 63.2 56.3 40.5 85.0 66.1 61.0 7.2 16.5 51.2 52.0 47.5 38.8 52.0 54.4 22.4 48.0 58.0 69.3 28.8 44.0 11.3 28.0 46.0 
59.7 50.2 45.1 46.2 21.5 18.0 26.1 46.0 68.4 34.1 0.0 41.8 34.4 57.3 29.7 42.0 31.2 40.2 43.7 65.1 4.0 5.7 60.9 70.5 11.3 30.1 40.5 57.3 42.0 55.3 38.6 28.1 31.6 16.5 22.8 10.8 58.9 54.0 14.1 50.9 45.3 54.0 39.4 12.6 52.5 47.7 27.8 32.8 48.4 19.0 34.1 39.4 6.0 41.0 20.6 26.3 29.7 45.6 35.8 38.1 28.4 36.8 26.7 12.6 
89.8 12.8 63.5 86.4 45.3 59.2 67.5 13.4 105.3 63.6 41.8 0.0 44.7 66.0 22.4 68.4 35.8 62.8 60.8 58.3 43.1 39.4 93.4 70.0 52.0 45.7 26.1 85.6 67.2 71.7 26.3 55.2 72.5 36.2 25.5 52.5 86.0 94.0 54.6 48.2 83.8 94.0 10.0 29.1 66.5 84.0 30.5 66.5 80.0 28.4 72.7 80.6 43.9 18.9 42.4 66.5 69.0 16.5 50.1 78.6 68.9 58.3 36.8 43.3 
93.3 43.9 18.9 73.3 14.4 47.2 52.8 38.2 67.2 68.4 34.4 44.7 0.0 24.3 50.0 26.1 8.9 74.4 16.1 31.6 31.2 28.8 52.2 36.1 34.4 62.0 22.8 42.5 24.4 27.2 21.3 18.0 47.1 46.8 22.1 38.4 42.4 62.3 35.0 17.9 50.4 62.3 50.0 33.0 22.4 47.5 14.6 66.5 82.0 22.1 42.0 54.6 29.7 56.9 14.1 56.0 40.4 58.2 5.7 65.3 43.2 70.7 55.8 22.6 
114.0 61.7 16.1 89.6 35.8 66.8 70.7 56.5 66.0 90.6 57.3 66.0 24.3 0.0 74.1 27.9 32.0 97.5 15.6 22.8 53.7 52.0 48.2 17.1 54.4 86.0 40.5 36.2 26.0 12.2 39.8 32.6 60.5 70.9 46.0 58.8 34.5 68.4 54.0 20.0 56.9 68.4 72.7 57.3 8.2 51.4 38.0 87.7 102.8 46.4 52.8 66.2 51.9 80.2 36.8 75.1 53.3 80.9 21.5 82.2 57.2 94.0 80.0 44.7 
67.9 35.0 66.8 68.4 43.7 43.9 51.9 34.1 98.1 42.2 29.7 22.4 50.0 74.1 0.0 67.7 42.2 40.5 64.5 72.8 32.8 30.5 89.6 82.5 41.0 23.4 40.2 84.3 67.1 76.4 39.4 53.1 61.0 17.1 28.1 39.7 85.4 83.5 43.9 60.2 75.1 83.5 14.1 19.7 72.1 77.2 36.2 46.0 58.5 28.1 63.8 68.4 34.4 11.7 41.2 49.4 59.5 17.1 54.1 61.4 58.0 36.1 14.6 37.6 
91.3 69.4 12.2 63.7 24.2 44.9 46.6 63.8 41.8 70.9 42.0 68.4 26.1 27.9 67.7 0.0 34.1 79.6 14.0 48.2 38.1 38.5 26.1 44.9 34.5 72.0 48.8 17.2 2.0 18.4 47.2 14.6 33.9 58.3 43.3 38.8 17.9 40.8 33.0 38.5 29.1 40.8 71.7 48.1 19.7 24.1 38.2 66.5 80.5 41.2 25.6 38.8 36.1 77.0 26.8 51.9 26.9 79.6 20.6 56.9 31.2 76.9 68.5 30.6 
90.9 35.4 27.8 74.0 16.0 46.5 53.1 29.7 74.2 65.1 31.2 35.8 8.9 32.0 42.2 34.1 0.0 70.0 25.1 34.1 28.8 25.6 60.0 41.2 34.2 56.4 15.2 50.9 32.6 36.1 13.4 23.4 50.0 41.2 14.1 37.6 51.0 67.5 35.4 20.0 55.8 67.5 41.2 26.8 31.0 53.9 6.0 64.0 79.6 15.2 46.4 58.0 27.8 48.4 14.1 55.5 44.0 49.5 14.4 65.8 46.0 66.0 49.4 21.5 
28.1 75.2 84.8 42.5 61.7 36.0 38.8 73.4 93.1 10.8 40.2 62.8 74.4 97.5 40.5 79.6 70.0 0.0 83.6 104.0 43.9 45.7 92.2 110.5 45.1 17.1 75.1 92.2 80.0 94.9 73.6 67.1 54.6 29.7 58.0 40.8 94.3 74.0 46.7 90.0 71.0 74.0 54.4 43.9 92.5 76.4 65.3 17.9 20.9 55.3 62.1 58.2 45.7 48.7 60.8 33.0 58.0 54.6 76.0 39.4 54.1 4.5 26.0 52.8 
98.8 59.7 2.8 74.0 22.4 51.6 55.2 54.0 55.3 76.0 43.7 60.8 16.1 15.6 64.5 14.0 25.1 83.6 0.0 34.2 39.8 38.8 38.6 32.2 39.4 73.3 38.2 27.8 12.0 12.0 36.9 17.2 44.9 58.5 37.4 43.9 27.2 54.6 38.8 24.7 42.8 54.6 65.8 46.0 8.9 38.1 30.5 72.7 87.7 36.5 37.6 51.0 37.9 72.3 24.1 59.7 37.7 74.0 10.8 66.6 41.6 80.3 68.3 31.0 
124.6 50.2 36.1 104.7 46.0 78.8 84.4 46.0 88.4 99.0 65.1 58.3 31.6 22.8 72.8 48.2 34.1 104.0 34.2 0.0 62.3 59.4 70.7 13.4 66.0 89.9 33.0 58.9 46.2 34.9 33.5 47.5 77.3 74.9 46.6 70.0 57.3 88.8 66.6 14.1 76.9 88.8 67.1 60.5 30.3 72.2 38.8 97.7 113.3 48.8 70.9 84.1 61.0 75.7 45.6 87.7 70.2 74.7 33.1 96.7 73.5 100.0 82.4 54.0 
62.3 50.6 41.2 46.7 17.9 18.4 26.1 46.2 65.3 37.2 4.0 43.1 31.2 53.7 32.8 38.1 28.8 43.9 39.8 62.3 0.0 4.0 57.3 67.2 8.9 34.1 39.3 53.4 38.0 51.4 37.4 24.1 29.5 20.4 22.1 10.0 54.9 51.6 11.7 48.2 42.4 51.6 41.6 14.4 48.7 44.4 26.0 35.4 51.0 18.1 31.1 37.6 2.0 43.9 17.2 27.2 26.9 48.2 32.2 38.5 26.1 40.5 30.6 8.9 
65.3 46.7 40.4 50.6 16.5 22.4 30.1 42.2 67.9 39.7 5.7 39.4 28.8 52.0 30.5 38.5 25.6 45.7 38.8 59.4 4.0 0.0 59.1 64.9 12.6 34.5 35.4 54.4 38.2 50.6 33.5 24.1 33.1 20.0 18.1 14.0 55.8 54.9 15.2 45.3 45.3 54.9 38.4 11.3 47.5 46.9 22.4 38.4 54.0 14.1 34.1 41.2 4.5 41.2 15.2 31.0 30.0 45.3 30.5 42.4 29.5 42.0 30.1 8.0 
96.5 95.3 36.1 63.9 48.2 56.3 54.0 89.6 18.1 82.0 60.9 93.4 52.2 48.2 89.6 26.1 60.0 92.2 38.6 70.7 57.3 59.1 0.0 64.0 50.6 88.8 74.9 12.0 27.8 36.1 73.2 38.2 38.1 77.3 67.9 53.9 14.1 28.4 48.1 63.2 22.8 28.4 95.6 70.0 40.4 16.1 63.8 76.0 87.1 65.3 30.1 37.4 55.5 99.9 51.0 60.0 34.2 103.2 46.6 59.7 38.1 90.6 87.3 52.2 
128.9 62.8 33.1 106.0 49.7 82.0 86.6 58.3 82.1 104.4 70.5 70.0 36.1 17.1 82.5 44.9 41.2 110.5 32.2 13.4 67.2 64.9 64.0 0.0 69.3 97.5 44.0 52.0 43.1 28.3 44.2 48.4 77.2 82.3 55.0 73.6 50.0 85.4 69.3 22.4 74.0 85.4 78.2 68.0 25.3 68.4 46.8 102.2 117.6 56.5 69.8 83.2 65.6 86.6 50.0 90.6 70.0 86.1 35.4 98.4 73.8 106.7 90.6 58.4 
59.7 59.2 40.2 39.8 20.0 12.8 19.0 54.6 57.2 36.8 11.3 52.0 34.4 54.4 41.0 34.5 34.2 45.1 39.4 66.0 8.9 12.6 50.6 69.3 0.0 38.5 46.4 48.2 34.9 50.2 44.4 22.4 20.6 26.8 30.1 4.5 50.0 42.8 2.8 52.2 34.1 42.8 50.5 23.3 48.4 36.7 32.6 33.3 48.4 26.1 22.8 28.6 8.2 52.3 20.6 21.6 18.4 56.9 33.9 31.6 17.2 42.4 36.8 12.6 
44.7 58.1 75.0 51.1 51.0 34.0 40.0 56.6 93.0 20.4 30.1 45.7 62.0 86.0 23.4 72.0 56.4 17.1 73.3 89.9 34.1 34.5 88.8 97.5 38.5 0.0 59.5 86.6 72.0 85.2 58.1 58.1 53.7 15.2 43.3 34.9 88.4 75.5 40.8 76.2 69.9 75.5 37.4 29.5 82.0 74.0 51.1 26.0 36.0 41.2 59.5 59.4 36.1 32.1 49.5 35.4 55.0 38.1 64.6 45.6 52.0 12.6 8.9 42.4 
98.8 21.6 41.0 85.9 30.6 57.7 65.1 16.1 89.4 72.1 40.5 26.1 22.8 40.5 40.2 48.8 15.2 75.1 38.2 33.0 39.3 35.4 74.9 44.0 46.4 59.5 0.0 65.3 47.2 47.7 2.0 38.6 64.1 45.3 17.9 49.0 65.1 82.5 48.2 22.1 70.9 82.5 34.2 31.6 42.2 69.1 14.0 72.5 87.8 21.5 61.2 72.2 38.8 42.8 28.3 66.5 58.5 42.0 28.4 77.7 60.1 70.8 51.2 34.1 
100.0 86.3 25.1 69.0 41.2 56.3 55.8 80.6 30.1 82.6 57.3 85.6 42.5 36.2 84.3 17.2 50.9 92.2 27.8 58.9 53.4 54.4 12.0 52.0 48.2 86.6 65.3 0.0 18.4 24.1 63.8 31.3 40.5 73.8 60.5 52.0 2.8 37.2 46.0 52.0 28.4 37.2 88.8 64.6 28.6 21.3 55.3 77.3 89.8 58.3 31.6 42.2 51.4 93.9 43.9 61.6 34.9 96.7 36.9 63.6 39.3 90.0 84.0 46.8 
92.3 67.9 10.2 65.1 23.4 45.7 47.7 62.3 43.7 71.5 42.0 67.2 24.4 26.0 67.1 2.0 32.6 80.0 12.0 46.2 38.0 38.2 27.8 43.1 34.9 72.0 47.2 18.4 0.0 17.0 45.6 14.1 35.4 58.1 42.2 39.3 18.9 42.8 33.5 36.5 31.0 42.8 70.7 47.5 17.9 26.1 36.9 67.2 81.4 40.2 27.2 40.5 36.0 76.2 26.0 52.8 28.3 78.7 18.9 58.1 32.6 77.3 68.3 30.3 
108.8 69.3 10.2 82.0 34.2 61.8 64.4 63.8 54.0 86.9 55.3 71.7 27.2 12.2 76.4 18.4 36.1 94.9 12.0 34.9 51.4 50.6 36.1 28.3 50.2 85.2 47.7 24.1 17.0 0.0 46.6 27.9 52.3 70.5 49.0 54.6 22.4 57.6 49.2 30.0 46.5 57.6 77.2 58.0 5.7 40.5 41.8 83.2 97.8 48.4 44.0 57.2 49.5 84.0 36.1 69.3 45.3 85.4 22.4 75.1 49.5 91.8 80.2 42.8 
97.1 22.8 39.7 84.0 28.6 55.8 63.2 17.2 87.7 70.5 38.6 26.3 21.3 39.8 39.4 47.2 13.4 73.6 36.9 33.5 37.4 33.5 73.2 44.2 44.4 58.1 2.0 63.8 45.6 46.6 0.0 36.8 62.1 43.9 16.1 47.1 63.7 80.5 46.2 22.0 69.0 80.5 34.1 30.0 41.2 67.2 12.0 70.7 86.1 19.7 59.2 70.3 36.9 42.4 26.3 64.6 56.6 42.0 26.9 75.7 58.1 69.3 50.0 32.1 
81.6 57.7 17.9 57.7 10.0 34.4 38.2 52.2 51.1 59.1 28.1 55.2 18.0 32.6 53.1 14.6 23.4 67.1 17.2 47.5 24.1 24.1 38.2 48.4 22.4 58.1 38.6 31.3 14.1 27.9 36.8 0.0 29.7 44.0 29.7 26.8 32.3 44.4 21.6 34.9 32.6 44.4 57.7 33.5 26.1 30.5 26.1 55.6 70.5 27.2 24.1 36.9 22.1 62.6 12.8 42.5 22.8 65.5 14.6 50.0 26.0 64.0 54.1 16.1 
59.5 79.1 44.4 29.7 34.1 19.7 16.0 74.2 39.4 44.2 31.6 72.5 47.1 60.5 61.0 33.9 50.0 54.6 44.9 77.3 29.5 33.1 38.1 77.2 20.6 53.7 64.1 40.5 35.4 52.3 62.1 29.7 0.0 45.3 49.5 21.3 43.1 22.6 17.9 64.6 16.5 22.6 71.0 43.9 52.8 22.0 50.2 38.0 49.5 45.6 8.9 8.2 28.6 72.5 36.0 22.0 7.2 77.2 44.3 23.3 4.0 53.4 54.4 30.6 
54.6 47.5 60.3 51.4 36.2 27.2 35.0 44.9 83.8 27.9 16.5 36.2 46.8 70.9 17.1 58.3 41.2 29.7 58.5 74.9 20.4 20.0 77.3 82.3 26.8 15.2 45.3 73.8 58.1 70.5 43.9 44.0 45.3 0.0 28.4 24.4 75.3 67.9 29.5 61.1 60.5 67.9 30.3 14.4 67.1 63.5 36.1 30.3 44.3 26.1 49.4 52.3 22.4 28.6 34.5 32.3 44.9 34.2 49.5 44.3 42.8 25.5 10.2 28.0 
81.0 29.7 39.8 68.7 19.8 40.4 48.2 24.7 80.0 54.4 22.8 25.5 22.1 46.0 28.1 43.3 14.1 58.0 37.4 46.6 22.1 18.1 67.9 55.0 30.1 43.3 17.9 60.5 42.2 49.0 16.1 29.7 49.5 28.4 0.0 32.1 61.1 69.9 32.2 33.1 59.1 69.9 28.6 14.1 44.4 58.8 8.2 54.6 70.0 4.0 48.3 57.7 22.0 34.9 17.0 49.0 44.9 36.8 26.7 60.5 45.6 53.8 35.8 19.0 
55.3 60.5 44.7 36.9 24.1 8.9 16.1 56.1 59.4 32.3 10.8 52.5 38.4 58.8 39.7 38.8 37.6 40.8 43.9 70.0 10.0 14.0 53.9 73.6 4.5 34.9 49.0 52.0 39.3 54.6 47.1 26.8 21.3 24.4 32.1 0.0 54.0 43.9 6.0 56.0 36.1 43.9 50.1 23.4 52.8 39.4 35.4 28.8 44.0 28.1 25.1 28.8 10.2 51.2 24.4 17.9 20.6 56.0 38.2 28.6 18.4 38.2 34.0 16.1 
102.5 86.3 24.4 71.7 42.0 58.5 58.2 80.6 32.2 84.9 58.9 86.0 42.4 34.5 85.4 17.9 51.0 94.3 27.2 57.3 54.9 55.8 14.1 50.0 50.0 88.4 65.1 2.8 18.9 22.4 63.7 32.3 43.1 75.3 61.1 54.0 0.0 40.0 48.0 51.0 31.2 40.0 89.6 65.8 27.2 24.1 55.6 79.6 92.3 59.1 34.2 44.9 53.0 94.8 44.7 64.0 37.4 97.5 36.8 66.2 41.8 92.1 85.5 48.1 
72.1 99.5 53.0 38.2 51.9 41.6 35.8 94.3 20.0 63.2 54.0 94.0 62.3 68.4 83.5 40.8 67.5 74.0 54.6 88.8 51.6 54.9 28.4 85.4 42.8 75.5 82.5 37.2 42.8 57.6 80.5 44.4 22.6 67.9 69.9 43.9 40.0 0.0 40.0 78.0 12.0 0.0 93.2 66.0 60.2 17.1 69.0 56.3 64.1 66.2 21.5 16.1 50.5 95.0 54.4 41.2 25.1 99.6 58.0 36.2 25.6 73.5 76.8 51.0 
60.0 61.6 39.4 38.6 20.6 12.8 17.9 56.9 54.4 37.9 14.1 54.6 35.0 54.0 43.9 33.0 35.4 46.7 38.8 66.6 11.7 15.2 48.1 69.3 2.8 40.8 48.2 46.0 33.5 49.2 46.2 21.6 17.9 29.5 32.2 6.0 48.0 40.0 0.0 52.8 31.2 40.0 53.3 26.1 47.7 34.0 34.2 34.0 48.8 28.3 20.0 26.0 10.8 55.2 21.5 21.3 15.6 59.7 34.1 30.5 14.4 44.2 39.4 14.1 
110.5 42.4 27.2 91.2 32.2 64.9 70.7 37.4 80.0 84.9 50.9 48.2 17.9 20.0 60.2 38.5 20.0 90.0 24.7 14.1 48.2 45.3 63.2 22.4 52.2 76.2 22.1 52.0 36.5 30.0 22.0 34.9 64.6 61.1 33.1 56.0 51.0 78.0 52.8 0.0 66.0 78.0 56.0 46.6 24.4 62.1 25.1 83.5 99.2 35.0 58.9 71.8 46.9 64.3 31.6 73.8 57.7 64.0 20.4 83.2 60.7 86.0 68.9 40.0 
73.8 88.6 41.2 41.2 40.5 36.1 32.2 83.3 23.3 60.5 45.3 83.8 50.4 56.9 75.1 29.1 55.8 71.0 42.8 76.9 42.4 45.3 22.8 74.0 34.1 69.9 70.9 28.4 31.0 46.5 69.0 32.6 16.5 60.5 59.1 36.1 31.2 12.0 31.2 66.0 0.0 12.0 83.7 56.6 48.7 7.2 57.6 54.1 64.5 55.6 11.3 14.6 41.0 86.3 43.1 38.2 15.6 90.6 46.0 36.9 17.9 69.9 70.0 40.5 
72.1 99.5 53.0 38.2 51.9 41.6 35.8 94.3 20.0 63.2 54.0 94.0 62.3 68.4 83.5 40.8 67.5 74.0 54.6 88.8 51.6 54.9 28.4 85.4 42.8 75.5 82.5 37.2 42.8 57.6 80.5 44.4 22.6 67.9 69.9 43.9 40.0 0.0 40.0 78.0 12.0 0.0 93.2 66.0 60.2 17.1 69.0 56.3 64.1 66.2 21.5 16.1 50.5 95.0 54.4 41.2 25.1 99.6 58.0 36.2 25.6 73.5 76.8 51.0 
82.0 22.6 68.4 81.6 47.7 55.7 63.9 23.3 106.1 56.3 39.4 10.0 50.0 72.7 14.1 71.7 41.2 54.4 65.8 67.1 41.6 38.4 95.6 78.2 50.5 37.4 34.2 88.8 70.7 77.2 34.1 57.7 71.0 30.3 28.6 50.1 89.6 93.2 53.3 56.0 83.7 93.2 0.0 27.2 72.3 84.9 35.4 60.0 72.7 30.5 72.5 78.9 42.8 8.9 44.9 62.1 68.4 8.2 55.0 74.2 67.7 50.0 28.6 43.9 
67.2 38.0 48.0 58.0 24.3 30.3 38.5 34.2 79.2 40.5 12.6 29.1 33.0 57.3 19.7 48.1 26.8 43.9 46.0 60.5 14.4 11.3 70.0 68.0 23.3 29.5 31.6 64.6 47.5 58.0 30.0 33.5 43.9 14.4 14.1 23.4 65.8 66.0 26.1 46.6 56.6 66.0 27.2 0.0 54.1 58.1 21.6 41.2 56.4 11.7 45.3 51.9 15.6 30.0 22.1 38.0 41.2 33.9 36.2 50.0 40.5 39.7 22.8 17.9 
107.6 63.8 8.5 82.2 31.0 60.5 63.8 58.3 58.1 85.0 52.5 66.5 22.4 8.2 72.1 19.7 31.0 92.5 8.9 30.3 48.7 47.5 40.4 25.3 48.4 82.0 42.2 28.6 17.9 5.7 41.2 26.1 52.8 67.1 44.4 52.8 27.2 60.2 47.7 24.4 48.7 60.2 72.3 54.1 0.0 43.2 36.9 81.6 96.5 44.0 44.9 58.3 46.8 79.2 32.6 68.4 45.6 80.5 18.0 75.0 49.7 89.2 76.7 39.8 
80.5 87.8 36.2 48.3 39.4 40.8 38.0 82.4 21.3 66.1 47.7 84.0 47.5 51.4 77.2 24.1 53.9 76.4 38.1 72.2 44.4 46.9 16.1 68.4 36.7 74.0 69.1 21.3 26.1 40.5 67.2 30.5 22.0 63.5 58.8 39.4 24.1 17.1 34.0 62.1 7.2 17.1 84.9 58.1 43.2 0.0 56.4 60.0 71.0 55.6 14.6 21.5 42.8 88.1 42.2 44.0 19.0 92.0 42.8 43.7 22.4 75.0 73.3 41.0 
87.2 31.6 33.1 72.3 17.1 44.3 51.4 26.1 77.2 61.0 27.8 30.5 14.6 38.0 36.2 38.2 6.0 65.3 30.5 38.8 26.0 22.4 63.8 46.8 32.6 51.1 14.0 55.3 36.9 41.8 12.0 26.1 50.2 36.1 8.2 35.4 55.6 69.0 34.2 25.1 57.6 69.0 35.4 21.6 36.9 56.4 0.0 60.5 76.0 10.0 47.5 58.3 25.3 42.4 14.6 53.1 44.7 43.7 19.7 64.0 46.2 61.2 43.9 20.1 
26.9 77.7 73.4 25.6 52.5 21.5 22.0 74.7 75.7 7.2 32.8 66.5 66.5 87.7 46.0 66.5 64.0 17.9 72.7 97.7 35.4 38.4 76.0 102.2 33.3 26.0 72.5 77.3 67.2 83.2 70.7 55.6 38.0 30.3 54.6 28.8 79.6 56.3 34.0 83.5 54.1 56.3 60.0 41.2 81.6 60.0 60.5 0.0 15.6 51.1 46.2 40.8 36.8 56.6 52.3 16.0 42.4 62.5 66.8 21.6 38.2 18.4 32.6 43.9 
11.3 91.8 88.2 27.2 67.9 36.1 34.2 89.2 84.1 16.5 48.4 80.0 82.0 102.8 58.5 80.5 79.6 20.9 87.7 113.3 51.0 54.0 87.1 117.6 48.4 36.0 87.8 89.8 81.4 97.8 86.1 70.5 49.5 44.3 70.0 44.0 92.3 64.1 48.8 99.2 64.5 64.1 72.7 56.4 96.5 71.0 76.0 15.6 0.0 66.6 58.2 50.2 52.3 68.0 67.9 28.6 55.0 74.0 82.2 28.0 50.6 24.3 44.2 59.4 
77.7 33.5 38.8 64.8 17.2 36.5 44.2 28.6 76.8 51.2 19.0 28.4 22.1 46.4 28.1 41.2 15.2 55.3 36.5 48.8 18.1 14.1 65.3 56.5 26.1 41.2 21.5 58.3 40.2 48.4 19.7 27.2 45.6 26.1 4.0 28.1 59.1 66.2 28.3 35.0 55.6 66.2 30.5 11.7 44.0 55.6 10.0 51.1 66.6 0.0 44.7 53.9 18.0 36.1 14.4 45.1 41.2 38.5 26.1 56.6 41.8 51.2 34.2 15.2 
68.4 78.0 36.7 38.4 30.6 26.3 24.3 72.8 34.4 52.0 34.1 72.7 42.0 52.8 63.8 25.6 46.4 62.1 37.6 70.9 31.1 34.1 30.1 69.8 22.8 59.5 61.2 31.6 27.2 44.0 59.2 24.1 8.9 49.4 48.3 25.1 34.2 21.5 20.0 58.9 11.3 21.5 72.5 45.3 44.9 14.6 47.5 46.2 58.2 44.7 0.0 13.4 29.7 75.0 33.0 30.3 4.5 79.2 38.5 32.2 8.0 60.5 59.1 29.5 
59.2 87.4 50.1 26.8 42.0 25.6 19.7 82.5 34.9 47.5 39.4 80.6 54.6 66.2 68.4 38.8 58.0 58.2 51.0 84.1 37.6 41.2 37.4 83.2 28.6 59.4 72.2 42.2 40.5 57.2 70.3 36.9 8.2 52.3 57.7 28.8 44.9 16.1 26.0 71.8 14.6 16.1 78.9 51.9 58.3 21.5 58.3 40.8 50.2 53.9 13.4 0.0 36.8 80.0 44.0 25.3 14.1 84.9 51.4 22.4 12.2 57.6 61.0 38.8 
63.7 51.0 39.3 47.1 16.1 19.0 26.3 46.4 63.8 38.8 6.0 43.9 29.7 51.9 34.4 36.1 27.8 45.7 37.9 61.0 2.0 4.5 55.5 65.6 8.2 36.1 38.8 51.4 36.0 49.5 36.9 22.1 28.6 22.4 22.0 10.2 53.0 50.5 10.8 46.9 41.0 50.5 42.8 15.6 46.8 42.8 25.3 36.8 52.3 18.0 29.7 36.8 0.0 45.3 15.6 27.9 25.6 49.5 30.5 38.8 25.1 42.4 32.6 7.2 
76.7 31.2 74.7 79.7 52.8 55.6 63.5 32.2 109.1 52.0 41.0 18.9 56.9 80.2 11.7 77.0 48.4 48.7 72.3 75.7 43.9 41.2 99.9 86.6 52.3 32.1 42.8 93.9 76.2 84.0 42.4 62.6 72.5 28.6 34.9 51.2 94.8 95.0 55.2 64.3 86.3 95.0 8.9 30.0 79.2 88.1 42.4 56.6 68.0 36.1 75.0 80.0 45.3 0.0 50.2 60.9 70.7 6.0 61.6 72.8 69.4 44.4 24.1 47.7 
79.2 45.7 26.0 60.2 2.8 33.3 39.4 40.2 63.2 54.4 20.6 42.4 14.1 36.8 41.2 26.8 14.1 60.8 24.1 45.6 17.2 15.2 51.0 50.0 20.6 49.5 28.3 43.9 26.0 36.1 26.3 12.8 36.0 34.5 17.0 24.4 44.7 54.4 21.5 31.6 43.1 54.4 44.9 22.1 32.6 42.2 14.6 52.3 67.9 14.4 33.0 44.0 15.6 50.2 0.0 42.2 30.3 52.8 15.2 52.0 32.0 57.3 44.2 8.5 
39.4 76.0 60.0 20.0 41.6 8.9 6.0 72.1 60.2 22.4 26.3 66.5 56.0 75.1 49.4 51.9 55.5 33.0 59.7 87.7 27.2 31.0 60.0 90.6 21.6 35.4 66.5 61.6 52.8 69.3 64.6 42.5 22.0 32.3 49.0 17.9 64.0 41.2 21.3 73.8 38.2 41.2 62.1 38.0 68.4 44.0 53.1 16.0 28.6 45.1 30.3 25.3 27.9 60.9 42.2 0.0 26.7 66.5 55.3 12.2 22.4 32.3 38.8 34.0 
65.4 74.7 37.2 36.8 28.1 22.1 20.9 69.6 38.8 48.0 29.7 69.0 40.4 53.3 59.5 26.9 44.0 58.0 37.7 70.2 26.9 30.0 34.2 70.0 18.4 55.0 58.5 34.9 28.3 45.3 56.6 22.8 7.2 44.9 44.9 20.6 37.4 25.1 15.6 57.7 15.6 25.1 68.4 41.2 45.6 19.0 44.7 42.4 55.0 41.2 4.5 14.1 25.6 70.7 30.3 26.7 0.0 75.1 37.4 30.0 4.5 56.3 54.6 26.0 
82.6 27.8 76.6 85.4 55.6 60.8 68.9 29.7 113.2 58.0 45.6 16.5 58.2 80.9 17.1 79.6 49.5 54.6 74.0 74.7 48.2 45.3 103.2 86.1 56.9 38.1 42.0 96.7 78.7 85.4 42.0 65.5 77.2 34.2 36.8 56.0 97.5 99.6 59.7 64.0 90.6 99.6 8.2 33.9 80.5 92.0 43.7 62.5 74.0 38.5 79.2 84.9 49.5 6.0 52.8 66.5 75.1 0.0 63.2 78.4 74.0 50.4 30.1 51.2 
93.5 49.5 13.4 71.7 14.4 46.7 51.6 43.9 62.0 69.3 35.8 50.1 5.7 21.5 54.1 20.6 14.4 76.0 10.8 33.1 32.2 30.5 46.6 35.4 33.9 64.6 28.4 36.9 18.9 22.4 26.9 14.6 44.3 49.5 26.7 38.2 36.8 58.0 34.1 20.4 46.0 58.0 55.0 36.2 18.0 42.8 19.7 66.8 82.2 26.1 38.5 51.4 30.5 61.6 15.2 55.3 37.4 63.2 0.0 63.8 40.5 72.5 58.9 23.3 
36.9 88.0 66.5 8.2 51.0 20.1 12.6 84.0 56.1 28.8 38.1 78.6 65.3 82.2 61.4 56.9 65.8 39.4 66.6 96.7 38.5 42.4 59.7 98.4 31.6 45.6 77.7 63.6 58.1 75.1 75.7 50.0 23.3 44.3 60.5 28.6 66.2 36.2 30.5 83.2 36.9 36.2 74.2 50.0 75.0 43.7 64.0 21.6 28.0 56.6 32.2 22.4 38.8 72.8 52.0 12.2 30.0 78.4 63.8 0.0 25.6 40.0 50.1 44.3 
60.9 75.3 41.2 32.6 30.1 18.4 16.5 70.3 41.2 44.0 28.4 68.9 43.2 57.2 58.0 31.2 46.0 54.1 41.6 73.5 26.1 29.5 38.1 73.8 17.2 52.0 60.1 39.3 32.6 49.5 58.1 26.0 4.0 42.8 45.6 18.4 41.8 25.6 14.4 60.7 17.9 25.6 67.7 40.5 49.7 22.4 46.2 38.2 50.6 41.8 8.0 12.2 25.1 69.4 32.0 22.4 4.5 74.0 40.5 25.6 0.0 52.6 52.2 26.7 
32.2 70.7 81.6 43.9 58.3 34.2 37.9 69.0 92.3 11.3 36.8 58.3 70.7 94.0 36.1 76.9 66.0 4.5 80.3 100.0 40.5 42.0 90.6 106.7 42.4 12.6 70.8 90.0 77.3 91.8 69.3 64.0 53.4 25.5 53.8 38.2 92.1 73.5 44.2 86.0 69.9 73.5 50.0 39.7 89.2 75.0 61.2 18.4 24.3 51.2 60.5 57.6 42.4 44.4 57.3 32.3 56.3 50.4 72.5 40.0 52.6 0.0 21.5 49.4 
53.4 49.2 70.1 56.5 46.0 35.4 42.5 47.7 93.3 28.0 26.7 36.8 55.8 80.0 14.6 68.5 49.4 26.0 68.3 82.4 30.6 30.1 87.3 90.6 36.8 8.9 51.2 84.0 68.3 80.2 50.0 54.1 54.4 10.2 35.8 34.0 85.5 76.8 39.4 68.9 70.0 76.8 28.6 22.8 76.7 73.3 43.9 32.6 44.2 34.2 59.1 61.0 32.6 24.1 44.2 38.8 54.6 30.1 58.9 50.1 52.2 21.5 0.0 38.1 
70.7 48.7 32.6 52.5 8.9 25.1 31.6 43.7 62.3 46.0 12.6 43.3 22.6 44.7 37.6 30.6 21.5 52.8 31.0 54.0 8.9 8.0 52.2 58.4 12.6 42.4 34.1 46.8 30.3 42.8 32.1 16.1 30.6 28.0 19.0 16.1 48.1 51.0 14.1 40.0 40.5 51.0 43.9 17.9 39.8 41.0 20.1 43.9 59.4 15.2 29.5 38.8 7.2 47.7 8.5 34.0 26.0 51.2 23.3 44.3 26.7 49.4 38.1 0.0 

Routes: 
Route: 0 1 7 26 11 19 30 16 13 8 0 | Demand: 100.0| Cost: 2735.4
Route: 0 2 44 29 18 23 58 28 0 | Demand: 100.0| Cost: 1738.1
Route: 0 3 37 41 22 40 14 51 45 27 36 32 10 0 | Demand: 99.0| Cost: 3399.0
Route: 0 4 12 39 31 54 46 42 24 60 0 | Demand: 100.0| Cost: 2243.1
Route: 0 5 38 15 35 52 56 0 | Demand: 99.0| Cost: 1024.5
Route: 0 6 50 63 0 | Demand: 97.0| Cost: 396.0
Route: 0 9 33 43 34 49 21 53 47 0 | Demand: 99.0| Cost: 1240.1
Route: 0 17 57 61 25 62 55 0 | Demand: 93.0| Cost: 1018.0
Route: 0 20 59 64 48 0 | Demand: 61.0| Cost: 540.5

Total cost: 14334.7
Execution time: 0.054

-----------------------------------------

ClarkeWright Parallel: 
 
Distance Matrix: 
0.0 101.8 99.3 34.0 79.2 47.2 44.7 99.5 92.1 26.8 59.7 89.8 93.3 114.0 67.9 91.3 90.9 28.1 98.8 124.6 62.3 65.3 96.5 128.9 59.7 44.7 98.8 100.0 92.3 108.8 97.1 81.6 59.5 54.6 81.0 55.3 102.5 72.1 60.0 110.5 73.8 72.1 82.0 67.2 107.6 80.5 87.2 26.9 11.3 77.7 68.4 59.2 63.7 76.7 79.2 39.4 65.4 82.6 93.5 36.9 60.9 32.2 53.4 70.7 
101.8 0.0 62.5 96.0 48.4 68.1 76.2 5.7 108.8 75.3 50.2 12.8 43.9 61.7 35.0 69.4 35.4 75.2 59.7 50.2 50.6 46.7 95.3 62.8 59.2 58.1 21.6 86.3 67.9 69.3 22.8 57.7 79.1 47.5 29.7 60.5 86.3 99.5 61.6 42.4 88.6 99.5 22.6 38.0 63.8 87.8 31.6 77.7 91.8 33.5 78.0 87.4 51.0 31.2 45.7 76.0 74.7 27.8 49.5 88.0 75.3 70.7 49.2 48.7 
99.3 62.5 0.0 73.8 24.1 52.2 55.3 56.9 53.0 77.0 45.1 63.5 18.9 16.1 66.8 12.2 27.8 84.8 2.8 36.1 41.2 40.4 36.1 33.1 40.2 75.0 41.0 25.1 10.2 10.2 39.7 17.9 44.4 60.3 39.8 44.7 24.4 53.0 39.4 27.2 41.2 53.0 68.4 48.0 8.5 36.2 33.1 73.4 88.2 38.8 36.7 50.1 39.3 74.7 26.0 60.0 37.2 76.6 13.4 66.5 41.2 81.6 70.1 32.6 
34.0 96.0 73.8 0.0 59.1 28.3 20.9 92.1 58.1 32.6 46.2 86.4 73.3 89.6 68.4 63.7 74.0 42.5 74.0 104.7 46.7 50.6 63.9 106.0 39.8 51.1 85.9 69.0 65.1 82.0 84.0 57.7 29.7 51.4 68.7 36.9 71.7 38.2 38.6 91.2 41.2 38.2 81.6 58.0 82.2 48.3 72.3 25.6 27.2 64.8 38.4 26.8 47.1 79.7 60.2 20.0 36.8 85.4 71.7 8.2 32.6 43.9 56.5 52.5 
79.2 48.4 24.1 59.1 0.0 32.8 38.5 42.9 60.5 54.9 21.5 45.3 14.4 35.8 43.7 24.2 16.0 61.7 22.4 46.0 17.9 16.5 48.2 49.7 20.0 51.0 30.6 41.2 23.4 34.2 28.6 10.0 34.1 36.2 19.8 24.1 42.0 51.9 20.6 32.2 40.5 51.9 47.7 24.3 31.0 39.4 17.1 52.5 67.9 17.2 30.6 42.0 16.1 52.8 2.8 41.6 28.1 55.6 14.4 51.0 30.1 58.3 46.0 8.9 
47.2 68.1 52.2 28.3 32.8 0.0 8.2 64.0 59.1 26.3 18.0 59.2 47.2 66.8 43.9 44.9 46.5 36.0 51.6 78.8 18.4 22.4 56.3 82.0 12.8 34.0 57.7 56.3 45.7 61.8 55.8 34.4 19.7 27.2 40.4 8.9 58.5 41.6 12.8 64.9 36.1 41.6 55.7 30.3 60.5 40.8 44.3 21.5 36.1 36.5 26.3 25.6 19.0 55.6 33.3 8.9 22.1 60.8 46.7 20.1 18.4 34.2 35.4 25.1 
44.7 76.2 55.3 20.9 38.5 8.2 0.0 72.0 54.4 28.3 26.1 67.5 52.8 70.7 51.9 46.6 53.1 38.8 55.2 84.4 26.1 30.1 54.0 86.6 19.0 40.0 65.1 55.8 47.7 64.4 63.2 38.2 16.0 35.0 48.2 16.1 58.2 35.8 17.9 70.7 32.2 35.8 63.9 38.5 63.8 38.0 51.4 22.0 34.2 44.2 24.3 19.7 26.3 63.5 39.4 6.0 20.9 68.9 51.6 12.6 16.5 37.9 42.5 31.6 
99.5 5.7 56.9 92.1 42.9 64.0 72.0 0.0 103.2 72.8 46.0 13.4 38.2 56.5 34.1 63.8 29.7 73.4 54.0 46.0 46.2 42.2 89.6 58.3 54.6 56.6 16.1 80.6 62.3 63.8 17.2 52.2 74.2 44.9 24.7 56.1 80.6 94.3 56.9 37.4 83.3 94.3 23.3 34.2 58.3 82.4 26.1 74.7 89.2 28.6 72.8 82.5 46.4 32.2 40.2 72.1 69.6 29.7 43.9 84.0 70.3 69.0 47.7 43.7 
92.1 108.8 53.0 58.1 60.5 59.1 54.4 103.2 0.0 82.5 68.4 105.3 67.2 66.0 98.1 41.8 74.2 93.1 55.3 88.4 65.3 67.9 18.1 82.1 57.2 93.0 89.4 30.1 43.7 54.0 87.7 51.1 39.4 83.8 80.0 59.4 32.2 20.0 54.4 80.0 23.3 20.0 106.1 79.2 58.1 21.3 77.2 75.7 84.1 76.8 34.4 34.9 63.8 109.1 63.2 60.2 38.8 113.2 62.0 56.1 41.2 92.3 93.3 62.3 
26.8 75.3 77.0 32.6 54.9 26.3 28.3 72.8 82.5 0.0 34.1 63.6 68.4 90.6 42.2 70.9 65.1 10.8 76.0 99.0 37.2 39.7 82.0 104.4 36.8 20.4 72.1 82.6 71.5 86.9 70.5 59.1 44.2 27.9 54.4 32.3 84.9 63.2 37.9 84.9 60.5 63.2 56.3 40.5 85.0 66.1 61.0 7.2 16.5 51.2 52.0 47.5 38.8 52.0 54.4 22.4 48.0 58.0 69.3 28.8 44.0 11.3 28.0 46.0 
59.7 50.2 45.1 46.2 21.5 18.0 26.1 46.0 68.4 34.1 0.0 41.8 34.4 57.3 29.7 42.0 31.2 40.2 43.7 65.1 4.0 5.7 60.9 70.5 11.3 30.1 40.5 57.3 42.0 55.3 38.6 28.1 31.6 16.5 22.8 10.8 58.9 54.0 14.1 50.9 45.3 54.0 39.4 12.6 52.5 47.7 27.8 32.8 48.4 19.0 34.1 39.4 6.0 41.0 20.6 26.3 29.7 45.6 35.8 38.1 28.4 36.8 26.7 12.6 
89.8 12.8 63.5 86.4 45.3 59.2 67.5 13.4 105.3 63.6 41.8 0.0 44.7 66.0 22.4 68.4 35.8 62.8 60.8 58.3 43.1 39.4 93.4 70.0 52.0 45.7 26.1 85.6 67.2 71.7 26.3 55.2 72.5 36.2 25.5 52.5 86.0 94.0 54.6 48.2 83.8 94.0 10.0 29.1 66.5 84.0 30.5 66.5 80.0 28.4 72.7 80.6 43.9 18.9 42.4 66.5 69.0 16.5 50.1 78.6 68.9 58.3 36.8 43.3 
93.3 43.9 18.9 73.3 14.4 47.2 52.8 38.2 67.2 68.4 34.4 44.7 0.0 24.3 50.0 26.1 8.9 74.4 16.1 31.6 31.2 28.8 52.2 36.1 34.4 62.0 22.8 42.5 24.4 27.2 21.3 18.0 47.1 46.8 22.1 38.4 42.4 62.3 35.0 17.9 50.4 62.3 50.0 33.0 22.4 47.5 14.6 66.5 82.0 22.1 42.0 54.6 29.7 56.9 14.1 56.0 40.4 58.2 5.7 65.3 43.2 70.7 55.8 22.6 
114.0 61.7 16.1 89.6 35.8 66.8 70.7 56.5 66.0 90.6 57.3 66.0 24.3 0.0 74.1 27.9 32.0 97.5 15.6 22.8 53.7 52.0 48.2 17.1 54.4 86.0 40.5 36.2 26.0 12.2 39.8 32.6 60.5 70.9 46.0 58.8 34.5 68.4 54.0 20.0 56.9 68.4 72.7 57.3 8.2 51.4 38.0 87.7 102.8 46.4 52.8 66.2 51.9 80.2 36.8 75.1 53.3 80.9 21.5 82.2 57.2 94.0 80.0 44.7 
67.9 35.0 66.8 68.4 43.7 43.9 51.9 34.1 98.1 42.2 29.7 22.4 50.0 74.1 0.0 67.7 42.2 40.5 64.5 72.8 32.8 30.5 89.6 82.5 41.0 23.4 40.2 84.3 67.1 76.4 39.4 53.1 61.0 17.1 28.1 39.7 85.4 83.5 43.9 60.2 75.1 83.5 14.1 19.7 72.1 77.2 36.2 46.0 58.5 28.1 63.8 68.4 34.4 11.7 41.2 49.4 59.5 17.1 54.1 61.4 58.0 36.1 14.6 37.6 
91.3 69.4 12.2 63.7 24.2 44.9 46.6 63.8 41.8 70.9 42.0 68.4 26.1 27.9 67.7 0.0 34.1 79.6 14.0 48.2 38.1 38.5 26.1 44.9 34.5 72.0 48.8 17.2 2.0 18.4 47.2 14.6 33.9 58.3 43.3 38.8 17.9 40.8 33.0 38.5 29.1 40.8 71.7 48.1 19.7 24.1 38.2 66.5 80.5 41.2 25.6 38.8 36.1 77.0 26.8 51.9 26.9 79.6 20.6 56.9 31.2 76.9 68.5 30.6 
90.9 35.4 27.8 74.0 16.0 46.5 53.1 29.7 74.2 65.1 31.2 35.8 8.9 32.0 42.2 34.1 0.0 70.0 25.1 34.1 28.8 25.6 60.0 41.2 34.2 56.4 15.2 50.9 32.6 36.1 13.4 23.4 50.0 41.2 14.1 37.6 51.0 67.5 35.4 20.0 55.8 67.5 41.2 26.8 31.0 53.9 6.0 64.0 79.6 15.2 46.4 58.0 27.8 48.4 14.1 55.5 44.0 49.5 14.4 65.8 46.0 66.0 49.4 21.5 
28.1 75.2 84.8 42.5 61.7 36.0 38.8 73.4 93.1 10.8 40.2 62.8 74.4 97.5 40.5 79.6 70.0 0.0 83.6 104.0 43.9 45.7 92.2 110.5 45.1 17.1 75.1 92.2 80.0 94.9 73.6 67.1 54.6 29.7 58.0 40.8 94.3 74.0 46.7 90.0 71.0 74.0 54.4 43.9 92.5 76.4 65.3 17.9 20.9 55.3 62.1 58.2 45.7 48.7 60.8 33.0 58.0 54.6 76.0 39.4 54.1 4.5 26.0 52.8 
98.8 59.7 2.8 74.0 22.4 51.6 55.2 54.0 55.3 76.0 43.7 60.8 16.1 15.6 64.5 14.0 25.1 83.6 0.0 34.2 39.8 38.8 38.6 32.2 39.4 73.3 38.2 27.8 12.0 12.0 36.9 17.2 44.9 58.5 37.4 43.9 27.2 54.6 38.8 24.7 42.8 54.6 65.8 46.0 8.9 38.1 30.5 72.7 87.7 36.5 37.6 51.0 37.9 72.3 24.1 59.7 37.7 74.0 10.8 66.6 41.6 80.3 68.3 31.0 
124.6 50.2 36.1 104.7 46.0 78.8 84.4 46.0 88.4 99.0 65.1 58.3 31.6 22.8 72.8 48.2 34.1 104.0 34.2 0.0 62.3 59.4 70.7 13.4 66.0 89.9 33.0 58.9 46.2 34.9 33.5 47.5 77.3 74.9 46.6 70.0 57.3 88.8 66.6 14.1 76.9 88.8 67.1 60.5 30.3 72.2 38.8 97.7 113.3 48.8 70.9 84.1 61.0 75.7 45.6 87.7 70.2 74.7 33.1 96.7 73.5 100.0 82.4 54.0 
62.3 50.6 41.2 46.7 17.9 18.4 26.1 46.2 65.3 37.2 4.0 43.1 31.2 53.7 32.8 38.1 28.8 43.9 39.8 62.3 0.0 4.0 57.3 67.2 8.9 34.1 39.3 53.4 38.0 51.4 37.4 24.1 29.5 20.4 22.1 10.0 54.9 51.6 11.7 48.2 42.4 51.6 41.6 14.4 48.7 44.4 26.0 35.4 51.0 18.1 31.1 37.6 2.0 43.9 17.2 27.2 26.9 48.2 32.2 38.5 26.1 40.5 30.6 8.9 
65.3 46.7 40.4 50.6 16.5 22.4 30.1 42.2 67.9 39.7 5.7 39.4 28.8 52.0 30.5 38.5 25.6 45.7 38.8 59.4 4.0 0.0 59.1 64.9 12.6 34.5 35.4 54.4 38.2 50.6 33.5 24.1 33.1 20.0 18.1 14.0 55.8 54.9 15.2 45.3 45.3 54.9 38.4 11.3 47.5 46.9 22.4 38.4 54.0 14.1 34.1 41.2 4.5 41.2 15.2 31.0 30.0 45.3 30.5 42.4 29.5 42.0 30.1 8.0 
96.5 95.3 36.1 63.9 48.2 56.3 54.0 89.6 18.1 82.0 60.9 93.4 52.2 48.2 89.6 26.1 60.0 92.2 38.6 70.7 57.3 59.1 0.0 64.0 50.6 88.8 74.9 12.0 27.8 36.1 73.2 38.2 38.1 77.3 67.9 53.9 14.1 28.4 48.1 63.2 22.8 28.4 95.6 70.0 40.4 16.1 63.8 76.0 87.1 65.3 30.1 37.4 55.5 99.9 51.0 60.0 34.2 103.2 46.6 59.7 38.1 90.6 87.3 52.2 
128.9 62.8 33.1 106.0 49.7 82.0 86.6 58.3 82.1 104.4 70.5 70.0 36.1 17.1 82.5 44.9 41.2 110.5 32.2 13.4 67.2 64.9 64.0 0.0 69.3 97.5 44.0 52.0 43.1 28.3 44.2 48.4 77.2 82.3 55.0 73.6 50.0 85.4 69.3 22.4 74.0 85.4 78.2 68.0 25.3 68.4 46.8 102.2 117.6 56.5 69.8 83.2 65.6 86.6 50.0 90.6 70.0 86.1 35.4 98.4 73.8 106.7 90.6 58.4 
59.7 59.2 40.2 39.8 20.0 12.8 19.0 54.6 57.2 36.8 11.3 52.0 34.4 54.4 41.0 34.5 34.2 45.1 39.4 66.0 8.9 12.6 50.6 69.3 0.0 38.5 46.4 48.2 34.9 50.2 44.4 22.4 20.6 26.8 30.1 4.5 50.0 42.8 2.8 52.2 34.1 42.8 50.5 23.3 48.4 36.7 32.6 33.3 48.4 26.1 22.8 28.6 8.2 52.3 20.6 21.6 18.4 56.9 33.9 31.6 17.2 42.4 36.8 12.6 
44.7 58.1 75.0 51.1 51.0 34.0 40.0 56.6 93.0 20.4 30.1 45.7 62.0 86.0 23.4 72.0 56.4 17.1 73.3 89.9 34.1 34.5 88.8 97.5 38.5 0.0 59.5 86.6 72.0 85.2 58.1 58.1 53.7 15.2 43.3 34.9 88.4 75.5 40.8 76.2 69.9 75.5 37.4 29.5 82.0 74.0 51.1 26.0 36.0 41.2 59.5 59.4 36.1 32.1 49.5 35.4 55.0 38.1 64.6 45.6 52.0 12.6 8.9 42.4 
98.8 21.6 41.0 85.9 30.6 57.7 65.1 16.1 89.4 72.1 40.5 26.1 22.8 40.5 40.2 48.8 15.2 75.1 38.2 33.0 39.3 35.4 74.9 44.0 46.4 59.5 0.0 65.3 47.2 47.7 2.0 38.6 64.1 45.3 17.9 49.0 65.1 82.5 48.2 22.1 70.9 82.5 34.2 31.6 42.2 69.1 14.0 72.5 87.8 21.5 61.2 72.2 38.8 42.8 28.3 66.5 58.5 42.0 28.4 77.7 60.1 70.8 51.2 34.1 
100.0 86.3 25.1 69.0 41.2 56.3 55.8 80.6 30.1 82.6 57.3 85.6 42.5 36.2 84.3 17.2 50.9 92.2 27.8 58.9 53.4 54.4 12.0 52.0 48.2 86.6 65.3 0.0 18.4 24.1 63.8 31.3 40.5 73.8 60.5 52.0 2.8 37.2 46.0 52.0 28.4 37.2 88.8 64.6 28.6 21.3 55.3 77.3 89.8 58.3 31.6 42.2 51.4 93.9 43.9 61.6 34.9 96.7 36.9 63.6 39.3 90.0 84.0 46.8 
92.3 67.9 10.2 65.1 23.4 45.7 47.7 62.3 43.7 71.5 42.0 67.2 24.4 26.0 67.1 2.0 32.6 80.0 12.0 46.2 38.0 38.2 27.8 43.1 34.9 72.0 47.2 18.4 0.0 17.0 45.6 14.1 35.4 58.1 42.2 39.3 18.9 42.8 33.5 36.5 31.0 42.8 70.7 47.5 17.9 26.1 36.9 67.2 81.4 40.2 27.2 40.5 36.0 76.2 26.0 52.8 28.3 78.7 18.9 58.1 32.6 77.3 68.3 30.3 
108.8 69.3 10.2 82.0 34.2 61.8 64.4 63.8 54.0 86.9 55.3 71.7 27.2 12.2 76.4 18.4 36.1 94.9 12.0 34.9 51.4 50.6 36.1 28.3 50.2 85.2 47.7 24.1 17.0 0.0 46.6 27.9 52.3 70.5 49.0 54.6 22.4 57.6 49.2 30.0 46.5 57.6 77.2 58.0 5.7 40.5 41.8 83.2 97.8 48.4 44.0 57.2 49.5 84.0 36.1 69.3 45.3 85.4 22.4 75.1 49.5 91.8 80.2 42.8 
97.1 22.8 39.7 84.0 28.6 55.8 63.2 17.2 87.7 70.5 38.6 26.3 21.3 39.8 39.4 47.2 13.4 73.6 36.9 33.5 37.4 33.5 73.2 44.2 44.4 58.1 2.0 63.8 45.6 46.6 0.0 36.8 62.1 43.9 16.1 47.1 63.7 80.5 46.2 22.0 69.0 80.5 34.1 30.0 41.2 67.2 12.0 70.7 86.1 19.7 59.2 70.3 36.9 42.4 26.3 64.6 56.6 42.0 26.9 75.7 58.1 69.3 50.0 32.1 
81.6 57.7 17.9 57.7 10.0 34.4 38.2 52.2 51.1 59.1 28.1 55.2 18.0 32.6 53.1 14.6 23.4 67.1 17.2 47.5 24.1 24.1 38.2 48.4 22.4 58.1 38.6 31.3 14.1 27.9 36.8 0.0 29.7 44.0 29.7 26.8 32.3 44.4 21.6 34.9 32.6 44.4 57.7 33.5 26.1 30.5 26.1 55.6 70.5 27.2 24.1 36.9 22.1 62.6 12.8 42.5 22.8 65.5 14.6 50.0 26.0 64.0 54.1 16.1 
59.5 79.1 44.4 29.7 34.1 19.7 16.0 74.2 39.4 44.2 31.6 72.5 47.1 60.5 61.0 33.9 50.0 54.6 44.9 77.3 29.5 33.1 38.1 77.2 20.6 53.7 64.1 40.5 35.4 52.3 62.1 29.7 0.0 45.3 49.5 21.3 43.1 22.6 17.9 64.6 16.5 22.6 71.0 43.9 52.8 22.0 50.2 38.0 49.5 45.6 8.9 8.2 28.6 72.5 36.0 22.0 7.2 77.2 44.3 23.3 4.0 53.4 54.4 30.6 
54.6 47.5 60.3 51.4 36.2 27.2 35.0 44.9 83.8 27.9 16.5 36.2 46.8 70.9 17.1 58.3 41.2 29.7 58.5 74.9 20.4 20.0 77.3 82.3 26.8 15.2 45.3 73.8 58.1 70.5 43.9 44.0 45.3 0.0 28.4 24.4 75.3 67.9 29.5 61.1 60.5 67.9 30.3 14.4 67.1 63.5 36.1 30.3 44.3 26.1 49.4 52.3 22.4 28.6 34.5 32.3 44.9 34.2 49.5 44.3 42.8 25.5 10.2 28.0 
81.0 29.7 39.8 68.7 19.8 40.4 48.2 24.7 80.0 54.4 22.8 25.5 22.1 46.0 28.1 43.3 14.1 58.0 37.4 46.6 22.1 18.1 67.9 55.0 30.1 43.3 17.9 60.5 42.2 49.0 16.1 29.7 49.5 28.4 0.0 32.1 61.1 69.9 32.2 33.1 59.1 69.9 28.6 14.1 44.4 58.8 8.2 54.6 70.0 4.0 48.3 57.7 22.0 34.9 17.0 49.0 44.9 36.8 26.7 60.5 45.6 53.8 35.8 19.0 
55.3 60.5 44.7 36.9 24.1 8.9 16.1 56.1 59.4 32.3 10.8 52.5 38.4 58.8 39.7 38.8 37.6 40.8 43.9 70.0 10.0 14.0 53.9 73.6 4.5 34.9 49.0 52.0 39.3 54.6 47.1 26.8 21.3 24.4 32.1 0.0 54.0 43.9 6.0 56.0 36.1 43.9 50.1 23.4 52.8 39.4 35.4 28.8 44.0 28.1 25.1 28.8 10.2 51.2 24.4 17.9 20.6 56.0 38.2 28.6 18.4 38.2 34.0 16.1 
102.5 86.3 24.4 71.7 42.0 58.5 58.2 80.6 32.2 84.9 58.9 86.0 42.4 34.5 85.4 17.9 51.0 94.3 27.2 57.3 54.9 55.8 14.1 50.0 50.0 88.4 65.1 2.8 18.9 22.4 63.7 32.3 43.1 75.3 61.1 54.0 0.0 40.0 48.0 51.0 31.2 40.0 89.6 65.8 27.2 24.1 55.6 79.6 92.3 59.1 34.2 44.9 53.0 94.8 44.7 64.0 37.4 97.5 36.8 66.2 41.8 92.1 85.5 48.1 
72.1 99.5 53.0 38.2 51.9 41.6 35.8 94.3 20.0 63.2 54.0 94.0 62.3 68.4 83.5 40.8 67.5 74.0 54.6 88.8 51.6 54.9 28.4 85.4 42.8 75.5 82.5 37.2 42.8 57.6 80.5 44.4 22.6 67.9 69.9 43.9 40.0 0.0 40.0 78.0 12.0 0.0 93.2 66.0 60.2 17.1 69.0 56.3 64.1 66.2 21.5 16.1 50.5 95.0 54.4 41.2 25.1 99.6 58.0 36.2 25.6 73.5 76.8 51.0 
60.0 61.6 39.4 38.6 20.6 12.8 17.9 56.9 54.4 37.9 14.1 54.6 35.0 54.0 43.9 33.0 35.4 46.7 38.8 66.6 11.7 15.2 48.1 69.3 2.8 40.8 48.2 46.0 33.5 49.2 46.2 21.6 17.9 29.5 32.2 6.0 48.0 40.0 0.0 52.8 31.2 40.0 53.3 26.1 47.7 34.0 34.2 34.0 48.8 28.3 20.0 26.0 10.8 55.2 21.5 21.3 15.6 59.7 34.1 30.5 14.4 44.2 39.4 14.1 
110.5 42.4 27.2 91.2 32.2 64.9 70.7 37.4 80.0 84.9 50.9 48.2 17.9 20.0 60.2 38.5 20.0 90.0 24.7 14.1 48.2 45.3 63.2 22.4 52.2 76.2 22.1 52.0 36.5 30.0 22.0 34.9 64.6 61.1 33.1 56.0 51.0 78.0 52.8 0.0 66.0 78.0 56.0 46.6 24.4 62.1 25.1 83.5 99.2 35.0 58.9 71.8 46.9 64.3 31.6 73.8 57.7 64.0 20.4 83.2 60.7 86.0 68.9 40.0 
73.8 88.6 41.2 41.2 40.5 36.1 32.2 83.3 23.3 60.5 45.3 83.8 50.4 56.9 75.1 29.1 55.8 71.0 42.8 76.9 42.4 45.3 22.8 74.0 34.1 69.9 70.9 28.4 31.0 46.5 69.0 32.6 16.5 60.5 59.1 36.1 31.2 12.0 31.2 66.0 0.0 12.0 83.7 56.6 48.7 7.2 57.6 54.1 64.5 55.6 11.3 14.6 41.0 86.3 43.1 38.2 15.6 90.6 46.0 36.9 17.9 69.9 70.0 40.5 
72.1 99.5 53.0 38.2 51.9 41.6 35.8 94.3 20.0 63.2 54.0 94.0 62.3 68.4 83.5 40.8 67.5 74.0 54.6 88.8 51.6 54.9 28.4 85.4 42.8 75.5 82.5 37.2 42.8 57.6 80.5 44.4 22.6 67.9 69.9 43.9 40.0 0.0 40.0 78.0 12.0 0.0 93.2 66.0 60.2 17.1 69.0 56.3 64.1 66.2 21.5 16.1 50.5 95.0 54.4 41.2 25.1 99.6 58.0 36.2 25.6 73.5 76.8 51.0 
82.0 22.6 68.4 81.6 47.7 55.7 63.9 23.3 106.1 56.3 39.4 10.0 50.0 72.7 14.1 71.7 41.2 54.4 65.8 67.1 41.6 38.4 95.6 78.2 50.5 37.4 34.2 88.8 70.7 77.2 34.1 57.7 71.0 30.3 28.6 50.1 89.6 93.2 53.3 56.0 83.7 93.2 0.0 27.2 72.3 84.9 35.4 60.0 72.7 30.5 72.5 78.9 42.8 8.9 44.9 62.1 68.4 8.2 55.0 74.2 67.7 50.0 28.6 43.9 
67.2 38.0 48.0 58.0 24.3 30.3 38.5 34.2 79.2 40.5 12.6 29.1 33.0 57.3 19.7 48.1 26.8 43.9 46.0 60.5 14.4 11.3 70.0 68.0 23.3 29.5 31.6 64.6 47.5 58.0 30.0 33.5 43.9 14.4 14.1 23.4 65.8 66.0 26.1 46.6 56.6 66.0 27.2 0.0 54.1 58.1 21.6 41.2 56.4 11.7 45.3 51.9 15.6 30.0 22.1 38.0 41.2 33.9 36.2 50.0 40.5 39.7 22.8 17.9 
107.6 63.8 8.5 82.2 31.0 60.5 63.8 58.3 58.1 85.0 52.5 66.5 22.4 8.2 72.1 19.7 31.0 92.5 8.9 30.3 48.7 47.5 40.4 25.3 48.4 82.0 42.2 28.6 17.9 5.7 41.2 26.1 52.8 67.1 44.4 52.8 27.2 60.2 47.7 24.4 48.7 60.2 72.3 54.1 0.0 43.2 36.9 81.6 96.5 44.0 44.9 58.3 46.8 79.2 32.6 68.4 45.6 80.5 18.0 75.0 49.7 89.2 76.7 39.8 
80.5 87.8 36.2 48.3 39.4 40.8 38.0 82.4 21.3 66.1 47.7 84.0 47.5 51.4 77.2 24.1 53.9 76.4 38.1 72.2 44.4 46.9 16.1 68.4 36.7 74.0 69.1 21.3 26.1 40.5 67.2 30.5 22.0 63.5 58.8 39.4 24.1 17.1 34.0 62.1 7.2 17.1 84.9 58.1 43.2 0.0 56.4 60.0 71.0 55.6 14.6 21.5 42.8 88.1 42.2 44.0 19.0 92.0 42.8 43.7 22.4 75.0 73.3 41.0 
87.2 31.6 33.1 72.3 17.1 44.3 51.4 26.1 77.2 61.0 27.8 30.5 14.6 38.0 36.2 38.2 6.0 65.3 30.5 38.8 26.0 22.4 63.8 46.8 32.6 51.1 14.0 55.3 36.9 41.8 12.0 26.1 50.2 36.1 8.2 35.4 55.6 69.0 34.2 25.1 57.6 69.0 35.4 21.6 36.9 56.4 0.0 60.5 76.0 10.0 47.5 58.3 25.3 42.4 14.6 53.1 44.7 43.7 19.7 64.0 46.2 61.2 43.9 20.1 
26.9 77.7 73.4 25.6 52.5 21.5 22.0 74.7 75.7 7.2 32.8 66.5 66.5 87.7 46.0 66.5 64.0 17.9 72.7 97.7 35.4 38.4 76.0 102.2 33.3 26.0 72.5 77.3 67.2 83.2 70.7 55.6 38.0 30.3 54.6 28.8 79.6 56.3 34.0 83.5 54.1 56.3 60.0 41.2 81.6 60.0 60.5 0.0 15.6 51.1 46.2 40.8 36.8 56.6 52.3 16.0 42.4 62.5 66.8 21.6 38.2 18.4 32.6 43.9 
11.3 91.8 88.2 27.2 67.9 36.1 34.2 89.2 84.1 16.5 48.4 80.0 82.0 102.8 58.5 80.5 79.6 20.9 87.7 113.3 51.0 54.0 87.1 117.6 48.4 36.0 87.8 89.8 81.4 97.8 86.1 70.5 49.5 44.3 70.0 44.0 92.3 64.1 48.8 99.2 64.5 64.1 72.7 56.4 96.5 71.0 76.0 15.6 0.0 66.6 58.2 50.2 52.3 68.0 67.9 28.6 55.0 74.0 82.2 28.0 50.6 24.3 44.2 59.4 
77.7 33.5 38.8 64.8 17.2 36.5 44.2 28.6 76.8 51.2 19.0 28.4 22.1 46.4 28.1 41.2 15.2 55.3 36.5 48.8 18.1 14.1 65.3 56.5 26.1 41.2 21.5 58.3 40.2 48.4 19.7 27.2 45.6 26.1 4.0 28.1 59.1 66.2 28.3 35.0 55.6 66.2 30.5 11.7 44.0 55.6 10.0 51.1 66.6 0.0 44.7 53.9 18.0 36.1 14.4 45.1 41.2 38.5 26.1 56.6 41.8 51.2 34.2 15.2 
68.4 78.0 36.7 38.4 30.6 26.3 24.3 72.8 34.4 52.0 34.1 72.7 42.0 52.8 63.8 25.6 46.4 62.1 37.6 70.9 31.1 34.1 30.1 69.8 22.8 59.5 61.2 31.6 27.2 44.0 59.2 24.1 8.9 49.4 48.3 25.1 34.2 21.5 20.0 58.9 11.3 21.5 72.5 45.3 44.9 14.6 47.5 46.2 58.2 44.7 0.0 13.4 29.7 75.0 33.0 30.3 4.5 79.2 38.5 32.2 8.0 60.5 59.1 29.5 
59.2 87.4 50.1 26.8 42.0 25.6 19.7 82.5 34.9 47.5 39.4 80.6 54.6 66.2 68.4 38.8 58.0 58.2 51.0 84.1 37.6 41.2 37.4 83.2 28.6 59.4 72.2 42.2 40.5 57.2 70.3 36.9 8.2 52.3 57.7 28.8 44.9 16.1 26.0 71.8 14.6 16.1 78.9 51.9 58.3 21.5 58.3 40.8 50.2 53.9 13.4 0.0 36.8 80.0 44.0 25.3 14.1 84.9 51.4 22.4 12.2 57.6 61.0 38.8 
63.7 51.0 39.3 47.1 16.1 19.0 26.3 46.4 63.8 38.8 6.0 43.9 29.7 51.9 34.4 36.1 27.8 45.7 37.9 61.0 2.0 4.5 55.5 65.6 8.2 36.1 38.8 51.4 36.0 49.5 36.9 22.1 28.6 22.4 22.0 10.2 53.0 50.5 10.8 46.9 41.0 50.5 42.8 15.6 46.8 42.8 25.3 36.8 52.3 18.0 29.7 36.8 0.0 45.3 15.6 27.9 25.6 49.5 30.5 38.8 25.1 42.4 32.6 7.2 
76.7 31.2 74.7 79.7 52.8 55.6 63.5 32.2 109.1 52.0 41.0 18.9 56.9 80.2 11.7 77.0 48.4 48.7 72.3 75.7 43.9 41.2 99.9 86.6 52.3 32.1 42.8 93.9 76.2 84.0 42.4 62.6 72.5 28.6 34.9 51.2 94.8 95.0 55.2 64.3 86.3 95.0 8.9 30.0 79.2 88.1 42.4 56.6 68.0 36.1 75.0 80.0 45.3 0.0 50.2 60.9 70.7 6.0 61.6 72.8 69.4 44.4 24.1 47.7 
79.2 45.7 26.0 60.2 2.8 33.3 39.4 40.2 63.2 54.4 20.6 42.4 14.1 36.8 41.2 26.8 14.1 60.8 24.1 45.6 17.2 15.2 51.0 50.0 20.6 49.5 28.3 43.9 26.0 36.1 26.3 12.8 36.0 34.5 17.0 24.4 44.7 54.4 21.5 31.6 43.1 54.4 44.9 22.1 32.6 42.2 14.6 52.3 67.9 14.4 33.0 44.0 15.6 50.2 0.0 42.2 30.3 52.8 15.2 52.0 32.0 57.3 44.2 8.5 
39.4 76.0 60.0 20.0 41.6 8.9 6.0 72.1 60.2 22.4 26.3 66.5 56.0 75.1 49.4 51.9 55.5 33.0 59.7 87.7 27.2 31.0 60.0 90.6 21.6 35.4 66.5 61.6 52.8 69.3 64.6 42.5 22.0 32.3 49.0 17.9 64.0 41.2 21.3 73.8 38.2 41.2 62.1 38.0 68.4 44.0 53.1 16.0 28.6 45.1 30.3 25.3 27.9 60.9 42.2 0.0 26.7 66.5 55.3 12.2 22.4 32.3 38.8 34.0 
65.4 74.7 37.2 36.8 28.1 22.1 20.9 69.6 38.8 48.0 29.7 69.0 40.4 53.3 59.5 26.9 44.0 58.0 37.7 70.2 26.9 30.0 34.2 70.0 18.4 55.0 58.5 34.9 28.3 45.3 56.6 22.8 7.2 44.9 44.9 20.6 37.4 25.1 15.6 57.7 15.6 25.1 68.4 41.2 45.6 19.0 44.7 42.4 55.0 41.2 4.5 14.1 25.6 70.7 30.3 26.7 0.0 75.1 37.4 30.0 4.5 56.3 54.6 26.0 
82.6 27.8 76.6 85.4 55.6 60.8 68.9 29.7 113.2 58.0 45.6 16.5 58.2 80.9 17.1 79.6 49.5 54.6 74.0 74.7 48.2 45.3 103.2 86.1 56.9 38.1 42.0 96.7 78.7 85.4 42.0 65.5 77.2 34.2 36.8 56.0 97.5 99.6 59.7 64.0 90.6 99.6 8.2 33.9 80.5 92.0 43.7 62.5 74.0 38.5 79.2 84.9 49.5 6.0 52.8 66.5 75.1 0.0 63.2 78.4 74.0 50.4 30.1 51.2 
