ClarkeWright Sequential: 
 
Distance Matrix: 
0.0 63.1 76.2 62.8 20.9 45.1 93.6 40.3 81.4 79.8 35.5 61.6 81.9 24.8 54.2 34.4 54.5 15.8 39.2 54.6 14.9 43.3 57.1 48.9 42.4 26.0 24.2 85.7 29.7 25.8 15.0 35.0 48.0 82.8 63.1 84.4 6.7 57.3 24.1 61.0 23.7 68.3 73.1 28.0 52.2 59.0 54.9 55.9 5.1 40.3 20.9 51.0 9.1 44.0 46.8 72.8 26.4 41.7 56.1 35.0 56.4 44.4 20.6 
63.1 0.0 16.6 31.0 81.6 31.1 42.4 45.2 39.0 19.1 46.8 87.0 23.0 80.0 12.1 29.2 29.7 56.0 29.7 41.8 71.2 42.1 70.2 44.4 52.8 37.1 80.0 41.1 77.5 40.0 77.7 63.9 89.6 64.5 89.2 39.1 69.6 34.1 86.1 15.0 40.3 6.4 40.8 86.3 80.1 15.1 43.1 81.0 67.7 23.7 67.1 71.2 66.9 20.0 35.5 67.8 40.0 84.4 69.6 46.0 39.6 40.3 66.1 
76.2 16.6 0.0 45.9 93.1 47.7 26.5 50.2 26.9 4.0 63.3 89.2 6.4 90.1 21.9 43.8 30.8 66.7 46.0 57.9 82.2 46.4 71.3 46.6 56.9 50.5 90.3 27.7 86.1 51.2 90.1 70.2 95.6 57.0 91.4 25.7 82.9 33.2 98.1 30.4 52.6 10.3 54.0 101.0 83.7 31.0 43.1 83.8 80.4 39.1 76.7 74.0 81.0 32.2 39.3 64.0 51.0 91.2 70.9 62.5 39.0 44.4 75.7 
62.8 31.0 45.9 0.0 83.7 17.7 72.4 64.7 70.0 46.8 31.3 106.1 51.7 85.8 37.6 33.6 56.1 63.5 24.6 15.0 75.6 63.0 91.8 67.4 72.3 42.2 85.4 72.1 86.8 50.0 77.5 78.9 102.6 93.7 108.2 70.1 68.1 61.1 86.7 16.0 47.7 36.2 12.0 77.4 97.7 16.1 68.4 99.7 67.9 29.0 75.6 90.6 62.3 36.9 58.3 94.4 50.6 96.6 91.0 31.1 65.8 61.9 74.7 
20.9 81.6 93.1 83.7 0.0 66.0 107.4 49.4 93.8 97.0 55.9 54.3 98.4 10.0 71.6 54.0 67.5 26.6 59.8 75.2 11.2 53.3 56.4 57.6 48.1 45.0 9.1 98.3 19.4 42.0 7.8 35.2 35.4 88.2 55.1 97.2 16.6 69.1 5.7 81.2 41.3 86.3 93.9 29.3 45.9 79.2 64.0 50.0 15.8 60.0 19.8 48.8 24.2 61.8 58.7 75.5 42.2 30.0 55.5 55.5 66.6 54.9 20.5 
45.1 31.1 47.7 17.7 66.0 0.0 72.9 51.0 66.9 50.0 16.6 90.9 54.1 68.2 31.6 18.0 47.2 46.3 7.8 14.9 57.9 50.2 78.0 55.4 58.3 25.5 67.8 69.9 69.5 34.0 59.8 62.9 85.8 85.5 93.0 68.0 50.5 52.2 69.1 20.2 31.1 37.4 28.7 61.4 82.1 18.6 57.7 84.5 50.2 15.5 58.3 75.8 45.0 26.2 46.8 83.5 34.7 79.6 77.2 16.1 55.9 49.4 57.5 
93.6 42.4 26.5 72.4 107.4 72.9 0.0 58.9 15.0 26.0 87.5 89.1 21.0 102.2 43.0 65.4 39.8 81.1 70.0 84.1 96.2 54.8 71.0 51.9 63.1 70.0 102.6 11.0 96.1 67.8 106.0 77.9 101.1 44.3 91.1 11.0 100.2 38.6 112.8 56.8 70.3 36.4 80.2 120.5 86.1 57.3 46.1 85.0 97.1 61.9 88.6 76.2 100.0 52.5 48.8 56.8 67.2 98.1 71.0 86.6 42.4 52.9 87.7 
40.3 45.2 50.2 64.7 49.4 51.0 58.9 0.0 44.7 54.2 54.9 42.2 54.0 43.4 33.1 33.1 20.1 25.0 43.4 65.7 38.4 4.1 27.2 8.6 7.8 28.4 43.8 49.2 37.4 20.0 49.5 20.0 45.4 42.7 44.4 48.3 46.0 20.2 55.0 53.3 24.0 47.1 76.7 68.3 34.9 51.7 14.9 36.1 42.2 36.1 30.0 26.4 48.8 28.3 11.0 35.0 19.0 41.0 26.4 53.9 17.2 6.1 29.2 
81.4 39.0 26.9 70.0 93.8 66.9 15.0 44.7 0.0 28.7 79.8 74.2 24.4 88.1 35.4 56.4 26.9 68.0 62.6 79.8 82.7 40.7 56.0 37.3 48.4 59.4 88.5 4.5 81.7 55.9 93.0 63.2 86.1 32.0 76.2 4.0 87.9 24.7 99.3 54.0 58.8 34.4 79.5 108.9 71.1 54.0 31.3 70.0 84.5 53.9 74.7 61.1 88.4 43.4 35.2 42.7 55.2 83.2 56.0 78.9 27.9 38.9 73.8 
79.8 19.1 4.0 46.8 97.0 50.0 26.0 54.2 28.7 0.0 65.9 93.0 5.0 94.0 25.6 47.2 34.7 70.6 48.8 59.5 86.1 50.4 75.0 50.4 60.8 54.1 94.2 28.8 90.1 55.1 93.9 74.2 99.6 59.5 95.2 26.9 86.5 37.0 101.9 31.8 56.3 12.7 54.2 104.4 87.6 32.6 46.8 87.6 84.2 42.2 80.6 77.9 84.5 35.8 43.3 67.2 54.8 95.2 74.7 65.1 42.7 48.4 79.6 
35.5 46.8 63.3 31.3 55.9 16.6 87.5 54.9 79.8 65.9 0.0 90.4 69.7 60.2 44.7 24.3 56.9 42.2 17.5 19.6 50.0 55.3 80.3 61.2 61.1 26.5 59.6 83.3 63.7 35.2 48.8 61.8 81.4 94.1 92.3 81.4 39.4 61.7 57.9 36.9 31.3 53.2 39.3 46.2 81.1 35.2 65.0 84.1 40.3 26.0 53.1 76.6 32.6 36.7 54.0 89.6 36.1 75.0 79.4 1.0 64.1 55.1 52.4 
61.6 87.0 89.2 106.1 54.3 90.9 89.1 42.2 74.2 93.0 90.4 0.0 91.5 44.3 74.9 73.0 58.7 48.8 83.1 105.0 49.2 44.9 18.2 43.0 34.4 65.8 45.3 78.1 35.1 57.0 60.0 28.7 22.0 51.2 2.2 78.2 63.5 56.0 58.9 95.4 60.2 88.1 118.1 83.0 9.5 93.9 46.2 6.4 59.7 77.1 40.8 15.8 70.2 70.4 51.5 35.4 56.2 25.0 18.4 89.6 50.3 46.6 41.0 
81.9 23.0 6.4 51.7 98.4 54.1 21.0 54.0 24.4 5.0 69.7 91.5 0.0 94.9 27.8 50.0 34.1 71.8 52.4 64.1 87.4 50.0 73.4 49.5 60.2 56.4 95.1 24.2 90.6 56.6 95.6 74.0 99.2 55.9 93.7 22.4 88.6 35.7 103.4 36.4 58.2 16.6 59.2 107.1 86.5 37.2 45.4 86.3 86.0 45.3 81.4 76.7 87.0 38.1 43.0 64.4 56.3 95.0 73.1 68.9 41.2 48.0 80.4 
24.8 80.0 90.1 85.8 10.0 68.2 102.2 43.4 88.1 94.0 60.2 44.3 94.9 0.0 69.2 54.1 62.6 24.0 61.4 78.9 10.3 47.4 47.0 51.1 40.8 44.9 1.0 92.6 9.5 40.0 16.5 26.9 25.7 80.0 45.1 91.7 23.0 63.6 14.9 81.4 40.3 84.1 96.7 39.1 35.9 79.4 57.5 40.0 20.5 60.0 13.6 39.4 30.8 60.0 53.5 66.6 40.0 20.1 46.1 59.6 60.4 49.2 14.6 
54.2 12.1 21.9 37.6 71.6 31.6 43.0 33.1 35.4 25.6 44.7 74.9 27.8 69.2 0.0 22.6 18.9 45.4 27.3 45.0 60.8 30.0 58.4 32.6 40.7 28.7 69.3 38.6 66.1 29.6 68.3 51.9 77.6 56.0 77.2 36.8 60.9 23.7 76.4 22.8 30.7 15.0 48.8 79.3 68.0 21.9 32.0 69.0 58.5 18.9 56.0 59.2 59.2 10.3 23.6 57.5 29.4 72.6 57.8 43.8 28.8 28.3 55.0 
34.4 29.2 43.8 33.6 54.0 18.0 65.4 33.1 56.4 47.2 24.3 73.0 50.0 54.1 22.6 0.0 32.6 30.7 10.3 32.6 44.4 32.6 60.0 38.1 40.3 9.2 53.9 60.0 53.9 16.4 49.3 45.3 69.1 70.0 75.1 58.3 40.8 37.3 58.1 27.3 14.3 34.9 45.5 57.3 64.4 25.3 41.2 66.6 39.2 6.0 42.7 57.8 37.7 13.0 30.1 66.5 17.0 63.1 59.2 23.3 40.0 32.0 41.8 
54.5 29.7 30.8 56.1 67.5 47.2 39.8 20.1 26.9 34.7 56.9 58.7 34.1 62.6 18.9 32.6 0.0 41.3 41.0 61.7 56.4 16.0 41.2 15.8 26.2 33.5 63.0 31.2 57.3 29.1 66.3 40.0 65.1 38.3 60.9 30.0 61.0 5.1 72.9 41.7 32.2 29.7 67.5 82.1 52.9 40.7 13.5 53.1 57.6 32.0 49.0 43.3 61.6 21.0 9.2 38.6 28.3 61.0 40.7 55.9 10.0 14.0 48.1 
15.8 56.0 66.7 63.5 26.6 46.3 81.1 25.0 68.0 70.6 42.2 48.8 71.8 24.0 45.4 30.7 41.3 0.0 38.9 58.8 15.5 28.3 42.0 33.6 26.6 21.5 24.0 72.4 23.3 16.0 25.0 20.6 39.7 67.1 50.6 71.3 21.1 43.4 31.8 57.7 16.5 60.3 74.9 43.4 39.4 55.8 39.8 42.7 17.2 36.4 12.1 36.5 24.7 36.0 32.8 57.0 16.0 33.4 41.0 41.4 41.7 29.7 11.2 
39.2 29.7 46.0 24.6 59.8 7.8 70.0 43.4 62.6 48.8 17.5 83.1 52.4 61.4 27.3 10.3 41.0 38.9 0.0 22.4 51.2 42.7 70.3 48.1 50.6 17.8 61.0 65.9 62.2 26.2 54.1 55.2 78.2 79.1 85.1 64.1 45.0 46.0 63.3 22.6 23.4 36.1 36.1 58.2 74.3 20.6 50.8 76.7 44.3 9.1 51.0 68.0 40.3 20.1 39.8 76.4 26.9 72.1 69.5 16.6 49.3 42.1 50.1 
54.6 41.8 57.9 15.0 75.2 14.9 84.1 65.7 79.8 59.5 19.6 105.0 64.1 78.9 45.0 32.6 61.7 58.8 22.4 0.0 68.6 65.0 92.7 70.2 72.9 39.2 78.4 82.4 81.4 48.0 68.4 76.7 98.5 100.0 107.0 80.4 58.9 66.8 77.5 27.7 44.8 47.8 20.0 65.0 96.0 26.9 72.5 98.6 59.5 30.4 70.4 90.1 52.2 40.8 61.7 98.4 48.8 92.2 91.8 19.9 70.6 64.3 69.7 
14.9 71.2 82.2 75.6 11.2 57.9 96.2 38.4 82.7 86.1 50.0 49.2 87.4 10.3 60.8 44.4 56.4 15.5 51.2 68.6 0.0 42.2 48.1 46.8 37.6 35.2 9.8 87.1 15.2 31.3 12.1 26.0 33.5 78.2 50.4 86.1 14.6 58.0 16.6 71.7 31.0 75.7 86.4 34.5 40.0 69.7 53.2 44.0 11.2 50.4 9.8 41.0 21.9 51.2 47.5 66.2 31.4 27.3 47.1 49.4 55.6 43.8 10.3 
43.3 42.1 46.4 63.0 53.3 50.2 54.8 4.1 40.7 50.4 55.3 44.9 50.0 47.4 30.0 32.6 16.0 28.3 42.7 65.0 42.2 0.0 29.0 6.1 10.8 29.0 47.9 45.2 41.5 21.2 53.1 24.0 49.3 40.5 47.2 44.3 49.2 16.2 58.8 50.9 25.2 43.7 75.0 71.3 38.1 49.5 11.7 38.9 45.5 34.9 34.0 29.2 51.5 26.2 7.1 34.2 20.2 45.0 28.3 54.3 13.5 2.0 33.1 
57.1 70.2 71.3 91.8 56.4 78.0 71.0 27.2 56.0 75.0 80.3 18.2 73.4 47.0 58.4 60.0 41.2 42.0 70.3 92.7 48.1 29.0 0.0 25.8 19.7 54.2 47.9 60.0 37.7 45.3 60.1 22.4 33.1 35.8 20.4 60.0 60.8 38.1 61.7 79.9 49.0 70.8 103.9 82.5 16.2 78.5 28.2 14.1 56.7 63.2 38.3 7.8 66.2 55.2 34.8 20.6 44.4 32.6 1.0 79.4 32.3 30.4 38.1 
48.9 44.4 46.6 67.4 57.6 55.4 51.9 8.6 37.3 50.4 61.2 43.0 49.5 51.1 32.6 38.1 15.8 33.6 48.1 70.2 46.8 6.1 25.8 0.0 11.2 35.0 51.6 41.8 44.4 27.3 58.0 26.0 50.0 34.5 45.2 41.1 54.6 14.0 63.3 54.6 31.3 45.2 79.3 76.9 37.1 53.3 6.4 37.3 50.8 39.9 38.0 27.5 57.2 30.5 9.2 28.4 26.3 46.4 25.2 60.2 9.5 6.1 37.2 
42.4 52.8 56.9 72.3 48.1 58.3 63.1 7.8 48.4 60.8 61.1 34.4 60.2 40.8 40.7 40.3 26.2 26.6 50.6 72.9 37.6 10.8 19.7 11.2 0.0 34.8 41.4 52.8 33.5 26.0 49.4 14.9 39.0 40.8 36.6 52.2 47.4 25.1 53.7 61.1 29.8 54.4 84.4 69.8 27.3 59.5 17.1 28.3 43.4 43.6 28.3 18.6 51.2 36.1 17.7 30.6 25.0 35.2 18.9 60.2 20.6 12.6 27.6 
26.0 37.1 50.5 42.2 45.0 25.5 70.0 28.4 59.4 54.1 26.5 65.8 56.4 44.9 28.7 9.2 33.5 21.5 17.8 39.2 35.2 29.0 54.2 35.0 34.8 0.0 44.7 63.4 44.8 8.9 40.6 37.5 60.5 68.7 67.8 61.8 32.6 37.7 49.3 36.5 5.7 42.4 53.8 50.8 56.9 34.5 39.3 59.4 30.6 15.1 33.6 51.1 30.5 18.4 28.6 63.2 9.8 54.4 53.3 25.5 39.1 29.0 32.7 
24.2 80.0 90.3 85.4 9.1 67.8 102.6 43.8 88.5 94.2 59.6 45.3 95.1 1.0 69.3 53.9 63.0 24.0 61.0 78.4 9.8 47.9 47.9 51.6 41.4 44.7 0.0 93.0 10.4 40.0 15.5 27.6 26.7 80.7 46.1 92.1 22.2 64.0 13.9 81.2 40.2 84.2 96.3 38.1 36.9 79.2 58.0 41.0 19.8 59.8 13.9 40.2 30.0 60.0 53.9 67.4 40.0 21.1 47.0 59.1 60.9 49.7 14.9 
85.7 41.1 27.7 72.1 98.3 69.9 11.0 49.2 4.5 28.8 83.3 78.1 24.2 92.6 38.6 60.0 31.2 72.4 65.9 82.4 87.1 45.2 60.0 41.8 52.8 63.4 93.0 0.0 86.2 60.1 97.4 67.7 90.4 34.1 80.1 2.0 92.2 29.2 103.8 56.1 63.0 36.0 81.2 113.1 75.2 56.2 35.7 74.0 88.9 57.3 79.2 65.3 92.6 47.0 39.7 45.9 59.4 87.6 60.0 82.3 32.3 43.4 78.3 
29.7 77.5 86.1 86.8 19.4 69.5 96.1 37.4 81.7 90.1 63.7 35.1 90.6 9.5 66.1 53.9 57.3 23.3 62.2 81.4 15.2 41.5 37.7 44.4 33.5 44.8 10.4 86.2 0.0 38.3 25.0 18.9 18.4 71.4 36.0 85.4 29.7 57.6 24.4 80.7 39.6 81.1 98.1 48.0 26.5 78.7 50.6 30.6 26.4 59.5 11.2 30.0 37.2 57.7 48.1 57.6 38.1 12.1 36.9 63.0 53.9 43.4 12.1 
25.8 40.0 51.2 50.0 42.0 34.0 67.8 20.0 55.9 55.1 35.2 57.0 56.6 40.0 29.6 16.4 29.1 16.0 26.2 48.0 31.3 21.2 45.3 27.3 26.0 8.9 40.0 60.1 38.3 0.0 39.0 29.0 52.8 61.6 59.0 58.7 32.4 32.4 46.8 42.4 4.0 44.4 61.8 53.0 48.2 40.5 32.3 50.6 29.5 21.5 27.5 42.2 32.6 20.0 22.4 55.0 1.0 47.0 44.4 34.2 32.7 21.6 26.5 
15.0 77.7 90.1 77.5 7.8 59.8 106.0 49.5 93.0 93.9 48.8 60.0 95.6 16.5 68.3 49.3 66.3 25.0 54.1 68.4 12.1 53.1 60.1 58.0 49.4 40.6 15.5 97.4 25.0 39.0 0.0 38.1 42.2 90.1 61.0 96.3 9.5 68.4 9.2 76.0 37.6 82.7 87.4 23.0 51.2 74.0 64.4 55.2 10.0 55.2 21.9 52.9 16.6 58.2 57.8 78.3 39.4 36.5 59.1 48.5 66.5 54.6 22.4 
35.0 63.9 70.2 78.9 35.2 62.9 77.9 20.0 63.2 74.2 61.8 28.7 74.0 26.9 51.9 45.3 40.0 20.6 55.2 76.7 26.0 24.0 22.4 26.0 14.9 37.5 27.6 67.7 18.9 29.0 38.1 0.0 25.7 53.2 30.5 67.1 38.5 39.6 40.8 69.8 31.9 66.5 90.8 60.2 19.4 68.1 32.0 22.4 34.4 50.0 16.2 16.0 44.0 45.2 31.0 40.3 28.3 21.0 21.4 60.9 35.4 26.0 15.8 
48.0 89.6 95.6 102.6 35.4 85.8 101.1 45.4 86.1 99.6 81.4 22.0 99.2 25.7 77.6 69.1 65.1 39.7 78.2 98.5 33.5 49.3 33.1 50.0 39.0 60.5 26.7 90.4 18.4 52.8 42.2 25.7 0.0 69.0 21.9 90.1 47.9 64.0 39.0 94.8 54.9 92.2 114.3 64.6 17.2 93.0 55.2 20.5 44.7 74.3 28.3 26.0 55.5 70.6 56.3 53.5 52.4 6.4 32.6 80.7 59.1 51.2 29.0 
82.8 64.5 57.0 93.7 88.2 85.5 44.3 42.7 32.0 59.5 94.1 51.2 55.9 80.0 56.0 70.0 38.3 67.1 79.1 100.0 78.2 40.5 35.8 34.5 40.8 68.7 80.7 34.1 71.4 61.6 90.1 53.2 69.0 0.0 52.9 35.2 88.1 33.2 93.9 78.4 65.5 61.8 104.7 110.5 51.9 77.8 29.4 49.2 84.1 70.2 68.6 43.3 91.4 59.3 40.2 15.8 60.6 68.2 36.4 93.1 30.0 40.0 68.0 
63.1 89.2 91.4 108.2 55.1 93.0 91.1 44.4 76.2 95.2 92.3 2.2 93.7 45.1 77.2 75.1 60.9 50.6 85.1 107.0 50.4 47.2 20.4 45.2 36.6 67.8 46.1 80.1 36.0 59.0 61.0 30.5 21.9 52.9 0.0 80.2 64.8 58.2 59.5 97.6 62.2 90.3 120.2 84.0 11.2 96.0 48.4 8.5 61.0 79.2 42.2 18.0 71.6 72.6 53.7 37.1 58.3 25.5 20.6 91.4 52.5 48.9 42.4 
84.4 39.1 25.7 70.1 97.2 68.0 11.0 48.3 4.0 26.9 81.4 78.2 22.4 91.7 36.8 58.3 30.0 71.3 64.1 80.4 86.1 44.3 60.0 41.1 52.2 61.8 92.1 2.0 85.4 58.7 96.3 67.1 90.1 35.2 80.2 0.0 90.9 28.2 102.7 54.1 61.5 34.0 79.2 111.7 75.1 54.2 35.2 74.0 87.6 55.5 78.3 65.1 91.2 45.3 38.6 46.5 58.1 87.1 60.0 80.5 31.6 42.5 77.4 
6.7 69.6 82.9 68.1 16.6 50.5 100.2 46.0 87.9 86.5 39.4 63.5 88.6 23.0 60.9 40.8 61.0 21.1 45.0 58.9 14.6 49.2 60.8 54.6 47.4 32.6 22.2 92.2 29.7 32.4 9.5 38.5 47.9 88.1 64.8 90.9 0.0 63.6 18.7 67.1 30.4 74.9 77.9 22.4 54.2 65.1 60.8 58.1 4.1 46.7 23.0 54.2 7.8 50.7 53.0 77.5 33.0 41.8 59.8 39.0 62.5 50.4 23.0 
57.3 34.1 33.2 61.1 69.1 52.2 38.6 20.2 24.7 37.0 61.7 56.0 35.7 63.6 23.7 37.3 5.1 43.4 46.0 66.8 58.0 16.2 38.1 14.0 25.1 37.7 64.0 29.2 57.6 32.4 68.4 39.6 64.0 33.2 58.2 28.2 63.6 0.0 74.6 46.5 35.8 33.4 72.5 85.1 50.8 45.6 9.8 50.7 60.1 37.0 50.1 41.0 64.8 26.1 10.6 33.8 31.6 60.3 37.7 60.7 5.8 14.3 49.2 
24.1 86.1 98.1 86.7 5.7 69.1 112.8 55.0 99.3 101.9 57.9 58.9 103.4 14.9 76.4 58.1 72.9 31.8 63.3 77.5 16.6 58.8 61.7 63.3 53.7 49.3 13.9 103.8 24.4 46.8 9.2 40.8 39.0 93.9 59.5 102.7 18.7 74.6 0.0 85.0 45.9 91.0 96.6 26.2 50.7 83.0 69.7 54.8 19.0 64.1 25.5 54.1 25.5 66.5 64.1 81.0 47.1 34.1 60.8 57.6 72.2 60.5 26.2 
61.0 15.0 30.4 16.0 81.2 20.2 56.8 53.3 54.0 31.8 36.9 95.4 36.4 81.4 22.8 27.3 41.7 57.7 22.6 27.7 71.7 50.9 79.9 54.6 61.1 36.5 81.2 56.1 80.7 42.4 76.0 69.8 94.8 78.4 97.6 54.1 67.1 46.5 85.0 0.0 41.2 20.4 26.2 80.7 87.7 2.0 54.6 89.2 66.0 21.4 69.6 79.6 62.8 25.0 45.3 80.3 42.7 89.2 79.2 36.4 51.6 49.5 68.7 
23.7 40.3 52.6 47.7 41.3 31.1 70.3 24.0 58.8 56.3 31.3 60.2 58.2 40.3 30.7 14.3 32.2 16.5 23.4 44.8 31.0 25.2 49.0 31.3 29.8 5.7 40.2 63.0 39.6 4.0 37.6 31.9 54.9 65.5 62.2 61.5 30.4 35.8 45.9 41.2 0.0 45.1 59.4 50.2 51.2 39.3 36.1 53.8 27.9 19.9 28.5 45.7 29.7 20.6 26.0 59.0 5.0 48.9 48.1 30.4 36.4 25.5 27.5 
68.3 6.4 10.3 36.2 86.3 37.4 36.4 47.1 34.4 12.7 53.2 88.1 16.6 84.1 15.0 34.9 29.7 60.3 36.1 47.8 75.7 43.7 70.8 45.2 54.4 42.4 84.2 36.0 81.1 44.4 82.7 66.5 92.2 61.8 90.3 34.0 74.9 33.4 91.0 20.4 45.1 0.0 45.2 92.2 81.7 20.9 43.0 82.3 72.8 29.7 71.0 72.5 72.5 24.5 36.8 66.5 44.3 87.3 70.3 52.4 39.2 41.8 70.0 
73.1 40.8 54.0 12.0 93.9 28.7 80.2 76.7 79.5 54.2 39.3 118.1 59.2 96.7 48.8 45.5 67.5 74.9 36.1 20.0 86.4 75.0 103.9 79.3 84.4 53.8 96.3 81.2 98.1 61.8 87.4 90.8 114.3 104.7 120.2 79.2 77.9 72.5 96.6 26.2 59.4 45.2 0.0 85.0 109.7 26.9 80.1 111.7 78.1 41.0 87.0 102.6 71.6 48.8 70.2 106.0 62.5 108.2 103.1 39.5 77.4 73.8 86.1 
28.0 86.3 101.0 77.4 29.3 61.4 120.5 68.3 108.9 104.4 46.2 83.0 107.1 39.1 79.3 57.3 82.1 43.4 58.2 65.0 34.5 71.3 82.5 76.9 69.8 50.8 38.1 113.1 48.0 53.0 23.0 60.2 64.6 110.5 84.0 111.7 22.4 85.1 26.2 80.7 50.2 92.2 85.0 0.0 74.2 78.7 82.9 78.2 26.4 62.6 44.1 75.5 20.5 69.1 74.7 99.7 53.8 59.2 81.5 46.3 84.4 72.4 44.4 
52.2 80.1 83.7 97.7 45.9 82.1 86.1 34.9 71.1 87.6 81.1 9.5 86.5 35.9 68.0 64.4 52.9 39.4 74.3 96.0 40.0 38.1 16.2 37.1 27.3 56.9 36.9 75.2 26.5 48.2 51.2 19.4 17.2 51.9 11.2 75.1 54.2 50.8 50.7 87.7 51.2 81.7 109.7 74.2 0.0 86.0 41.3 4.1 50.4 68.7 31.4 10.0 60.8 62.7 44.9 36.4 47.4 18.0 15.8 80.3 45.4 39.9 31.6 
59.0 15.1 31.0 16.1 79.2 18.6 57.3 51.7 54.0 32.6 35.2 93.9 37.2 79.4 21.9 25.3 40.7 55.8 20.6 26.9 69.7 49.5 78.5 53.3 59.5 34.5 79.2 56.2 78.7 40.5 74.0 68.1 93.0 77.8 96.0 54.2 65.1 45.6 83.0 2.0 39.3 20.9 26.9 78.7 86.0 0.0 53.5 87.6 64.0 19.4 67.7 78.1 60.8 23.4 44.0 79.3 40.9 87.3 77.8 34.7 50.6 48.1 66.8 
54.9 43.1 43.1 68.4 64.0 57.7 46.1 14.9 31.3 46.8 65.0 46.2 45.4 57.5 32.0 41.2 13.5 39.8 50.8 72.5 53.2 11.7 28.2 6.4 17.1 39.3 58.0 35.7 50.6 32.3 64.4 32.0 55.2 29.4 48.4 35.2 60.8 9.8 69.7 54.6 36.1 43.0 80.1 82.9 41.3 53.5 0.0 41.0 57.0 42.2 44.4 31.4 63.1 32.0 11.0 26.0 31.3 52.0 27.9 64.0 4.1 10.8 43.6 
55.9 81.0 83.8 99.7 50.0 84.5 85.0 36.1 70.0 87.6 84.1 6.4 86.3 40.0 69.0 66.6 53.1 42.7 76.7 98.6 44.0 38.9 14.1 37.3 28.3 59.4 41.0 74.0 30.6 50.6 55.2 22.4 20.5 49.2 8.5 74.0 58.1 50.7 54.8 89.2 53.8 82.3 111.7 78.2 4.1 87.6 41.0 0.0 54.2 70.7 35.2 9.8 64.6 64.2 45.6 33.5 49.8 22.0 14.0 83.2 45.1 40.7 35.4 
5.1 67.7 80.4 67.9 15.8 50.2 97.1 42.2 84.5 84.2 40.3 59.7 86.0 20.5 58.5 39.2 57.6 17.2 44.3 59.5 11.2 45.5 56.7 50.8 43.4 30.6 19.8 88.9 26.4 29.5 10.0 34.4 44.7 84.1 61.0 87.6 4.1 60.1 19.0 66.0 27.9 72.8 78.1 26.4 50.4 64.0 57.0 54.2 0.0 45.2 19.0 50.2 10.8 48.4 49.5 73.4 30.0 38.5 55.7 39.8 58.8 46.8 19.0 
40.3 23.7 39.1 29.0 60.0 15.5 61.9 36.1 53.9 42.2 26.0 77.1 45.3 60.0 18.9 6.0 32.0 36.4 9.1 30.4 50.4 34.9 63.2 39.9 43.6 15.1 59.8 57.3 59.5 21.5 55.2 50.0 74.3 70.2 79.2 55.5 46.7 37.0 64.1 21.4 19.9 29.7 41.0 62.6 68.7 19.4 42.2 70.7 45.2 0.0 48.4 61.6 43.3 11.0 31.3 68.0 22.0 68.4 62.4 25.1 40.4 34.0 47.4 
20.9 67.1 76.7 75.6 19.8 58.3 88.6 30.0 74.7 80.6 53.1 40.8 81.4 13.6 56.0 42.7 49.0 12.1 51.0 70.4 9.8 34.0 38.3 38.0 28.3 33.6 13.9 79.2 11.2 27.5 21.9 16.2 28.3 68.6 42.2 78.3 23.0 50.1 25.5 69.6 28.5 71.0 87.0 44.1 31.4 67.7 44.4 35.2 19.0 48.4 0.0 31.4 29.4 47.2 39.9 56.4 27.3 21.9 37.4 52.3 47.2 35.8 1.0 
51.0 71.2 74.0 90.6 48.8 75.8 76.2 26.4 61.1 77.9 76.6 15.8 76.7 39.4 59.2 57.8 43.3 36.5 68.0 90.1 41.0 29.2 7.8 27.5 18.6 51.1 40.2 65.3 30.0 42.2 52.9 16.0 26.0 43.3 18.0 65.1 54.2 41.0 54.1 79.6 45.7 72.5 102.6 75.5 10.0 78.1 31.4 9.8 50.2 61.6 31.4 0.0 60.0 54.7 35.8 28.3 41.3 25.0 7.1 75.6 35.5 30.9 31.3 
9.1 66.9 81.0 62.3 24.2 45.0 100.0 48.8 88.4 84.5 32.6 70.2 87.0 30.8 59.2 37.7 61.6 24.7 40.3 52.2 21.9 51.5 66.2 57.2 51.2 30.5 30.0 92.6 37.2 32.6 16.6 44.0 55.5 91.4 71.6 91.2 7.8 64.8 25.5 62.8 29.7 72.5 71.6 20.5 60.8 60.8 63.1 64.6 10.8 43.3 29.4 60.0 0.0 48.9 54.4 81.7 33.3 49.2 65.2 32.3 64.4 52.5 29.3 
44.0 20.0 32.2 36.9 61.8 26.2 52.5 28.3 43.4 35.8 36.7 70.4 38.1 60.0 10.3 13.0 21.0 36.0 20.1 40.8 51.2 26.2 55.2 30.5 36.1 18.4 60.0 47.0 57.7 20.0 58.2 45.2 70.6 59.3 72.6 45.3 50.7 26.1 66.5 25.0 20.6 24.5 48.8 69.1 62.7 23.4 32.0 64.2 48.4 11.0 47.2 54.7 48.9 0.0 21.5 57.9 20.0 65.1 54.5 35.7 29.8 25.0 46.2 
46.8 35.5 39.3 58.3 58.7 46.8 48.8 11.0 35.2 43.3 54.0 51.5 43.0 53.5 23.6 30.1 9.2 32.8 39.8 61.7 47.5 7.1 34.8 9.2 17.7 28.6 53.9 39.7 48.1 22.4 57.8 31.0 56.3 40.2 53.7 38.6 53.0 10.6 64.1 45.3 26.0 36.8 70.2 74.7 44.9 44.0 11.0 45.6 49.5 31.3 39.9 35.8 54.4 21.5 0.0 36.7 21.5 52.0 34.2 53.0 10.4 5.1 39.0 
72.8 67.8 64.0 94.4 75.5 83.5 56.8 35.0 42.7 67.2 89.6 35.4 64.4 66.6 57.5 66.5 38.6 57.0 76.4 98.4 66.2 34.2 20.6 28.4 30.6 63.2 67.4 45.9 57.6 55.0 78.3 40.3 53.5 15.8 37.1 46.5 77.5 33.8 81.0 80.3 59.0 66.5 106.0 99.7 36.4 79.3 26.0 33.5 73.4 68.0 56.4 28.3 81.7 57.9 36.7 0.0 54.0 53.3 21.3 88.6 28.7 34.5 55.9 
26.4 40.0 51.0 50.6 42.2 34.7 67.2 19.0 55.2 54.8 36.1 56.2 56.3 40.0 29.4 17.0 28.3 16.0 26.9 48.8 31.4 20.2 44.4 26.3 25.0 9.8 40.0 59.4 38.1 1.0 39.4 28.3 52.4 60.6 58.3 58.1 33.0 31.6 47.1 42.7 5.0 44.3 62.5 53.8 47.4 40.9 31.3 49.8 30.0 22.0 27.3 41.3 33.3 20.0 21.5 54.0 0.0 46.5 43.5 35.2 31.8 20.6 26.3 
41.7 84.4 91.2 96.6 30.0 79.6 98.1 41.0 83.2 95.2 75.0 25.0 95.0 20.1 72.6 63.1 61.0 33.4 72.1 92.2 27.3 45.0 32.6 46.4 35.2 54.4 21.1 87.6 12.1 47.0 36.5 21.0 6.4 68.2 25.5 87.1 41.8 60.3 34.1 89.2 48.9 87.3 108.2 59.2 18.0 87.3 52.0 22.0 38.5 68.4 21.9 25.0 49.2 65.1 52.0 53.3 46.5 0.0 32.0 74.3 55.7 47.0 22.6 
56.1 69.6 70.9 91.0 55.5 77.2 71.0 26.4 56.0 74.7 79.4 18.4 73.1 46.1 57.8 59.2 40.7 41.0 69.5 91.8 47.1 28.3 1.0 25.2 18.9 53.3 47.0 60.0 36.9 44.4 59.1 21.4 32.6 36.4 20.6 60.0 59.8 37.7 60.8 79.2 48.1 70.3 103.1 81.5 15.8 77.8 27.9 14.0 55.7 62.4 37.4 7.1 65.2 54.5 34.2 21.3 43.5 32.0 0.0 78.4 32.0 29.7 37.1 
35.0 46.0 62.5 31.1 55.5 16.1 86.6 53.9 78.9 65.1 1.0 89.6 68.9 59.6 43.8 23.3 55.9 41.4 16.6 19.9 49.4 54.3 79.4 60.2 60.2 25.5 59.1 82.3 63.0 34.2 48.5 60.9 80.7 93.1 91.4 80.5 39.0 60.7 57.6 36.4 30.4 52.4 39.5 46.3 80.3 34.7 64.0 83.2 39.8 25.1 52.3 75.6 32.3 35.7 53.0 88.6 35.2 74.3 78.4 0.0 63.1 54.1 51.7 
56.4 39.6 39.0 65.8 66.6 55.9 42.4 17.2 27.9 42.7 64.1 50.3 41.2 60.4 28.8 40.0 10.0 41.7 49.3 70.6 55.6 13.5 32.3 9.5 20.6 39.1 60.9 32.3 53.9 32.7 66.5 35.4 59.1 30.0 52.5 31.6 62.5 5.8 72.2 51.6 36.4 39.2 77.4 84.4 45.4 50.6 4.1 45.1 58.8 40.4 47.2 35.5 64.4 29.8 10.4 28.7 31.8 55.7 32.0 63.1 0.0 12.0 46.3 
44.4 40.3 44.4 61.9 54.9 49.4 52.9 6.1 38.9 48.4 55.1 46.6 48.0 49.2 28.3 32.0 14.0 29.7 42.1 64.3 43.8 2.0 30.4 6.1 12.6 29.0 49.7 43.4 43.4 21.6 54.6 26.0 51.2 40.0 48.9 42.5 50.4 14.3 60.5 49.5 25.5 41.8 73.8 72.4 39.9 48.1 10.8 40.7 46.8 34.0 35.8 30.9 52.5 25.0 5.1 34.5 20.6 47.0 29.7 54.1 12.0 0.0 34.9 
20.6 66.1 75.7 74.7 20.5 57.5 87.7 29.2 73.8 79.6 52.4 41.0 80.4 14.6 55.0 41.8 48.1 11.2 50.1 69.7 10.3 33.1 38.1 37.2 27.6 32.7 14.9 78.3 12.1 26.5 22.4 15.8 29.0 68.0 42.4 77.4 23.0 49.2 26.2 68.7 27.5 70.0 86.1 44.4 31.6 66.8 43.6 35.4 19.0 47.4 1.0 31.3 29.3 46.2 39.0 55.9 26.3 22.6 37.1 51.7 46.3 34.9 0.0 

Routes: 
Route: 0 1 41 9 2 12 6 39 42 45 7 29 0 | Demand: 100.0| Cost: 321.0
Route: 0 3 19 5 14 18 35 49 11 50 0 | Demand: 100.0| Cost: 410.0
Route: 0 4 38 26 13 22 40 0 | Demand: 100.0| Cost: 161.2
Route: 0 8 27 33 37 54 21 0 | Demand: 98.0| Cost: 214.2
Route: 0 10 59 15 23 57 62 0 | Demand: 95.0| Cost: 187.5
Route: 0 16 60 55 34 58 0 | Demand: 96.0| Cost: 207.0
Route: 0 17 24 61 51 31 47 44 0 | Demand: 98.0| Cost: 180.6
Route: 0 20 28 32 56 30 36 0 | Demand: 96.0| Cost: 156.5
Route: 0 25 53 46 0 | Demand: 92.0| Cost: 131.3
Route: 0 43 52 48 0 | Demand: 57.0| Cost: 64.4

Total cost: 2033.7
Execution time: 0.019

-----------------------------------------

ClarkeWright Parallel: 
 
Distance Matrix: 
0.0 63.1 76.2 62.8 20.9 45.1 93.6 40.3 81.4 79.8 35.5 61.6 81.9 24.8 54.2 34.4 54.5 15.8 39.2 54.6 14.9 43.3 57.1 48.9 42.4 26.0 24.2 85.7 29.7 25.8 15.0 35.0 48.0 82.8 63.1 84.4 6.7 57.3 24.1 61.0 23.7 68.3 73.1 28.0 52.2 59.0 54.9 55.9 5.1 40.3 20.9 51.0 9.1 44.0 46.8 72.8 26.4 41.7 56.1 35.0 56.4 44.4 20.6 
63.1 0.0 16.6 31.0 81.6 31.1 42.4 45.2 39.0 19.1 46.8 87.0 23.0 80.0 12.1 29.2 29.7 56.0 29.7 41.8 71.2 42.1 70.2 44.4 52.8 37.1 80.0 41.1 77.5 40.0 77.7 63.9 89.6 64.5 89.2 39.1 69.6 34.1 86.1 15.0 40.3 6.4 40.8 86.3 80.1 15.1 43.1 81.0 67.7 23.7 67.1 71.2 66.9 20.0 35.5 67.8 40.0 84.4 69.6 46.0 39.6 40.3 66.1 
76.2 16.6 0.0 45.9 93.1 47.7 26.5 50.2 26.9 4.0 63.3 89.2 6.4 90.1 21.9 43.8 30.8 66.7 46.0 57.9 82.2 46.4 71.3 46.6 56.9 50.5 90.3 27.7 86.1 51.2 90.1 70.2 95.6 57.0 91.4 25.7 82.9 33.2 98.1 30.4 52.6 10.3 54.0 101.0 83.7 31.0 43.1 83.8 80.4 39.1 76.7 74.0 81.0 32.2 39.3 64.0 51.0 91.2 70.9 62.5 39.0 44.4 75.7 
62.8 31.0 45.9 0.0 83.7 17.7 72.4 64.7 70.0 46.8 31.3 106.1 51.7 85.8 37.6 33.6 56.1 63.5 24.6 15.0 75.6 63.0 91.8 67.4 72.3 42.2 85.4 72.1 86.8 50.0 77.5 78.9 102.6 93.7 108.2 70.1 68.1 61.1 86.7 16.0 47.7 36.2 12.0 77.4 97.7 16.1 68.4 99.7 67.9 29.0 75.6 90.6 62.3 36.9 58.3 94.4 50.6 96.6 91.0 31.1 65.8 61.9 74.7 
20.9 81.6 93.1 83.7 0.0 66.0 107.4 49.4 93.8 97.0 55.9 54.3 98.4 10.0 71.6 54.0 67.5 26.6 59.8 75.2 11.2 53.3 56.4 57.6 48.1 45.0 9.1 98.3 19.4 42.0 7.8 35.2 35.4 88.2 55.1 97.2 16.6 69.1 5.7 81.2 41.3 86.3 93.9 29.3 45.9 79.2 64.0 50.0 15.8 60.0 19.8 48.8 24.2 61.8 58.7 75.5 42.2 30.0 55.5 55.5 66.6 54.9 20.5 
45.1 31.1 47.7 17.7 66.0 0.0 72.9 51.0 66.9 50.0 16.6 90.9 54.1 68.2 31.6 18.0 47.2 46.3 7.8 14.9 57.9 50.2 78.0 55.4 58.3 25.5 67.8 69.9 69.5 34.0 59.8 62.9 85.8 85.5 93.0 68.0 50.5 52.2 69.1 20.2 31.1 37.4 28.7 61.4 82.1 18.6 57.7 84.5 50.2 15.5 58.3 75.8 45.0 26.2 46.8 83.5 34.7 79.6 77.2 16.1 55.9 49.4 57.5 
93.6 42.4 26.5 72.4 107.4 72.9 0.0 58.9 15.0 26.0 87.5 89.1 21.0 102.2 43.0 65.4 39.8 81.1 70.0 84.1 96.2 54.8 71.0 51.9 63.1 70.0 102.6 11.0 96.1 67.8 106.0 77.9 101.1 44.3 91.1 11.0 100.2 38.6 112.8 56.8 70.3 36.4 80.2 120.5 86.1 57.3 46.1 85.0 97.1 61.9 88.6 76.2 100.0 52.5 48.8 56.8 67.2 98.1 71.0 86.6 42.4 52.9 87.7 
40.3 45.2 50.2 64.7 49.4 51.0 58.9 0.0 44.7 54.2 54.9 42.2 54.0 43.4 33.1 33.1 20.1 25.0 43.4 65.7 38.4 4.1 27.2 8.6 7.8 28.4 43.8 49.2 37.4 20.0 49.5 20.0 45.4 42.7 44.4 48.3 46.0 20.2 55.0 53.3 24.0 47.1 76.7 68.3 34.9 51.7 14.9 36.1 42.2 36.1 30.0 26.4 48.8 28.3 11.0 35.0 19.0 41.0 26.4 53.9 17.2 6.1 29.2 
81.4 39.0 26.9 70.0 93.8 66.9 15.0 44.7 0.0 28.7 79.8 74.2 24.4 88.1 35.4 56.4 26.9 68.0 62.6 79.8 82.7 40.7 56.0 37.3 48.4 59.4 88.5 4.5 81.7 55.9 93.0 63.2 86.1 32.0 76.2 4.0 87.9 24.7 99.3 54.0 58.8 34.4 79.5 108.9 71.1 54.0 31.3 70.0 84.5 53.9 74.7 61.1 88.4 43.4 35.2 42.7 55.2 83.2 56.0 78.9 27.9 38.9 73.8 
79.8 19.1 4.0 46.8 97.0 50.0 26.0 54.2 28.7 0.0 65.9 93.0 5.0 94.0 25.6 47.2 34.7 70.6 48.8 59.5 86.1 50.4 75.0 50.4 60.8 54.1 94.2 28.8 90.1 55.1 93.9 74.2 99.6 59.5 95.2 26.9 86.5 37.0 101.9 31.8 56.3 12.7 54.2 104.4 87.6 32.6 46.8 87.6 84.2 42.2 80.6 77.9 84.5 35.8 43.3 67.2 54.8 95.2 74.7 65.1 42.7 48.4 79.6 
35.5 46.8 63.3 31.3 55.9 16.6 87.5 54.9 79.8 65.9 0.0 90.4 69.7 60.2 44.7 24.3 56.9 42.2 17.5 19.6 50.0 55.3 80.3 61.2 61.1 26.5 59.6 83.3 63.7 35.2 48.8 61.8 81.4 94.1 92.3 81.4 39.4 61.7 57.9 36.9 31.3 53.2 39.3 46.2 81.1 35.2 65.0 84.1 40.3 26.0 53.1 76.6 32.6 36.7 54.0 89.6 36.1 75.0 79.4 1.0 64.1 55.1 52.4 
61.6 87.0 89.2 106.1 54.3 90.9 89.1 42.2 74.2 93.0 90.4 0.0 91.5 44.3 74.9 73.0 58.7 48.8 83.1 105.0 49.2 44.9 18.2 43.0 34.4 65.8 45.3 78.1 35.1 57.0 60.0 28.7 22.0 51.2 2.2 78.2 63.5 56.0 58.9 95.4 60.2 88.1 118.1 83.0 9.5 93.9 46.2 6.4 59.7 77.1 40.8 15.8 70.2 70.4 51.5 35.4 56.2 25.0 18.4 89.6 50.3 46.6 41.0 
81.9 23.0 6.4 51.7 98.4 54.1 21.0 54.0 24.4 5.0 69.7 91.5 0.0 94.9 27.8 50.0 34.1 71.8 52.4 64.1 87.4 50.0 73.4 49.5 60.2 56.4 95.1 24.2 90.6 56.6 95.6 74.0 99.2 55.9 93.7 22.4 88.6 35.7 103.4 36.4 58.2 16.6 59.2 107.1 86.5 37.2 45.4 86.3 86.0 45.3 81.4 76.7 87.0 38.1 43.0 64.4 56.3 95.0 73.1 68.9 41.2 48.0 80.4 
24.8 80.0 90.1 85.8 10.0 68.2 102.2 43.4 88.1 94.0 60.2 44.3 94.9 0.0 69.2 54.1 62.6 24.0 61.4 78.9 10.3 47.4 47.0 51.1 40.8 44.9 1.0 92.6 9.5 40.0 16.5 26.9 25.7 80.0 45.1 91.7 23.0 63.6 14.9 81.4 40.3 84.1 96.7 39.1 35.9 79.4 57.5 40.0 20.5 60.0 13.6 39.4 30.8 60.0 53.5 66.6 40.0 20.1 46.1 59.6 60.4 49.2 14.6 
54.2 12.1 21.9 37.6 71.6 31.6 43.0 33.1 35.4 25.6 44.7 74.9 27.8 69.2 0.0 22.6 18.9 45.4 27.3 45.0 60.8 30.0 58.4 32.6 40.7 28.7 69.3 38.6 66.1 29.6 68.3 51.9 77.6 56.0 77.2 36.8 60.9 23.7 76.4 22.8 30.7 15.0 48.8 79.3 68.0 21.9 32.0 69.0 58.5 18.9 56.0 59.2 59.2 10.3 23.6 57.5 29.4 72.6 57.8 43.8 28.8 28.3 55.0 
34.4 29.2 43.8 33.6 54.0 18.0 65.4 33.1 56.4 47.2 24.3 73.0 50.0 54.1 22.6 0.0 32.6 30.7 10.3 32.6 44.4 32.6 60.0 38.1 40.3 9.2 53.9 60.0 53.9 16.4 49.3 45.3 69.1 70.0 75.1 58.3 40.8 37.3 58.1 27.3 14.3 34.9 45.5 57.3 64.4 25.3 41.2 66.6 39.2 6.0 42.7 57.8 37.7 13.0 30.1 66.5 17.0 63.1 59.2 23.3 40.0 32.0 41.8 
54.5 29.7 30.8 56.1 67.5 47.2 39.8 20.1 26.9 34.7 56.9 58.7 34.1 62.6 18.9 32.6 0.0 41.3 41.0 61.7 56.4 16.0 41.2 15.8 26.2 33.5 63.0 31.2 57.3 29.1 66.3 40.0 65.1 38.3 60.9 30.0 61.0 5.1 72.9 41.7 32.2 29.7 67.5 82.1 52.9 40.7 13.5 53.1 57.6 32.0 49.0 43.3 61.6 21.0 9.2 38.6 28.3 61.0 40.7 55.9 10.0 14.0 48.1 
15.8 56.0 66.7 63.5 26.6 46.3 81.1 25.0 68.0 70.6 42.2 48.8 71.8 24.0 45.4 30.7 41.3 0.0 38.9 58.8 15.5 28.3 42.0 33.6 26.6 21.5 24.0 72.4 23.3 16.0 25.0 20.6 39.7 67.1 50.6 71.3 21.1 43.4 31.8 57.7 16.5 60.3 74.9 43.4 39.4 55.8 39.8 42.7 17.2 36.4 12.1 36.5 24.7 36.0 32.8 57.0 16.0 33.4 41.0 41.4 41.7 29.7 11.2 
39.2 29.7 46.0 24.6 59.8 7.8 70.0 43.4 62.6 48.8 17.5 83.1 52.4 61.4 27.3 10.3 41.0 38.9 0.0 22.4 51.2 42.7 70.3 48.1 50.6 17.8 61.0 65.9 62.2 26.2 54.1 55.2 78.2 79.1 85.1 64.1 45.0 46.0 63.3 22.6 23.4 36.1 36.1 58.2 74.3 20.6 50.8 76.7 44.3 9.1 51.0 68.0 40.3 20.1 39.8 76.4 26.9 72.1 69.5 16.6 49.3 42.1 50.1 
54.6 41.8 57.9 15.0 75.2 14.9 84.1 65.7 79.8 59.5 19.6 105.0 64.1 78.9 45.0 32.6 61.7 58.8 22.4 0.0 68.6 65.0 92.7 70.2 72.9 39.2 78.4 82.4 81.4 48.0 68.4 76.7 98.5 100.0 107.0 80.4 58.9 66.8 77.5 27.7 44.8 47.8 20.0 65.0 96.0 26.9 72.5 98.6 59.5 30.4 70.4 90.1 52.2 40.8 61.7 98.4 48.8 92.2 91.8 19.9 70.6 64.3 69.7 
14.9 71.2 82.2 75.6 11.2 57.9 96.2 38.4 82.7 86.1 50.0 49.2 87.4 10.3 60.8 44.4 56.4 15.5 51.2 68.6 0.0 42.2 48.1 46.8 37.6 35.2 9.8 87.1 15.2 31.3 12.1 26.0 33.5 78.2 50.4 86.1 14.6 58.0 16.6 71.7 31.0 75.7 86.4 34.5 40.0 69.7 53.2 44.0 11.2 50.4 9.8 41.0 21.9 51.2 47.5 66.2 31.4 27.3 47.1 49.4 55.6 43.8 10.3 
43.3 42.1 46.4 63.0 53.3 50.2 54.8 4.1 40.7 50.4 55.3 44.9 50.0 47.4 30.0 32.6 16.0 28.3 42.7 65.0 42.2 0.0 29.0 6.1 10.8 29.0 47.9 45.2 41.5 21.2 53.1 24.0 49.3 40.5 47.2 44.3 49.2 16.2 58.8 50.9 25.2 43.7 75.0 71.3 38.1 49.5 11.7 38.9 45.5 34.9 34.0 29.2 51.5 26.2 7.1 34.2 20.2 45.0 28.3 54.3 13.5 2.0 33.1 
57.1 70.2 71.3 91.8 56.4 78.0 71.0 27.2 56.0 75.0 80.3 18.2 73.4 47.0 58.4 60.0 41.2 42.0 70.3 92.7 48.1 29.0 0.0 25.8 19.7 54.2 47.9 60.0 37.7 45.3 60.1 22.4 33.1 35.8 20.4 60.0 60.8 38.1 61.7 79.9 49.0 70.8 103.9 82.5 16.2 78.5 28.2 14.1 56.7 63.2 38.3 7.8 66.2 55.2 34.8 20.6 44.4 32.6 1.0 79.4 32.3 30.4 38.1 
48.9 44.4 46.6 67.4 57.6 55.4 51.9 8.6 37.3 50.4 61.2 43.0 49.5 51.1 32.6 38.1 15.8 33.6 48.1 70.2 46.8 6.1 25.8 0.0 11.2 35.0 51.6 41.8 44.4 27.3 58.0 26.0 50.0 34.5 45.2 41.1 54.6 14.0 63.3 54.6 31.3 45.2 79.3 76.9 37.1 53.3 6.4 37.3 50.8 39.9 38.0 27.5 57.2 30.5 9.2 28.4 26.3 46.4 25.2 60.2 9.5 6.1 37.2 
42.4 52.8 56.9 72.3 48.1 58.3 63.1 7.8 48.4 60.8 61.1 34.4 60.2 40.8 40.7 40.3 26.2 26.6 50.6 72.9 37.6 10.8 19.7 11.2 0.0 34.8 41.4 52.8 33.5 26.0 49.4 14.9 39.0 40.8 36.6 52.2 47.4 25.1 53.7 61.1 29.8 54.4 84.4 69.8 27.3 59.5 17.1 28.3 43.4 43.6 28.3 18.6 51.2 36.1 17.7 30.6 25.0 35.2 18.9 60.2 20.6 12.6 27.6 
26.0 37.1 50.5 42.2 45.0 25.5 70.0 28.4 59.4 54.1 26.5 65.8 56.4 44.9 28.7 9.2 33.5 21.5 17.8 39.2 35.2 29.0 54.2 35.0 34.8 0.0 44.7 63.4 44.8 8.9 40.6 37.5 60.5 68.7 67.8 61.8 32.6 37.7 49.3 36.5 5.7 42.4 53.8 50.8 56.9 34.5 39.3 59.4 30.6 15.1 33.6 51.1 30.5 18.4 28.6 63.2 9.8 54.4 53.3 25.5 39.1 29.0 32.7 
24.2 80.0 90.3 85.4 9.1 67.8 102.6 43.8 88.5 94.2 59.6 45.3 95.1 1.0 69.3 53.9 63.0 24.0 61.0 78.4 9.8 47.9 47.9 51.6 41.4 44.7 0.0 93.0 10.4 40.0 15.5 27.6 26.7 80.7 46.1 92.1 22.2 64.0 13.9 81.2 40.2 84.2 96.3 38.1 36.9 79.2 58.0 41.0 19.8 59.8 13.9 40.2 30.0 60.0 53.9 67.4 40.0 21.1 47.0 59.1 60.9 49.7 14.9 
85.7 41.1 27.7 72.1 98.3 69.9 11.0 49.2 4.5 28.8 83.3 78.1 24.2 92.6 38.6 60.0 31.2 72.4 65.9 82.4 87.1 45.2 60.0 41.8 52.8 63.4 93.0 0.0 86.2 60.1 97.4 67.7 90.4 34.1 80.1 2.0 92.2 29.2 103.8 56.1 63.0 36.0 81.2 113.1 75.2 56.2 35.7 74.0 88.9 57.3 79.2 65.3 92.6 47.0 39.7 45.9 59.4 87.6 60.0 82.3 32.3 43.4 78.3 
29.7 77.5 86.1 86.8 19.4 69.5 96.1 37.4 81.7 90.1 63.7 35.1 90.6 9.5 66.1 53.9 57.3 23.3 62.2 81.4 15.2 41.5 37.7 44.4 33.5 44.8 10.4 86.2 0.0 38.3 25.0 18.9 18.4 71.4 36.0 85.4 29.7 57.6 24.4 80.7 39.6 81.1 98.1 48.0 26.5 78.7 50.6 30.6 26.4 59.5 11.2 30.0 37.2 57.7 48.1 57.6 38.1 12.1 36.9 63.0 53.9 43.4 12.1 
25.8 40.0 51.2 50.0 42.0 34.0 67.8 20.0 55.9 55.1 35.2 57.0 56.6 40.0 29.6 16.4 29.1 16.0 26.2 48.0 31.3 21.2 45.3 27.3 26.0 8.9 40.0 60.1 38.3 0.0 39.0 29.0 52.8 61.6 59.0 58.7 32.4 32.4 46.8 42.4 4.0 44.4 61.8 53.0 48.2 40.5 32.3 50.6 29.5 21.5 27.5 42.2 32.6 20.0 22.4 55.0 1.0 47.0 44.4 34.2 32.7 21.6 26.5 
15.0 77.7 90.1 77.5 7.8 59.8 106.0 49.5 93.0 93.9 48.8 60.0 95.6 16.5 68.3 49.3 66.3 25.0 54.1 68.4 12.1 53.1 60.1 58.0 49.4 40.6 15.5 97.4 25.0 39.0 0.0 38.1 42.2 90.1 61.0 96.3 9.5 68.4 9.2 76.0 37.6 82.7 87.4 23.0 51.2 74.0 64.4 55.2 10.0 55.2 21.9 52.9 16.6 58.2 57.8 78.3 39.4 36.5 59.1 48.5 66.5 54.6 22.4 
35.0 63.9 70.2 78.9 35.2 62.9 77.9 20.0 63.2 74.2 61.8 28.7 74.0 26.9 51.9 45.3 40.0 20.6 55.2 76.7 26.0 24.0 22.4 26.0 14.9 37.5 27.6 67.7 18.9 29.0 38.1 0.0 25.7 53.2 30.5 67.1 38.5 39.6 40.8 69.8 31.9 66.5 90.8 60.2 19.4 68.1 32.0 22.4 34.4 50.0 16.2 16.0 44.0 45.2 31.0 40.3 28.3 21.0 21.4 60.9 35.4 26.0 15.8 
48.0 89.6 95.6 102.6 35.4 85.8 101.1 45.4 86.1 99.6 81.4 22.0 99.2 25.7 77.6 69.1 65.1 39.7 78.2 98.5 33.5 49.3 33.1 50.0 39.0 60.5 26.7 90.4 18.4 52.8 42.2 25.7 0.0 69.0 21.9 90.1 47.9 64.0 39.0 94.8 54.9 92.2 114.3 64.6 17.2 93.0 55.2 20.5 44.7 74.3 28.3 26.0 55.5 70.6 56.3 53.5 52.4 6.4 32.6 80.7 59.1 51.2 29.0 
82.8 64.5 57.0 93.7 88.2 85.5 44.3 42.7 32.0 59.5 94.1 51.2 55.9 80.0 56.0 70.0 38.3 67.1 79.1 100.0 78.2 40.5 35.8 34.5 40.8 68.7 80.7 34.1 71.4 61.6 90.1 53.2 69.0 0.0 52.9 35.2 88.1 33.2 93.9 78.4 65.5 61.8 104.7 110.5 51.9 77.8 29.4 49.2 84.1 70.2 68.6 43.3 91.4 59.3 40.2 15.8 60.6 68.2 36.4 93.1 30.0 40.0 68.0 
63.1 89.2 91.4 108.2 55.1 93.0 91.1 44.4 76.2 95.2 92.3 2.2 93.7 45.1 77.2 75.1 60.9 50.6 85.1 107.0 50.4 47.2 20.4 45.2 36.6 67.8 46.1 80.1 36.0 59.0 61.0 30.5 21.9 52.9 0.0 80.2 64.8 58.2 59.5 97.6 62.2 90.3 120.2 84.0 11.2 96.0 48.4 8.5 61.0 79.2 42.2 18.0 71.6 72.6 53.7 37.1 58.3 25.5 20.6 91.4 52.5 48.9 42.4 
84.4 39.1 25.7 70.1 97.2 68.0 11.0 48.3 4.0 26.9 81.4 78.2 22.4 91.7 36.8 58.3 30.0 71.3 64.1 80.4 86.1 44.3 60.0 41.1 52.2 61.8 92.1 2.0 85.4 58.7 96.3 67.1 90.1 35.2 80.2 0.0 90.9 28.2 102.7 54.1 61.5 34.0 79.2 111.7 75.1 54.2 35.2 74.0 87.6 55.5 78.3 65.1 91.2 45.3 38.6 46.5 58.1 87.1 60.0 80.5 31.6 42.5 77.4 
6.7 69.6 82.9 68.1 16.6 50.5 100.2 46.0 87.9 86.5 39.4 63.5 88.6 23.0 60.9 40.8 61.0 21.1 45.0 58.9 14.6 49.2 60.8 54.6 47.4 32.6 22.2 92.2 29.7 32.4 9.5 38.5 47.9 88.1 64.8 90.9 0.0 63.6 18.7 67.1 30.4 74.9 77.9 22.4 54.2 65.1 60.8 58.1 4.1 46.7 23.0 54.2 7.8 50.7 53.0 77.5 33.0 41.8 59.8 39.0 62.5 50.4 23.0 
57.3 34.1 33.2 61.1 69.1 52.2 38.6 20.2 24.7 37.0 61.7 56.0 35.7 63.6 23.7 37.3 5.1 43.4 46.0 66.8 58.0 16.2 38.1 14.0 25.1 37.7 64.0 29.2 57.6 32.4 68.4 39.6 64.0 33.2 58.2 28.2 63.6 0.0 74.6 46.5 35.8 33.4 72.5 85.1 50.8 45.6 9.8 50.7 60.1 37.0 50.1 41.0 64.8 26.1 10.6 33.8 31.6 60.3 37.7 60.7 5.8 14.3 49.2 
24.1 86.1 98.1 86.7 5.7 69.1 112.8 55.0 99.3 101.9 57.9 58.9 103.4 14.9 76.4 58.1 72.9 31.8 63.3 77.5 16.6 58.8 61.7 63.3 53.7 49.3 13.9 103.8 24.4 46.8 9.2 40.8 39.0 93.9 59.5 102.7 18.7 74.6 0.0 85.0 45.9 91.0 96.6 26.2 50.7 83.0 69.7 54.8 19.0 64.1 25.5 54.1 25.5 66.5 64.1 81.0 47.1 34.1 60.8 57.6 72.2 60.5 26.2 
61.0 15.0 30.4 16.0 81.2 20.2 56.8 53.3 54.0 31.8 36.9 95.4 36.4 81.4 22.8 27.3 41.7 57.7 22.6 27.7 71.7 50.9 79.9 54.6 61.1 36.5 81.2 56.1 80.7 42.4 76.0 69.8 94.8 78.4 97.6 54.1 67.1 46.5 85.0 0.0 41.2 20.4 26.2 80.7 87.7 2.0 54.6 89.2 66.0 21.4 69.6 79.6 62.8 25.0 45.3 80.3 42.7 89.2 79.2 36.4 51.6 49.5 68.7 
23.7 40.3 52.6 47.7 41.3 31.1 70.3 24.0 58.8 56.3 31.3 60.2 58.2 40.3 30.7 14.3 32.2 16.5 23.4 44.8 31.0 25.2 49.0 31.3 29.8 5.7 40.2 63.0 39.6 4.0 37.6 31.9 54.9 65.5 62.2 61.5 30.4 35.8 45.9 41.2 0.0 45.1 59.4 50.2 51.2 39.3 36.1 53.8 27.9 19.9 28.5 45.7 29.7 20.6 26.0 59.0 5.0 48.9 48.1 30.4 36.4 25.5 27.5 
68.3 6.4 10.3 36.2 86.3 37.4 36.4 47.1 34.4 12.7 53.2 88.1 16.6 84.1 15.0 34.9 29.7 60.3 36.1 47.8 75.7 43.7 70.8 45.2 54.4 42.4 84.2 36.0 81.1 44.4 82.7 66.5 92.2 61.8 90.3 34.0 74.9 33.4 91.0 20.4 45.1 0.0 45.2 92.2 81.7 20.9 43.0 82.3 72.8 29.7 71.0 72.5 72.5 24.5 36.8 66.5 44.3 87.3 70.3 52.4 39.2 41.8 70.0 
73.1 40.8 54.0 12.0 93.9 28.7 80.2 76.7 79.5 54.2 39.3 118.1 59.2 96.7 48.8 45.5 67.5 74.9 36.1 20.0 86.4 75.0 103.9 79.3 84.4 53.8 96.3 81.2 98.1 61.8 87.4 90.8 114.3 104.7 120.2 79.2 77.9 72.5 96.6 26.2 59.4 45.2 0.0 85.0 109.7 26.9 80.1 111.7 78.1 41.0 87.0 102.6 71.6 48.8 70.2 106.0 62.5 108.2 103.1 39.5 77.4 73.8 86.1 
28.0 86.3 101.0 77.4 29.3 61.4 120.5 68.3 108.9 104.4 46.2 83.0 107.1 39.1 79.3 57.3 82.1 43.4 58.2 65.0 34.5 71.3 82.5 76.9 69.8 50.8 38.1 113.1 48.0 53.0 23.0 60.2 64.6 110.5 84.0 111.7 22.4 85.1 26.2 80.7 50.2 92.2 85.0 0.0 74.2 78.7 82.9 78.2 26.4 62.6 44.1 75.5 20.5 69.1 74.7 99.7 53.8 59.2 81.5 46.3 84.4 72.4 44.4 
52.2 80.1 83.7 97.7 45.9 82.1 86.1 34.9 71.1 87.6 81.1 9.5 86.5 35.9 68.0 64.4 52.9 39.4 74.3 96.0 40.0 38.1 16.2 37.1 27.3 56.9 36.9 75.2 26.5 48.2 51.2 19.4 17.2 51.9 11.2 75.1 54.2 50.8 50.7 87.7 51.2 81.7 109.7 74.2 0.0 86.0 41.3 4.1 50.4 68.7 31.4 10.0 60.8 62.7 44.9 36.4 47.4 18.0 15.8 80.3 45.4 39.9 31.6 
59.0 15.1 31.0 16.1 79.2 18.6 57.3 51.7 54.0 32.6 35.2 93.9 37.2 79.4 21.9 25.3 40.7 55.8 20.6 26.9 69.7 49.5 78.5 53.3 59.5 34.5 79.2 56.2 78.7 40.5 74.0 68.1 93.0 77.8 96.0 54.2 65.1 45.6 83.0 2.0 39.3 20.9 26.9 78.7 86.0 0.0 53.5 87.6 64.0 19.4 67.7 78.1 60.8 23.4 44.0 79.3 40.9 87.3 77.8 34.7 50.6 48.1 66.8 
54.9 43.1 43.1 68.4 64.0 57.7 46.1 14.9 31.3 46.8 65.0 46.2 45.4 57.5 32.0 41.2 13.5 39.8 50.8 72.5 53.2 11.7 28.2 6.4 17.1 39.3 58.0 35.7 50.6 32.3 64.4 32.0 55.2 29.4 48.4 35.2 60.8 9.8 69.7 54.6 36.1 43.0 80.1 82.9 41.3 53.5 0.0 41.0 57.0 42.2 44.4 31.4 63.1 32.0 11.0 26.0 31.3 52.0 27.9 64.0 4.1 10.8 43.6 
55.9 81.0 83.8 99.7 50.0 84.5 85.0 36.1 70.0 87.6 84.1 6.4 86.3 40.0 69.0 66.6 53.1 42.7 76.7 98.6 44.0 38.9 14.1 37.3 28.3 59.4 41.0 74.0 30.6 50.6 55.2 22.4 20.5 49.2 8.5 74.0 58.1 50.7 54.8 89.2 53.8 82.3 111.7 78.2 4.1 87.6 41.0 0.0 54.2 70.7 35.2 9.8 64.6 64.2 45.6 33.5 49.8 22.0 14.0 83.2 45.1 40.7 35.4 
5.1 67.7 80.4 67.9 15.8 50.2 97.1 42.2 84.5 84.2 40.3 59.7 86.0 20.5 58.5 39.2 57.6 17.2 44.3 59.5 11.2 45.5 56.7 50.8 43.4 30.6 19.8 88.9 26.4 29.5 10.0 34.4 44.7 84.1 61.0 87.6 4.1 60.1 19.0 66.0 27.9 72.8 78.1 26.4 50.4 64.0 57.0 54.2 0.0 45.2 19.0 50.2 10.8 48.4 49.5 73.4 30.0 38.5 55.7 39.8 58.8 46.8 19.0 
40.3 23.7 39.1 29.0 60.0 15.5 61.9 36.1 53.9 42.2 26.0 77.1 45.3 60.0 18.9 6.0 32.0 36.4 9.1 30.4 50.4 34.9 63.2 39.9 43.6 15.1 59.8 57.3 59.5 21.5 55.2 50.0 74.3 70.2 79.2 55.5 46.7 37.0 64.1 21.4 19.9 29.7 41.0 62.6 68.7 19.4 42.2 70.7 45.2 0.0 48.4 61.6 43.3 11.0 31.3 68.0 22.0 68.4 62.4 25.1 40.4 34.0 47.4 
20.9 67.1 76.7 75.6 19.8 58.3 88.6 30.0 74.7 80.6 53.1 40.8 81.4 13.6 56.0 42.7 49.0 12.1 51.0 70.4 9.8 34.0 38.3 38.0 28.3 33.6 13.9 79.2 11.2 27.5 21.9 16.2 28.3 68.6 42.2 78.3 23.0 50.1 25.5 69.6 28.5 71.0 87.0 44.1 31.4 67.7 44.4 35.2 19.0 48.4 0.0 31.4 29.4 47.2 39.9 56.4 27.3 21.9 37.4 52.3 47.2 35.8 1.0 
51.0 71.2 74.0 90.6 48.8 75.8 76.2 26.4 61.1 77.9 76.6 15.8 76.7 39.4 59.2 57.8 43.3 36.5 68.0 90.1 41.0 29.2 7.8 27.5 18.6 51.1 40.2 65.3 30.0 42.2 52.9 16.0 26.0 43.3 18.0 65.1 54.2 41.0 54.1 79.6 45.7 72.5 102.6 75.5 10.0 78.1 31.4 9.8 50.2 61.6 31.4 0.0 60.0 54.7 35.8 28.3 41.3 25.0 7.1 75.6 35.5 30.9 31.3 
9.1 66.9 81.0 62.3 24.2 45.0 100.0 48.8 88.4 84.5 32.6 70.2 87.0 30.8 59.2 37.7 61.6 24.7 40.3 52.2 21.9 51.5 66.2 57.2 51.2 30.5 30.0 92.6 37.2 32.6 16.6 44.0 55.5 91.4 71.6 91.2 7.8 64.8 25.5 62.8 29.7 72.5 71.6 20.5 60.8 60.8 63.1 64.6 10.8 43.3 29.4 60.0 0.0 48.9 54.4 81.7 33.3 49.2 65.2 32.3 64.4 52.5 29.3 
44.0 20.0 32.2 36.9 61.8 26.2 52.5 28.3 43.4 35.8 36.7 70.4 38.1 60.0 10.3 13.0 21.0 36.0 20.1 40.8 51.2 26.2 55.2 30.5 36.1 18.4 60.0 47.0 57.7 20.0 58.2 45.2 70.6 59.3 72.6 45.3 50.7 26.1 66.5 25.0 20.6 24.5 48.8 69.1 62.7 23.4 32.0 64.2 48.4 11.0 47.2 54.7 48.9 0.0 21.5 57.9 20.0 65.1 54.5 35.7 29.8 25.0 46.2 
46.8 35.5 39.3 58.3 58.7 46.8 48.8 11.0 35.2 43.3 54.0 51.5 43.0 53.5 23.6 30.1 9.2 32.8 39.8 61.7 47.5 7.1 34.8 9.2 17.7 28.6 53.9 39.7 48.1 22.4 57.8 31.0 56.3 40.2 53.7 38.6 53.0 10.6 64.1 45.3 26.0 36.8 70.2 74.7 44.9 44.0 11.0 45.6 49.5 31.3 39.9 35.8 54.4 21.5 0.0 36.7 21.5 52.0 34.2 53.0 10.4 5.1 39.0 
72.8 67.8 64.0 94.4 75.5 83.5 56.8 35.0 42.7 67.2 89.6 35.4 64.4 66.6 57.5 66.5 38.6 57.0 76.4 98.4 66.2 34.2 20.6 28.4 30.6 63.2 67.4 45.9 57.6 55.0 78.3 40.3 53.5 15.8 37.1 46.5 77.5 33.8 81.0 80.3 59.0 66.5 106.0 99.7 36.4 79.3 26.0 33.5 73.4 68.0 56.4 28.3 81.7 57.9 36.7 0.0 54.0 53.3 21.3 88.6 28.7 34.5 55.9 
26.4 40.0 51.0 50.6 42.2 34.7 67.2 19.0 55.2 54.8 36.1 56.2 56.3 40.0 29.4 17.0 28.3 16.0 26.9 48.8 31.4 20.2 44.4 26.3 25.0 9.8 40.0 59.4 38.1 1.0 39.4 28.3 52.4 60.6 58.3 58.1 33.0 31.6 47.1 42.7 5.0 44.3 62.5 53.8 47.4 40.9 31.3 49.8 30.0 22.0 27.3 41.3 33.3 20.0 21.5 54.0 0.0 46.5 43.5 35.2 31.8 20.6 26.3 
41.7 84.4 91.2 96.6 30.0 79.6 98.1 41.0 83.2 95.2 75.0 25.0 95.0 20.1 72.6 63.1 61.0 33.4 72.1 92.2 27.3 45.0 32.6 46.4 35.2 54.4 21.1 87.6 12.1 47.0 36.5 21.0 6.4 68.2 25.5 87.1 41.8 60.3 34.1 89.2 48.9 87.3 108.2 59.2 18.0 87.3 52.0 22.0 38.5 68.4 21.9 25.0 49.2 65.1 52.0 53.3 46.5 0.0 32.0 74.3 55.7 47.0 22.6 
56.1 69.6 70.9 91.0 55.5 77.2 71.0 26.4 56.0 74.7 79.4 18.4 73.1 46.1 57.8 59.2 40.7 41.0 69.5 91.8 47.1 28.3 1.0 25.2 18.9 53.3 47.0 60.0 36.9 44.4 59.1 21.4 32.6 36.4 20.6 60.0 59.8 37.7 60.8 79.2 48.1 70.3 103.1 81.5 15.8 77.8 27.9 14.0 55.7 62.4 37.4 7.1 65.2 54.5 34.2 21.3 43.5 32.0 0.0 78.4 32.0 29.7 37.1 
35.0 46.0 62.5 31.1 55.5 16.1 86.6 53.9 78.9 65.1 1.0 89.6 68.9 59.6 43.8 23.3 55.9 41.4 16.6 19.9 49.4 54.3 79.4 60.2 60.2 25.5 59.1 82.3 63.0 34.2 48.5 60.9 80.7 93.1 91.4 80.5 39.0 60.7 57.6 36.4 30.4 52.4 39.5 46.3 80.3 34.7 64.0 83.2 39.8 25.1 52.3 75.6 32.3 35.7 53.0 88.6 35.2 74.3 78.4 0.0 63.1 54.1 51.7 
56.4 39.6 39.0 65.8 66.6 55.9 42.4 17.2 27.9 42.7 64.1 50.3 41.2 60.4 28.8 40.0 10.0 41.7 49.3 70.6 55.6 13.5 32.3 9.5 20.6 39.1 60.9 32.3 53.9 32.7 66.5 35.4 59.1 30.0 52.5 31.6 62.5 5.8 72.2 51.6 36.4 39.2 77.4 84.4 45.4 50.6 4.1 45.1 58.8 40.4 47.2 35.5 64.4 29.8 10.4 28.7 31.8 55.7 32.0 63.1 0.0 12.0 46.3 
