ClarkeWright Sequential: 
 
Distance Matrix: 
0.0 97.5 42.5 48.8 82.2 60.0 49.0 57.6 119.1 116.0 84.9 45.1 66.3 98.1 117.5 89.6 97.6 97.0 116.3 99.3 101.0 96.5 58.0 45.6 74.9 55.6 85.9 107.8 114.6 43.9 120.3 14.0 42.4 84.0 105.8 68.9 90.9 32.2 124.6 116.0 86.4 71.4 102.5 56.9 92.2 36.1 53.4 79.2 80.6 47.5 28.6 84.9 94.2 106.7 32.1 46.7 92.2 91.4 120.3 65.1 113.7 
97.5 0.0 66.3 54.0 23.3 42.8 86.8 40.4 52.2 54.9 100.4 85.9 34.4 94.8 54.6 15.6 48.4 12.2 64.6 6.0 31.6 16.1 43.3 84.0 35.8 50.6 12.8 60.9 60.2 54.6 56.3 84.1 55.3 94.4 14.6 32.2 40.0 78.0 66.8 36.2 52.3 26.8 5.7 89.2 80.6 64.3 86.0 20.0 27.8 78.1 69.4 50.9 111.2 28.1 66.5 88.3 41.6 82.0 63.2 49.4 38.0 
42.5 66.3 0.0 12.6 59.9 45.3 24.1 28.6 77.2 73.8 54.4 21.6 46.0 62.0 75.3 54.1 55.3 70.3 73.8 66.0 60.9 71.5 42.4 20.0 35.4 16.1 57.7 65.3 72.1 18.4 78.1 34.9 21.6 51.0 70.5 34.1 49.4 12.6 82.1 76.2 43.9 45.7 70.0 30.0 53.0 12.2 25.6 53.1 42.8 15.6 20.1 42.4 65.8 67.7 30.3 24.4 50.5 52.6 77.8 23.3 73.3 
48.8 54.0 12.6 0.0 47.4 34.4 36.1 16.1 70.7 68.1 62.6 34.0 34.1 67.1 69.4 42.8 50.0 57.7 70.0 54.1 52.2 58.8 31.6 32.2 26.1 7.2 45.1 61.8 67.7 10.0 72.2 38.2 14.0 58.3 59.2 22.1 42.4 24.0 77.7 67.2 40.2 33.1 58.0 41.0 56.0 12.8 36.9 40.5 32.3 27.2 21.3 38.5 74.2 58.1 27.2 36.7 43.9 56.1 73.2 17.9 64.9 
82.2 23.3 59.9 47.4 0.0 22.8 83.4 31.3 72.4 74.0 104.8 81.4 16.0 103.2 74.1 30.0 63.2 16.1 82.2 28.6 50.0 14.6 24.3 79.6 41.2 47.2 12.2 76.9 78.1 43.7 76.2 68.3 42.8 99.4 37.6 31.2 53.4 69.6 86.0 58.2 62.8 14.4 28.8 87.7 89.6 53.9 83.8 8.9 36.1 74.4 56.3 60.9 116.3 49.0 50.2 84.1 55.3 90.6 82.0 51.0 59.2 
60.0 42.8 45.3 34.4 22.8 0.0 69.3 20.9 83.6 83.5 96.7 66.6 8.5 99.3 84.1 42.2 68.7 38.6 89.4 46.7 60.9 37.4 2.8 65.1 42.0 37.6 30.0 82.6 85.9 26.9 86.6 46.0 24.4 92.1 55.2 30.1 58.9 52.2 95.1 72.7 64.0 17.2 48.4 75.1 86.8 36.1 70.8 22.8 41.2 60.8 36.1 62.0 108.4 62.8 28.1 69.4 60.8 87.4 90.7 45.6 72.5 
49.0 86.8 24.1 36.1 83.4 69.3 0.0 52.2 85.4 80.6 36.1 4.0 70.0 49.4 82.5 73.0 63.2 92.5 77.2 85.5 74.4 94.0 66.5 4.5 52.3 36.8 79.8 69.0 76.9 42.4 85.1 48.2 45.3 34.9 88.4 55.0 60.8 20.9 86.1 89.1 50.6 69.0 89.8 8.0 45.6 34.4 4.5 76.0 60.5 8.9 39.4 50.0 46.2 82.2 51.0 2.8 61.2 44.4 82.4 38.2 85.5 
57.6 40.4 28.6 16.1 31.3 20.9 52.2 0.0 68.3 67.1 76.6 50.1 18.4 78.4 68.0 32.2 50.6 42.4 71.5 41.8 46.9 43.2 18.4 48.4 23.4 17.2 30.1 64.0 68.4 14.1 70.7 44.7 15.2 71.7 48.3 12.8 41.2 38.8 78.0 60.8 44.2 17.1 45.1 56.9 66.0 24.0 52.8 24.7 25.6 43.3 29.1 42.2 88.2 51.0 28.4 52.8 43.1 66.5 73.5 24.7 59.5 
119.1 52.2 77.2 70.7 72.4 83.6 85.4 68.3 0.0 6.3 78.2 86.9 75.9 64.0 4.5 42.8 22.4 64.3 17.2 46.2 22.8 68.3 82.5 85.1 45.6 63.7 60.3 20.4 13.4 78.1 4.5 108.9 81.2 72.1 38.8 55.6 28.3 89.3 15.2 17.9 34.9 67.1 48.7 83.0 52.3 83.5 82.2 65.1 42.9 79.6 91.9 35.8 85.5 24.1 95.6 88.0 26.9 54.3 12.8 54.0 14.6 
116.0 54.9 73.8 68.1 74.0 83.5 80.6 67.1 6.3 0.0 72.1 82.3 76.2 57.7 2.0 44.0 18.4 67.1 11.3 49.0 24.0 71.0 82.2 80.5 43.9 61.0 62.0 14.1 7.2 76.0 4.5 106.3 79.3 66.0 42.4 54.6 26.1 85.6 12.0 22.8 30.5 67.5 51.9 77.8 46.2 80.7 77.3 66.3 42.4 75.2 89.4 31.6 79.2 27.2 93.7 83.3 24.4 48.2 8.2 50.9 18.9 
84.9 100.4 54.4 62.6 104.8 96.7 36.1 76.6 78.2 72.1 0.0 40.0 94.9 18.9 74.1 84.9 60.2 109.3 64.1 97.1 77.3 111.9 94.0 40.0 65.3 59.4 97.7 58.0 66.0 71.7 76.0 84.0 75.4 6.3 96.6 73.6 63.6 56.1 72.4 88.8 50.2 90.9 101.5 28.1 26.0 66.5 32.0 96.2 72.8 40.4 73.3 51.0 11.7 85.4 84.4 38.2 62.8 24.0 70.1 53.8 84.4 
45.1 85.9 21.6 34.0 81.4 66.6 4.0 50.1 86.9 82.3 40.0 0.0 67.7 53.1 84.1 72.4 64.6 91.1 79.3 84.9 75.0 92.5 63.8 2.0 52.0 35.4 78.4 71.0 78.9 39.7 86.8 44.2 42.4 38.8 88.1 53.9 61.6 17.1 88.2 89.8 52.0 67.1 89.1 12.0 48.8 31.2 8.2 74.3 60.1 8.0 35.8 51.3 50.2 82.6 47.4 2.8 62.1 47.7 84.4 38.0 86.3 
66.3 34.4 46.0 34.1 16.0 8.5 70.0 18.4 75.9 76.2 94.9 67.7 0.0 95.9 76.7 34.0 62.1 31.0 82.6 38.2 53.1 30.3 8.9 66.0 36.2 35.6 21.6 76.1 78.9 28.6 79.1 52.3 27.2 89.9 46.7 24.3 52.2 54.6 87.9 64.5 58.5 8.9 40.0 75.1 82.9 38.6 70.9 14.4 34.2 61.2 40.4 56.6 106.5 54.6 34.2 70.5 54.1 83.6 83.5 42.0 64.4 
98.1 94.8 62.0 67.1 103.2 99.3 49.4 78.4 64.0 57.7 18.9 53.1 95.9 0.0 59.7 79.2 49.4 105.0 48.4 90.6 67.7 108.1 96.8 52.5 62.1 62.1 94.4 43.7 51.0 76.9 61.2 95.0 80.9 15.6 88.4 72.5 55.3 67.1 56.0 77.0 42.4 90.4 94.8 42.0 14.1 74.0 44.9 94.3 68.4 51.0 82.0 43.9 22.0 75.5 92.1 52.0 54.0 12.8 54.3 53.9 72.5 
117.5 54.6 75.3 69.4 74.1 84.1 82.5 68.0 4.5 2.0 74.1 84.1 76.7 59.7 0.0 44.2 20.0 66.8 12.8 48.7 24.1 70.7 82.9 82.3 44.9 62.3 62.0 16.1 8.9 77.2 2.8 107.6 80.4 68.0 41.8 55.5 27.2 87.2 12.2 21.6 32.2 67.9 51.4 79.7 48.2 82.1 79.1 66.5 43.1 76.9 90.7 33.3 81.2 26.7 94.9 85.1 25.6 50.2 8.9 52.3 17.9 
89.6 15.6 54.1 42.8 30.0 42.2 73.0 32.2 42.8 44.0 84.9 72.4 34.0 79.2 44.2 0.0 34.2 26.1 52.3 12.6 20.1 29.5 41.6 70.5 20.9 38.1 18.1 47.5 48.2 45.7 46.4 76.9 47.4 78.8 16.5 20.9 25.1 66.5 56.0 30.5 36.9 25.1 17.1 74.7 65.1 54.4 71.8 22.4 12.6 64.5 60.9 35.4 95.6 20.6 60.5 74.7 26.8 66.5 52.0 34.9 30.5 
97.6 48.4 55.3 50.0 63.2 68.7 63.2 50.6 22.4 18.4 60.2 64.6 62.1 49.4 20.0 34.2 0.0 59.9 20.9 43.3 18.4 63.6 67.1 62.8 27.2 42.8 51.9 14.0 17.9 58.3 22.8 88.1 61.8 53.9 39.6 38.8 10.0 67.2 27.8 28.6 12.6 54.0 47.2 61.2 35.8 62.5 60.2 54.6 28.0 57.3 71.2 13.4 69.1 26.1 76.2 65.8 8.0 37.6 23.3 32.6 24.3 
97.0 12.2 70.3 57.7 16.1 38.6 92.5 42.4 64.3 67.1 109.3 91.1 31.0 105.0 66.8 26.1 59.9 0.0 76.7 18.1 43.7 4.0 39.8 89.2 44.0 55.7 12.6 72.8 72.3 56.1 68.5 83.2 56.0 103.5 26.1 37.6 51.1 81.2 78.9 48.0 62.8 26.0 16.1 95.7 90.9 66.3 92.2 18.0 36.8 83.6 70.0 61.2 120.4 40.2 65.1 93.6 52.8 92.2 75.3 56.6 50.0 
116.3 64.6 73.8 70.0 82.2 89.4 77.2 71.5 17.2 11.3 64.1 79.3 82.6 48.4 12.8 52.3 20.9 76.7 0.0 58.8 33.0 80.5 87.9 77.7 48.1 62.8 70.5 8.5 4.5 78.7 13.4 107.6 82.3 58.3 52.8 59.7 30.6 84.9 8.9 34.1 30.0 74.2 62.0 73.3 38.2 82.1 73.4 74.0 48.4 72.8 91.0 31.6 70.3 37.6 96.6 79.9 28.6 40.2 6.0 52.2 30.0 
99.3 6.0 66.0 54.1 28.6 46.7 85.5 41.8 46.2 49.0 97.1 84.9 38.2 90.6 48.7 12.6 43.3 18.1 58.8 0.0 26.0 22.1 46.9 82.9 33.5 50.0 17.2 55.5 54.4 55.8 50.4 86.2 56.9 91.0 8.9 32.1 35.4 78.1 60.8 30.3 48.2 30.0 4.5 87.4 76.4 65.1 84.4 24.1 25.3 76.9 70.9 46.9 107.6 22.1 68.9 87.1 36.9 77.9 57.3 47.5 32.0 
101.0 31.6 60.9 52.2 50.0 60.9 74.4 46.9 22.8 24.0 77.3 75.0 53.1 67.7 24.1 20.1 18.4 43.7 33.0 26.0 0.0 47.5 59.9 73.0 26.1 45.7 38.0 29.5 28.6 58.1 26.3 89.6 60.8 70.9 21.3 34.1 14.1 73.5 36.0 15.2 27.2 44.3 29.5 74.0 53.9 64.9 72.1 42.4 21.3 67.1 72.8 26.7 86.8 8.2 75.0 76.7 14.6 55.6 32.1 37.9 12.8 
96.5 16.1 71.5 58.8 14.6 37.4 94.0 43.2 68.3 71.0 111.9 92.5 30.3 108.1 70.7 29.5 63.6 4.0 80.5 22.1 47.5 0.0 38.8 90.6 46.7 57.3 14.4 76.6 76.2 56.6 72.4 82.6 56.1 106.2 30.1 39.4 54.6 82.0 82.9 52.0 66.0 26.3 20.1 97.5 94.0 66.8 93.9 18.4 39.7 85.1 70.0 64.4 123.1 44.2 64.5 95.1 56.4 95.3 79.2 58.8 54.0 
58.0 43.3 42.4 31.6 24.3 2.8 66.5 18.4 82.5 82.2 94.0 63.8 8.9 96.8 82.9 41.6 67.1 39.8 87.9 46.9 59.9 38.8 0.0 62.3 40.2 34.9 30.5 80.9 84.4 24.1 85.4 44.0 21.6 89.4 55.2 28.3 57.3 49.4 93.7 72.1 62.0 17.0 48.8 72.2 84.4 33.3 67.9 23.3 39.8 58.0 33.5 60.0 105.7 62.1 26.0 66.6 59.2 84.9 89.3 43.2 71.7 
45.6 84.0 20.0 32.2 79.6 65.1 4.5 48.4 85.1 80.5 40.0 2.0 66.0 52.5 82.3 70.5 62.8 89.2 77.7 82.9 73.0 90.6 62.3 0.0 50.0 33.5 76.6 69.3 77.2 38.2 85.0 44.0 41.0 38.5 86.1 51.9 59.7 16.5 86.5 87.9 50.2 65.3 87.1 12.2 47.7 30.0 8.0 72.5 58.1 6.0 34.9 49.4 50.4 80.6 46.5 4.5 60.2 46.6 82.7 36.0 84.4 
74.9 35.8 35.4 26.1 41.2 42.0 52.3 23.4 45.6 43.9 65.3 52.0 36.2 62.1 44.9 20.9 27.2 44.0 48.1 33.5 26.1 46.7 40.2 50.0 0.0 19.7 32.6 40.8 44.9 32.6 47.7 63.8 35.6 59.5 36.1 12.0 17.9 48.1 54.6 41.2 22.4 29.1 37.9 53.9 48.4 38.8 51.0 32.2 8.2 44.0 46.9 20.4 76.4 32.3 50.0 54.1 19.7 49.4 50.2 14.1 38.8 
55.6 50.6 16.1 7.2 47.2 37.6 36.8 17.2 63.7 61.0 59.4 35.4 35.6 62.1 62.3 38.1 42.8 55.7 62.8 50.0 45.7 57.3 34.9 33.5 19.7 0.0 43.1 54.6 60.5 16.5 65.1 45.3 20.4 54.6 54.3 18.4 35.4 28.6 70.5 60.8 33.1 32.8 54.1 40.5 50.4 19.8 36.7 39.4 26.7 27.9 28.4 31.3 71.0 52.0 34.2 37.9 36.8 50.6 66.0 10.8 58.3 
85.9 12.8 57.7 45.1 12.2 30.0 79.8 30.1 60.3 62.0 97.7 78.4 21.6 94.4 62.0 18.1 51.9 12.6 70.5 17.2 38.0 14.4 30.5 76.6 32.6 43.1 0.0 65.5 66.3 44.0 64.1 72.3 44.2 91.9 26.1 25.1 42.4 68.7 74.0 46.2 52.8 14.6 18.4 83.2 80.4 54.0 79.6 7.2 26.1 70.9 58.3 51.1 108.9 36.9 54.4 81.0 44.3 81.6 70.0 44.4 47.1 
107.8 60.9 65.3 61.8 76.9 82.6 69.0 64.0 20.4 14.1 58.0 71.0 76.1 43.7 16.1 47.5 14.0 72.8 8.5 55.5 29.5 76.6 80.9 69.3 40.8 54.6 65.5 0.0 8.2 70.7 18.0 99.3 74.3 52.0 50.5 52.6 24.0 76.4 17.2 34.4 21.6 68.0 59.1 65.4 32.1 73.8 65.3 68.5 42.0 64.4 82.7 23.3 65.1 35.6 88.6 71.7 22.0 34.1 13.4 43.9 30.0 
114.6 60.2 72.1 67.7 78.1 85.9 76.9 68.4 13.4 7.2 66.0 78.9 78.9 51.0 8.9 48.2 17.9 72.3 4.5 54.4 28.6 76.2 84.4 77.2 44.9 60.5 66.3 8.2 0.0 76.2 10.2 105.6 79.6 60.0 48.3 56.3 27.2 83.5 10.0 29.7 28.3 70.5 57.6 73.5 40.0 80.0 73.3 70.0 44.7 72.1 88.8 29.7 72.7 33.1 94.0 79.6 25.3 42.0 5.7 50.0 25.6 
43.9 54.6 18.4 10.0 43.7 26.9 42.4 14.1 78.1 76.0 71.7 39.7 28.6 76.9 77.2 45.7 58.3 56.1 78.7 55.8 58.1 56.6 24.1 38.2 32.6 16.5 44.0 70.7 76.2 0.0 80.0 31.6 4.0 67.7 62.0 25.1 50.0 26.0 86.1 72.8 49.4 30.3 59.2 48.4 66.0 10.2 44.0 38.2 37.2 34.1 15.2 47.5 83.3 63.2 17.9 42.5 51.6 66.1 81.6 27.2 70.9 
120.3 56.3 78.1 72.2 76.2 86.6 85.1 70.7 4.5 4.5 76.0 86.8 79.1 61.2 2.8 46.4 22.8 68.5 13.4 50.4 26.3 72.4 85.4 85.0 47.7 65.1 64.1 18.0 10.2 80.0 0.0 110.5 83.2 70.0 43.2 58.1 30.0 90.0 10.8 22.4 35.0 70.3 53.0 82.2 50.0 84.9 81.7 68.7 45.7 79.6 93.5 36.1 82.9 28.3 97.7 87.7 28.4 52.0 8.5 55.2 19.0 
14.0 84.1 34.9 38.2 68.3 46.0 48.2 44.7 108.9 106.3 84.0 44.2 52.3 95.0 107.6 76.9 88.1 83.2 107.6 86.2 89.6 82.6 44.0 44.0 63.8 45.3 72.3 99.3 105.6 31.6 110.5 0.0 29.5 82.1 93.0 56.6 80.6 28.1 115.6 104.4 77.7 57.7 89.2 56.1 87.4 25.6 52.0 65.5 68.8 44.2 17.0 76.0 94.3 94.9 18.1 46.4 82.1 86.8 111.2 55.6 102.4 
42.4 55.3 21.6 14.0 42.8 24.4 45.3 15.2 81.2 79.3 75.4 42.4 27.2 80.9 80.4 47.4 61.8 56.0 82.3 56.9 60.8 56.1 21.6 41.0 35.6 20.4 44.2 74.3 79.6 4.0 83.2 29.5 0.0 71.5 63.6 27.2 53.3 27.8 89.6 75.3 53.1 30.0 60.2 51.6 70.0 11.7 47.2 38.0 39.7 37.2 14.1 51.3 86.9 65.6 14.4 45.3 54.9 70.1 85.1 31.0 73.6 
84.0 94.4 51.0 58.3 99.4 92.1 34.9 71.7 72.1 66.0 6.3 38.8 89.9 15.6 68.0 78.8 53.9 103.5 58.3 91.0 70.9 106.2 89.4 38.5 59.5 54.6 91.9 52.0 60.0 67.7 70.0 82.1 71.5 0.0 90.4 68.1 57.3 54.0 66.8 82.5 43.9 85.6 95.4 27.2 20.1 63.2 30.6 90.7 66.8 38.0 70.5 44.7 17.0 79.1 81.2 37.4 56.5 18.1 64.3 48.4 78.1 
105.8 14.6 70.5 59.2 37.6 55.2 88.4 48.3 38.8 42.4 96.6 88.1 46.7 88.4 41.8 16.5 39.6 26.1 52.8 8.9 21.3 30.1 55.2 86.1 36.1 54.3 26.1 50.5 48.3 62.0 43.2 93.0 63.6 90.4 0.0 37.4 33.3 82.9 53.9 22.0 46.6 38.2 10.0 89.4 74.4 70.9 86.8 32.8 28.0 80.1 77.3 45.7 106.7 15.2 76.2 90.2 34.4 76.0 50.6 50.2 24.3 
68.9 32.2 34.1 22.1 31.2 30.1 55.0 12.8 55.6 54.6 73.6 53.9 24.3 72.5 55.5 20.9 38.8 37.6 59.7 32.1 34.1 39.4 28.3 51.9 12.0 18.4 25.1 52.6 56.3 25.1 58.1 56.6 27.2 68.1 37.4 0.0 29.1 46.0 65.8 48.2 34.2 17.9 36.0 58.1 59.1 33.5 54.6 22.6 12.8 46.2 40.2 32.2 85.0 38.4 41.0 56.3 31.0 59.9 61.4 19.8 46.7 
90.9 40.0 49.4 42.4 53.4 58.9 60.8 41.2 28.3 26.1 63.6 61.6 52.2 55.3 27.2 25.1 10.0 51.1 30.6 35.4 14.1 54.6 57.3 59.7 17.9 35.4 42.4 24.0 27.2 50.0 30.0 80.6 53.3 57.3 33.3 29.1 0.0 61.8 36.8 28.3 13.4 44.0 39.6 60.0 41.2 55.2 58.3 44.7 18.0 53.9 63.7 12.6 73.4 22.4 67.7 63.2 2.0 42.8 32.3 26.1 24.7 
32.2 78.0 12.6 24.0 69.6 52.2 20.9 38.8 89.3 85.6 56.1 17.1 54.6 67.1 87.2 66.5 67.2 81.2 84.9 78.1 73.5 82.0 49.4 16.5 48.1 28.6 68.7 76.4 83.5 26.0 90.0 28.1 27.8 54.0 82.9 46.0 61.8 0.0 93.4 88.8 55.3 55.8 82.0 28.6 60.2 16.1 24.3 63.6 55.3 16.1 18.9 54.0 66.8 80.3 30.5 19.7 62.8 59.5 89.2 35.8 85.9 
124.6 66.8 82.1 77.7 86.0 95.1 86.1 78.0 15.2 12.0 72.4 88.2 87.9 56.0 12.2 56.0 27.8 78.9 8.9 60.8 36.0 82.9 93.7 86.5 54.6 70.5 74.0 17.2 10.0 86.1 10.8 115.6 89.6 66.8 53.9 65.8 36.8 93.4 0.0 33.1 38.2 79.2 63.6 82.3 46.7 90.0 82.4 78.2 53.9 81.6 98.8 39.7 78.0 38.8 103.9 88.8 34.9 48.7 4.5 60.0 29.7 
116.0 36.2 76.2 67.2 58.2 72.7 89.1 60.8 17.9 22.8 88.8 89.8 64.5 77.0 21.6 30.5 28.6 48.0 34.1 30.3 15.2 52.0 72.1 87.9 41.2 60.8 46.2 34.4 29.7 72.8 22.4 104.4 75.3 82.5 22.0 48.2 28.3 88.8 33.1 0.0 40.0 55.6 32.0 88.2 63.9 79.9 86.6 52.0 35.6 82.0 87.7 40.0 97.4 10.0 89.2 91.4 28.1 65.8 30.5 53.1 4.5 
86.4 52.3 43.9 40.2 62.8 64.0 50.6 44.2 34.9 30.5 50.2 52.0 58.5 42.4 32.2 36.9 12.6 62.8 30.0 48.2 27.2 66.0 62.0 50.2 22.4 33.1 52.8 21.6 28.3 49.4 35.0 77.7 53.1 43.9 46.6 34.2 13.4 55.3 38.2 40.0 0.0 51.4 52.5 48.7 28.3 52.2 47.5 53.9 26.8 44.7 61.1 2.0 60.0 35.4 67.2 53.1 12.6 29.7 33.9 22.4 36.0 
71.4 26.8 45.7 33.1 14.4 17.2 69.0 17.1 67.1 67.5 90.9 67.1 8.9 90.4 67.9 25.1 54.0 26.0 74.2 30.0 44.3 26.3 17.0 65.3 29.1 32.8 14.6 68.0 70.5 30.3 70.3 57.7 30.0 85.6 38.2 17.9 44.0 55.8 79.2 55.6 51.4 0.0 32.2 73.2 77.0 40.4 69.3 8.0 26.0 60.0 44.0 49.5 102.4 45.7 39.8 69.8 46.0 77.8 75.0 37.2 55.5 
102.5 5.7 70.0 58.0 28.8 48.4 89.8 45.1 48.7 51.9 101.5 89.1 40.0 94.8 51.4 17.1 47.2 16.1 62.0 4.5 29.5 20.1 48.8 87.1 37.9 54.1 18.4 59.1 57.6 59.2 53.0 89.2 60.2 95.4 10.0 36.0 39.6 82.0 63.6 32.0 52.5 32.2 0.0 91.8 80.7 68.7 88.8 25.6 29.7 81.2 74.2 51.2 112.1 24.7 71.7 91.4 41.0 82.2 60.2 51.9 34.2 
56.9 89.2 30.0 41.0 87.7 75.1 8.0 56.9 83.0 77.8 28.1 12.0 75.1 42.0 79.7 74.7 61.2 95.7 73.3 87.4 74.0 97.5 72.2 12.2 53.9 40.5 83.2 65.4 73.5 48.4 82.2 56.1 51.6 27.2 89.4 58.1 60.0 28.6 82.3 88.2 48.7 73.2 91.8 0.0 39.6 41.2 4.5 79.9 62.1 14.4 46.8 48.4 38.2 82.0 58.3 10.2 60.1 38.2 78.8 39.8 84.4 
92.2 80.6 53.0 56.0 89.6 86.8 45.6 66.0 52.3 46.2 26.0 48.8 82.9 14.1 48.2 65.1 35.8 90.9 38.2 76.4 53.9 94.0 84.4 47.7 48.4 50.4 80.4 32.1 40.0 66.0 50.0 87.4 70.0 20.1 74.4 59.1 41.2 60.2 46.7 63.9 28.3 77.0 80.7 39.6 0.0 64.5 41.2 80.6 54.4 44.7 73.0 29.7 33.5 61.8 82.2 48.4 40.0 2.0 44.2 41.2 59.5 
36.1 64.3 12.2 12.8 53.9 36.1 34.4 24.0 83.5 80.7 66.5 31.2 38.6 74.0 82.1 54.4 62.5 66.3 82.1 65.1 64.9 66.8 33.3 30.0 38.8 19.8 54.0 73.8 80.0 10.2 84.9 25.6 11.7 63.2 70.9 33.5 55.2 16.1 90.0 79.9 52.2 40.4 68.7 41.2 64.5 0.0 36.7 48.4 44.7 26.8 8.9 50.5 77.8 70.7 18.1 34.1 56.6 64.3 85.6 30.0 77.7 
53.4 86.0 25.6 36.9 83.8 70.8 4.5 52.8 82.2 77.3 32.0 8.2 70.9 44.9 79.1 71.8 60.2 92.2 73.4 84.4 72.1 93.9 67.9 8.0 51.0 36.7 79.6 65.3 73.3 44.0 81.7 52.0 47.2 30.6 86.8 54.6 58.3 24.3 82.4 86.6 47.5 69.3 88.8 4.5 41.2 36.7 0.0 76.2 59.2 10.0 42.4 47.1 42.4 80.0 53.9 7.2 58.5 40.0 78.7 36.9 82.9 
79.2 20.0 53.1 40.5 8.9 22.8 76.0 24.7 65.1 66.3 96.2 74.3 14.4 94.3 66.5 22.4 54.6 18.0 74.0 24.1 42.4 18.4 23.3 72.5 32.2 39.4 7.2 68.5 70.0 38.2 68.7 65.5 38.0 90.7 32.8 22.6 44.7 63.6 78.2 52.0 53.9 8.0 25.6 79.9 80.6 48.4 76.2 0.0 27.2 67.1 52.0 52.0 107.6 42.4 47.5 77.0 46.7 81.6 74.1 42.4 52.5 
80.6 27.8 42.8 32.3 36.1 41.2 60.5 25.6 42.9 42.4 72.8 60.1 34.2 68.4 43.1 12.6 28.0 36.8 48.4 25.3 21.3 39.7 39.8 58.1 8.2 26.7 26.1 42.0 44.7 37.2 45.7 68.8 39.7 66.8 28.0 12.8 18.0 55.3 53.9 35.6 26.8 26.0 29.7 62.1 54.4 44.7 59.2 27.2 0.0 52.2 52.2 25.1 83.7 26.1 53.7 62.3 20.0 55.6 49.5 22.4 33.9 
47.5 78.1 15.6 27.2 74.4 60.8 8.9 43.3 79.6 75.2 40.4 8.0 61.2 51.0 76.9 64.5 57.3 83.6 72.8 76.9 67.1 85.1 58.0 6.0 44.0 27.9 70.9 64.4 72.1 34.1 79.6 44.2 37.2 38.0 80.1 46.2 53.9 16.1 81.6 82.0 44.7 60.0 81.2 14.4 44.7 26.8 10.0 67.1 52.2 0.0 33.0 43.9 51.4 74.7 44.3 10.2 54.4 43.9 77.7 30.0 78.6 
28.6 69.4 20.1 21.3 56.3 36.1 39.4 29.1 91.9 89.4 73.3 35.8 40.4 82.0 90.7 60.9 71.2 70.0 91.0 70.9 72.8 70.0 33.5 34.9 46.9 28.4 58.3 82.7 88.8 15.2 93.5 17.0 14.1 70.5 77.3 40.2 63.7 18.9 98.8 87.7 61.1 44.0 74.2 46.8 73.0 8.9 42.4 52.0 52.2 33.0 0.0 59.4 84.4 78.2 11.7 38.5 65.1 72.7 94.4 38.8 85.6 
84.9 50.9 42.4 38.5 60.9 62.0 50.0 42.2 35.8 31.6 51.0 51.3 56.6 43.9 33.3 35.4 13.4 61.2 31.6 46.9 26.7 64.4 60.0 49.4 20.4 31.3 51.1 23.3 29.7 47.5 36.1 76.0 51.3 44.7 45.7 32.2 12.6 54.0 39.7 40.0 2.0 49.5 51.2 48.4 29.7 50.5 47.1 52.0 25.1 43.9 59.4 0.0 61.1 34.9 65.4 52.5 12.2 31.1 35.4 20.6 36.1 
94.2 111.2 65.8 74.2 116.3 108.4 46.2 88.2 85.5 79.2 11.7 50.2 106.5 22.0 81.2 95.6 69.1 120.4 70.3 107.6 86.8 123.1 105.7 50.4 76.4 71.0 108.9 65.1 72.7 83.3 82.9 94.3 86.9 17.0 106.7 85.0 73.4 66.8 78.0 97.4 60.0 102.4 112.1 38.2 33.5 77.8 42.4 107.6 83.7 51.4 84.4 61.1 0.0 94.8 95.6 48.0 72.5 31.6 76.2 65.3 93.0 
106.7 28.1 67.7 58.1 49.0 62.8 82.2 51.0 24.1 27.2 85.4 82.6 54.6 75.5 26.7 20.6 26.1 40.2 37.6 22.1 8.2 44.2 62.1 80.6 32.3 52.0 36.9 35.6 33.1 63.2 28.3 94.9 65.6 79.1 15.2 38.4 22.4 80.3 38.8 10.0 35.4 45.7 24.7 82.0 61.8 70.7 80.0 42.4 26.1 74.7 78.2 34.9 94.8 0.0 79.4 84.4 22.8 63.5 35.4 45.1 10.2 
32.1 66.5 30.3 27.2 50.2 28.1 51.0 28.4 95.6 93.7 84.4 47.4 34.2 92.1 94.9 60.5 76.2 65.1 96.6 68.9 75.0 64.5 26.0 46.5 50.0 34.2 54.4 88.6 94.0 17.9 97.7 18.1 14.4 81.2 76.2 41.0 67.7 30.5 103.9 89.2 67.2 39.8 71.7 58.3 82.2 18.1 53.9 47.5 53.7 44.3 11.7 65.4 95.6 79.4 0.0 50.1 69.3 82.1 99.5 44.9 87.7 
46.7 88.3 24.4 36.7 84.1 69.4 2.8 52.8 88.0 83.3 38.2 2.8 70.5 52.0 85.1 74.7 65.8 93.6 79.9 87.1 76.7 95.1 66.6 4.5 54.1 37.9 81.0 71.7 79.6 42.5 87.7 46.4 45.3 37.4 90.2 56.3 63.2 19.7 88.8 91.4 53.1 69.8 91.4 10.2 48.4 34.1 7.2 77.0 62.3 10.2 38.5 52.5 48.0 84.4 50.1 0.0 63.6 47.2 85.1 40.0 87.9 
92.2 41.6 50.5 43.9 55.3 60.8 61.2 43.1 26.9 24.4 62.8 62.1 54.1 54.0 25.6 26.8 8.0 52.8 28.6 36.9 14.6 56.4 59.2 60.2 19.7 36.8 44.3 22.0 25.3 51.6 28.4 82.1 54.9 56.5 34.4 31.0 2.0 62.8 34.9 28.1 12.6 46.0 41.0 60.1 40.0 56.6 58.5 46.7 20.0 54.4 65.1 12.2 72.5 22.8 69.3 63.6 0.0 41.6 30.5 27.2 24.3 
91.4 82.0 52.6 56.1 90.6 87.4 44.4 66.5 54.3 48.2 24.0 47.7 83.6 12.8 50.2 66.5 37.6 92.2 40.2 77.9 55.6 95.3 84.9 46.6 49.4 50.6 81.6 34.1 42.0 66.1 52.0 86.8 70.1 18.1 76.0 59.9 42.8 59.5 48.7 65.8 29.7 77.8 82.2 38.2 2.0 64.3 40.0 81.6 55.6 43.9 72.7 31.1 31.6 63.5 82.1 47.2 41.6 0.0 46.2 41.8 61.4 
120.3 63.2 77.8 73.2 82.0 90.7 82.4 73.5 12.8 8.2 70.1 84.4 83.5 54.3 8.9 52.0 23.3 75.3 6.0 57.3 32.1 79.2 89.3 82.7 50.2 66.0 70.0 13.4 5.7 81.6 8.5 111.2 85.1 64.3 50.6 61.4 32.3 89.2 4.5 30.5 33.9 75.0 60.2 78.8 44.2 85.6 78.7 74.1 49.5 77.7 94.4 35.4 76.2 35.4 99.5 85.1 30.5 46.2 0.0 55.6 26.8 
65.1 49.4 23.3 17.9 51.0 45.6 38.2 24.7 54.0 50.9 53.8 38.0 42.0 53.9 52.3 34.9 32.6 56.6 52.2 47.5 37.9 58.8 43.2 36.0 14.1 10.8 44.4 43.9 50.0 27.2 55.2 55.6 31.0 48.4 50.2 19.8 26.1 35.8 60.0 53.1 22.4 37.2 51.9 39.8 41.2 30.0 36.9 42.4 22.4 30.0 38.8 20.6 65.3 45.1 44.9 40.0 27.2 41.8 55.6 0.0 50.2 
113.7 38.0 73.3 64.9 59.2 72.5 85.5 59.5 14.6 18.9 84.4 86.3 64.4 72.5 17.9 30.5 24.3 50.0 30.0 32.0 12.8 54.0 71.7 84.4 38.8 58.3 47.1 30.0 25.6 70.9 19.0 102.4 73.6 78.1 24.3 46.7 24.7 85.9 29.7 4.5 36.0 55.5 34.2 84.4 59.5 77.7 82.9 52.5 33.9 78.6 85.6 36.1 93.0 10.2 87.7 87.9 24.3 61.4 26.8 50.2 0.0 

Routes: 
Route: 0 1 42 19 34 8 56 14 17 21 20 51 47 0 | Demand: 99.0| Cost: 484.1
Route: 0 2 18 27 28 38 40 16 59 3 33 0 | Demand: 100.0| Cost: 386.6
Route: 0 4 26 39 24 53 15 36 50 0 | Demand: 100.0| Cost: 352.1
Route: 0 5 12 60 22 41 7 35 0 | Demand: 95.0| Cost: 320.4
Route: 0 6 43 46 10 55 0 | Demand: 98.0| Cost: 178.4
Route: 0 9 30 58 44 48 0 | Demand: 100.0| Cost: 308.2
Route: 0 11 13 52 57 23 37 0 | Demand: 95.0| Cost: 247.1
Route: 0 25 29 32 49 0 | Demand: 94.0| Cost: 160.8
Route: 0 31 54 45 0 | Demand: 48.0| Cost: 86.3

Total cost: 2524.0
Execution time: 0.031

-----------------------------------------

ClarkeWright Parallel: 
 
Distance Matrix: 
0.0 97.5 42.5 48.8 82.2 60.0 49.0 57.6 119.1 116.0 84.9 45.1 66.3 98.1 117.5 89.6 97.6 97.0 116.3 99.3 101.0 96.5 58.0 45.6 74.9 55.6 85.9 107.8 114.6 43.9 120.3 14.0 42.4 84.0 105.8 68.9 90.9 32.2 124.6 116.0 86.4 71.4 102.5 56.9 92.2 36.1 53.4 79.2 80.6 47.5 28.6 84.9 94.2 106.7 32.1 46.7 92.2 91.4 120.3 65.1 113.7 
97.5 0.0 66.3 54.0 23.3 42.8 86.8 40.4 52.2 54.9 100.4 85.9 34.4 94.8 54.6 15.6 48.4 12.2 64.6 6.0 31.6 16.1 43.3 84.0 35.8 50.6 12.8 60.9 60.2 54.6 56.3 84.1 55.3 94.4 14.6 32.2 40.0 78.0 66.8 36.2 52.3 26.8 5.7 89.2 80.6 64.3 86.0 20.0 27.8 78.1 69.4 50.9 111.2 28.1 66.5 88.3 41.6 82.0 63.2 49.4 38.0 
42.5 66.3 0.0 12.6 59.9 45.3 24.1 28.6 77.2 73.8 54.4 21.6 46.0 62.0 75.3 54.1 55.3 70.3 73.8 66.0 60.9 71.5 42.4 20.0 35.4 16.1 57.7 65.3 72.1 18.4 78.1 34.9 21.6 51.0 70.5 34.1 49.4 12.6 82.1 76.2 43.9 45.7 70.0 30.0 53.0 12.2 25.6 53.1 42.8 15.6 20.1 42.4 65.8 67.7 30.3 24.4 50.5 52.6 77.8 23.3 73.3 
48.8 54.0 12.6 0.0 47.4 34.4 36.1 16.1 70.7 68.1 62.6 34.0 34.1 67.1 69.4 42.8 50.0 57.7 70.0 54.1 52.2 58.8 31.6 32.2 26.1 7.2 45.1 61.8 67.7 10.0 72.2 38.2 14.0 58.3 59.2 22.1 42.4 24.0 77.7 67.2 40.2 33.1 58.0 41.0 56.0 12.8 36.9 40.5 32.3 27.2 21.3 38.5 74.2 58.1 27.2 36.7 43.9 56.1 73.2 17.9 64.9 
82.2 23.3 59.9 47.4 0.0 22.8 83.4 31.3 72.4 74.0 104.8 81.4 16.0 103.2 74.1 30.0 63.2 16.1 82.2 28.6 50.0 14.6 24.3 79.6 41.2 47.2 12.2 76.9 78.1 43.7 76.2 68.3 42.8 99.4 37.6 31.2 53.4 69.6 86.0 58.2 62.8 14.4 28.8 87.7 89.6 53.9 83.8 8.9 36.1 74.4 56.3 60.9 116.3 49.0 50.2 84.1 55.3 90.6 82.0 51.0 59.2 
60.0 42.8 45.3 34.4 22.8 0.0 69.3 20.9 83.6 83.5 96.7 66.6 8.5 99.3 84.1 42.2 68.7 38.6 89.4 46.7 60.9 37.4 2.8 65.1 42.0 37.6 30.0 82.6 85.9 26.9 86.6 46.0 24.4 92.1 55.2 30.1 58.9 52.2 95.1 72.7 64.0 17.2 48.4 75.1 86.8 36.1 70.8 22.8 41.2 60.8 36.1 62.0 108.4 62.8 28.1 69.4 60.8 87.4 90.7 45.6 72.5 
49.0 86.8 24.1 36.1 83.4 69.3 0.0 52.2 85.4 80.6 36.1 4.0 70.0 49.4 82.5 73.0 63.2 92.5 77.2 85.5 74.4 94.0 66.5 4.5 52.3 36.8 79.8 69.0 76.9 42.4 85.1 48.2 45.3 34.9 88.4 55.0 60.8 20.9 86.1 89.1 50.6 69.0 89.8 8.0 45.6 34.4 4.5 76.0 60.5 8.9 39.4 50.0 46.2 82.2 51.0 2.8 61.2 44.4 82.4 38.2 85.5 
57.6 40.4 28.6 16.1 31.3 20.9 52.2 0.0 68.3 67.1 76.6 50.1 18.4 78.4 68.0 32.2 50.6 42.4 71.5 41.8 46.9 43.2 18.4 48.4 23.4 17.2 30.1 64.0 68.4 14.1 70.7 44.7 15.2 71.7 48.3 12.8 41.2 38.8 78.0 60.8 44.2 17.1 45.1 56.9 66.0 24.0 52.8 24.7 25.6 43.3 29.1 42.2 88.2 51.0 28.4 52.8 43.1 66.5 73.5 24.7 59.5 
119.1 52.2 77.2 70.7 72.4 83.6 85.4 68.3 0.0 6.3 78.2 86.9 75.9 64.0 4.5 42.8 22.4 64.3 17.2 46.2 22.8 68.3 82.5 85.1 45.6 63.7 60.3 20.4 13.4 78.1 4.5 108.9 81.2 72.1 38.8 55.6 28.3 89.3 15.2 17.9 34.9 67.1 48.7 83.0 52.3 83.5 82.2 65.1 42.9 79.6 91.9 35.8 85.5 24.1 95.6 88.0 26.9 54.3 12.8 54.0 14.6 
116.0 54.9 73.8 68.1 74.0 83.5 80.6 67.1 6.3 0.0 72.1 82.3 76.2 57.7 2.0 44.0 18.4 67.1 11.3 49.0 24.0 71.0 82.2 80.5 43.9 61.0 62.0 14.1 7.2 76.0 4.5 106.3 79.3 66.0 42.4 54.6 26.1 85.6 12.0 22.8 30.5 67.5 51.9 77.8 46.2 80.7 77.3 66.3 42.4 75.2 89.4 31.6 79.2 27.2 93.7 83.3 24.4 48.2 8.2 50.9 18.9 
84.9 100.4 54.4 62.6 104.8 96.7 36.1 76.6 78.2 72.1 0.0 40.0 94.9 18.9 74.1 84.9 60.2 109.3 64.1 97.1 77.3 111.9 94.0 40.0 65.3 59.4 97.7 58.0 66.0 71.7 76.0 84.0 75.4 6.3 96.6 73.6 63.6 56.1 72.4 88.8 50.2 90.9 101.5 28.1 26.0 66.5 32.0 96.2 72.8 40.4 73.3 51.0 11.7 85.4 84.4 38.2 62.8 24.0 70.1 53.8 84.4 
45.1 85.9 21.6 34.0 81.4 66.6 4.0 50.1 86.9 82.3 40.0 0.0 67.7 53.1 84.1 72.4 64.6 91.1 79.3 84.9 75.0 92.5 63.8 2.0 52.0 35.4 78.4 71.0 78.9 39.7 86.8 44.2 42.4 38.8 88.1 53.9 61.6 17.1 88.2 89.8 52.0 67.1 89.1 12.0 48.8 31.2 8.2 74.3 60.1 8.0 35.8 51.3 50.2 82.6 47.4 2.8 62.1 47.7 84.4 38.0 86.3 
66.3 34.4 46.0 34.1 16.0 8.5 70.0 18.4 75.9 76.2 94.9 67.7 0.0 95.9 76.7 34.0 62.1 31.0 82.6 38.2 53.1 30.3 8.9 66.0 36.2 35.6 21.6 76.1 78.9 28.6 79.1 52.3 27.2 89.9 46.7 24.3 52.2 54.6 87.9 64.5 58.5 8.9 40.0 75.1 82.9 38.6 70.9 14.4 34.2 61.2 40.4 56.6 106.5 54.6 34.2 70.5 54.1 83.6 83.5 42.0 64.4 
98.1 94.8 62.0 67.1 103.2 99.3 49.4 78.4 64.0 57.7 18.9 53.1 95.9 0.0 59.7 79.2 49.4 105.0 48.4 90.6 67.7 108.1 96.8 52.5 62.1 62.1 94.4 43.7 51.0 76.9 61.2 95.0 80.9 15.6 88.4 72.5 55.3 67.1 56.0 77.0 42.4 90.4 94.8 42.0 14.1 74.0 44.9 94.3 68.4 51.0 82.0 43.9 22.0 75.5 92.1 52.0 54.0 12.8 54.3 53.9 72.5 
117.5 54.6 75.3 69.4 74.1 84.1 82.5 68.0 4.5 2.0 74.1 84.1 76.7 59.7 0.0 44.2 20.0 66.8 12.8 48.7 24.1 70.7 82.9 82.3 44.9 62.3 62.0 16.1 8.9 77.2 2.8 107.6 80.4 68.0 41.8 55.5 27.2 87.2 12.2 21.6 32.2 67.9 51.4 79.7 48.2 82.1 79.1 66.5 43.1 76.9 90.7 33.3 81.2 26.7 94.9 85.1 25.6 50.2 8.9 52.3 17.9 
89.6 15.6 54.1 42.8 30.0 42.2 73.0 32.2 42.8 44.0 84.9 72.4 34.0 79.2 44.2 0.0 34.2 26.1 52.3 12.6 20.1 29.5 41.6 70.5 20.9 38.1 18.1 47.5 48.2 45.7 46.4 76.9 47.4 78.8 16.5 20.9 25.1 66.5 56.0 30.5 36.9 25.1 17.1 74.7 65.1 54.4 71.8 22.4 12.6 64.5 60.9 35.4 95.6 20.6 60.5 74.7 26.8 66.5 52.0 34.9 30.5 
97.6 48.4 55.3 50.0 63.2 68.7 63.2 50.6 22.4 18.4 60.2 64.6 62.1 49.4 20.0 34.2 0.0 59.9 20.9 43.3 18.4 63.6 67.1 62.8 27.2 42.8 51.9 14.0 17.9 58.3 22.8 88.1 61.8 53.9 39.6 38.8 10.0 67.2 27.8 28.6 12.6 54.0 47.2 61.2 35.8 62.5 60.2 54.6 28.0 57.3 71.2 13.4 69.1 26.1 76.2 65.8 8.0 37.6 23.3 32.6 24.3 
97.0 12.2 70.3 57.7 16.1 38.6 92.5 42.4 64.3 67.1 109.3 91.1 31.0 105.0 66.8 26.1 59.9 0.0 76.7 18.1 43.7 4.0 39.8 89.2 44.0 55.7 12.6 72.8 72.3 56.1 68.5 83.2 56.0 103.5 26.1 37.6 51.1 81.2 78.9 48.0 62.8 26.0 16.1 95.7 90.9 66.3 92.2 18.0 36.8 83.6 70.0 61.2 120.4 40.2 65.1 93.6 52.8 92.2 75.3 56.6 50.0 
116.3 64.6 73.8 70.0 82.2 89.4 77.2 71.5 17.2 11.3 64.1 79.3 82.6 48.4 12.8 52.3 20.9 76.7 0.0 58.8 33.0 80.5 87.9 77.7 48.1 62.8 70.5 8.5 4.5 78.7 13.4 107.6 82.3 58.3 52.8 59.7 30.6 84.9 8.9 34.1 30.0 74.2 62.0 73.3 38.2 82.1 73.4 74.0 48.4 72.8 91.0 31.6 70.3 37.6 96.6 79.9 28.6 40.2 6.0 52.2 30.0 
99.3 6.0 66.0 54.1 28.6 46.7 85.5 41.8 46.2 49.0 97.1 84.9 38.2 90.6 48.7 12.6 43.3 18.1 58.8 0.0 26.0 22.1 46.9 82.9 33.5 50.0 17.2 55.5 54.4 55.8 50.4 86.2 56.9 91.0 8.9 32.1 35.4 78.1 60.8 30.3 48.2 30.0 4.5 87.4 76.4 65.1 84.4 24.1 25.3 76.9 70.9 46.9 107.6 22.1 68.9 87.1 36.9 77.9 57.3 47.5 32.0 
101.0 31.6 60.9 52.2 50.0 60.9 74.4 46.9 22.8 24.0 77.3 75.0 53.1 67.7 24.1 20.1 18.4 43.7 33.0 26.0 0.0 47.5 59.9 73.0 26.1 45.7 38.0 29.5 28.6 58.1 26.3 89.6 60.8 70.9 21.3 34.1 14.1 73.5 36.0 15.2 27.2 44.3 29.5 74.0 53.9 64.9 72.1 42.4 21.3 67.1 72.8 26.7 86.8 8.2 75.0 76.7 14.6 55.6 32.1 37.9 12.8 
96.5 16.1 71.5 58.8 14.6 37.4 94.0 43.2 68.3 71.0 111.9 92.5 30.3 108.1 70.7 29.5 63.6 4.0 80.5 22.1 47.5 0.0 38.8 90.6 46.7 57.3 14.4 76.6 76.2 56.6 72.4 82.6 56.1 106.2 30.1 39.4 54.6 82.0 82.9 52.0 66.0 26.3 20.1 97.5 94.0 66.8 93.9 18.4 39.7 85.1 70.0 64.4 123.1 44.2 64.5 95.1 56.4 95.3 79.2 58.8 54.0 
58.0 43.3 42.4 31.6 24.3 2.8 66.5 18.4 82.5 82.2 94.0 63.8 8.9 96.8 82.9 41.6 67.1 39.8 87.9 46.9 59.9 38.8 0.0 62.3 40.2 34.9 30.5 80.9 84.4 24.1 85.4 44.0 21.6 89.4 55.2 28.3 57.3 49.4 93.7 72.1 62.0 17.0 48.8 72.2 84.4 33.3 67.9 23.3 39.8 58.0 33.5 60.0 105.7 62.1 26.0 66.6 59.2 84.9 89.3 43.2 71.7 
45.6 84.0 20.0 32.2 79.6 65.1 4.5 48.4 85.1 80.5 40.0 2.0 66.0 52.5 82.3 70.5 62.8 89.2 77.7 82.9 73.0 90.6 62.3 0.0 50.0 33.5 76.6 69.3 77.2 38.2 85.0 44.0 41.0 38.5 86.1 51.9 59.7 16.5 86.5 87.9 50.2 65.3 87.1 12.2 47.7 30.0 8.0 72.5 58.1 6.0 34.9 49.4 50.4 80.6 46.5 4.5 60.2 46.6 82.7 36.0 84.4 
74.9 35.8 35.4 26.1 41.2 42.0 52.3 23.4 45.6 43.9 65.3 52.0 36.2 62.1 44.9 20.9 27.2 44.0 48.1 33.5 26.1 46.7 40.2 50.0 0.0 19.7 32.6 40.8 44.9 32.6 47.7 63.8 35.6 59.5 36.1 12.0 17.9 48.1 54.6 41.2 22.4 29.1 37.9 53.9 48.4 38.8 51.0 32.2 8.2 44.0 46.9 20.4 76.4 32.3 50.0 54.1 19.7 49.4 50.2 14.1 38.8 
55.6 50.6 16.1 7.2 47.2 37.6 36.8 17.2 63.7 61.0 59.4 35.4 35.6 62.1 62.3 38.1 42.8 55.7 62.8 50.0 45.7 57.3 34.9 33.5 19.7 0.0 43.1 54.6 60.5 16.5 65.1 45.3 20.4 54.6 54.3 18.4 35.4 28.6 70.5 60.8 33.1 32.8 54.1 40.5 50.4 19.8 36.7 39.4 26.7 27.9 28.4 31.3 71.0 52.0 34.2 37.9 36.8 50.6 66.0 10.8 58.3 
85.9 12.8 57.7 45.1 12.2 30.0 79.8 30.1 60.3 62.0 97.7 78.4 21.6 94.4 62.0 18.1 51.9 12.6 70.5 17.2 38.0 14.4 30.5 76.6 32.6 43.1 0.0 65.5 66.3 44.0 64.1 72.3 44.2 91.9 26.1 25.1 42.4 68.7 74.0 46.2 52.8 14.6 18.4 83.2 80.4 54.0 79.6 7.2 26.1 70.9 58.3 51.1 108.9 36.9 54.4 81.0 44.3 81.6 70.0 44.4 47.1 
107.8 60.9 65.3 61.8 76.9 82.6 69.0 64.0 20.4 14.1 58.0 71.0 76.1 43.7 16.1 47.5 14.0 72.8 8.5 55.5 29.5 76.6 80.9 69.3 40.8 54.6 65.5 0.0 8.2 70.7 18.0 99.3 74.3 52.0 50.5 52.6 24.0 76.4 17.2 34.4 21.6 68.0 59.1 65.4 32.1 73.8 65.3 68.5 42.0 64.4 82.7 23.3 65.1 35.6 88.6 71.7 22.0 34.1 13.4 43.9 30.0 
114.6 60.2 72.1 67.7 78.1 85.9 76.9 68.4 13.4 7.2 66.0 78.9 78.9 51.0 8.9 48.2 17.9 72.3 4.5 54.4 28.6 76.2 84.4 77.2 44.9 60.5 66.3 8.2 0.0 76.2 10.2 105.6 79.6 60.0 48.3 56.3 27.2 83.5 10.0 29.7 28.3 70.5 57.6 73.5 40.0 80.0 73.3 70.0 44.7 72.1 88.8 29.7 72.7 33.1 94.0 79.6 25.3 42.0 5.7 50.0 25.6 
43.9 54.6 18.4 10.0 43.7 26.9 42.4 14.1 78.1 76.0 71.7 39.7 28.6 76.9 77.2 45.7 58.3 56.1 78.7 55.8 58.1 56.6 24.1 38.2 32.6 16.5 44.0 70.7 76.2 0.0 80.0 31.6 4.0 67.7 62.0 25.1 50.0 26.0 86.1 72.8 49.4 30.3 59.2 48.4 66.0 10.2 44.0 38.2 37.2 34.1 15.2 47.5 83.3 63.2 17.9 42.5 51.6 66.1 81.6 27.2 70.9 
120.3 56.3 78.1 72.2 76.2 86.6 85.1 70.7 4.5 4.5 76.0 86.8 79.1 61.2 2.8 46.4 22.8 68.5 13.4 50.4 26.3 72.4 85.4 85.0 47.7 65.1 64.1 18.0 10.2 80.0 0.0 110.5 83.2 70.0 43.2 58.1 30.0 90.0 10.8 22.4 35.0 70.3 53.0 82.2 50.0 84.9 81.7 68.7 45.7 79.6 93.5 36.1 82.9 28.3 97.7 87.7 28.4 52.0 8.5 55.2 19.0 
14.0 84.1 34.9 38.2 68.3 46.0 48.2 44.7 108.9 106.3 84.0 44.2 52.3 95.0 107.6 76.9 88.1 83.2 107.6 86.2 89.6 82.6 44.0 44.0 63.8 45.3 72.3 99.3 105.6 31.6 110.5 0.0 29.5 82.1 93.0 56.6 80.6 28.1 115.6 104.4 77.7 57.7 89.2 56.1 87.4 25.6 52.0 65.5 68.8 44.2 17.0 76.0 94.3 94.9 18.1 46.4 82.1 86.8 111.2 55.6 102.4 
42.4 55.3 21.6 14.0 42.8 24.4 45.3 15.2 81.2 79.3 75.4 42.4 27.2 80.9 80.4 47.4 61.8 56.0 82.3 56.9 60.8 56.1 21.6 41.0 35.6 20.4 44.2 74.3 79.6 4.0 83.2 29.5 0.0 71.5 63.6 27.2 53.3 27.8 89.6 75.3 53.1 30.0 60.2 51.6 70.0 11.7 47.2 38.0 39.7 37.2 14.1 51.3 86.9 65.6 14.4 45.3 54.9 70.1 85.1 31.0 73.6 
84.0 94.4 51.0 58.3 99.4 92.1 34.9 71.7 72.1 66.0 6.3 38.8 89.9 15.6 68.0 78.8 53.9 103.5 58.3 91.0 70.9 106.2 89.4 38.5 59.5 54.6 91.9 52.0 60.0 67.7 70.0 82.1 71.5 0.0 90.4 68.1 57.3 54.0 66.8 82.5 43.9 85.6 95.4 27.2 20.1 63.2 30.6 90.7 66.8 38.0 70.5 44.7 17.0 79.1 81.2 37.4 56.5 18.1 64.3 48.4 78.1 
105.8 14.6 70.5 59.2 37.6 55.2 88.4 48.3 38.8 42.4 96.6 88.1 46.7 88.4 41.8 16.5 39.6 26.1 52.8 8.9 21.3 30.1 55.2 86.1 36.1 54.3 26.1 50.5 48.3 62.0 43.2 93.0 63.6 90.4 0.0 37.4 33.3 82.9 53.9 22.0 46.6 38.2 10.0 89.4 74.4 70.9 86.8 32.8 28.0 80.1 77.3 45.7 106.7 15.2 76.2 90.2 34.4 76.0 50.6 50.2 24.3 
68.9 32.2 34.1 22.1 31.2 30.1 55.0 12.8 55.6 54.6 73.6 53.9 24.3 72.5 55.5 20.9 38.8 37.6 59.7 32.1 34.1 39.4 28.3 51.9 12.0 18.4 25.1 52.6 56.3 25.1 58.1 56.6 27.2 68.1 37.4 0.0 29.1 46.0 65.8 48.2 34.2 17.9 36.0 58.1 59.1 33.5 54.6 22.6 12.8 46.2 40.2 32.2 85.0 38.4 41.0 56.3 31.0 59.9 61.4 19.8 46.7 
90.9 40.0 49.4 42.4 53.4 58.9 60.8 41.2 28.3 26.1 63.6 61.6 52.2 55.3 27.2 25.1 10.0 51.1 30.6 35.4 14.1 54.6 57.3 59.7 17.9 35.4 42.4 24.0 27.2 50.0 30.0 80.6 53.3 57.3 33.3 29.1 0.0 61.8 36.8 28.3 13.4 44.0 39.6 60.0 41.2 55.2 58.3 44.7 18.0 53.9 63.7 12.6 73.4 22.4 67.7 63.2 2.0 42.8 32.3 26.1 24.7 
32.2 78.0 12.6 24.0 69.6 52.2 20.9 38.8 89.3 85.6 56.1 17.1 54.6 67.1 87.2 66.5 67.2 81.2 84.9 78.1 73.5 82.0 49.4 16.5 48.1 28.6 68.7 76.4 83.5 26.0 90.0 28.1 27.8 54.0 82.9 46.0 61.8 0.0 93.4 88.8 55.3 55.8 82.0 28.6 60.2 16.1 24.3 63.6 55.3 16.1 18.9 54.0 66.8 80.3 30.5 19.7 62.8 59.5 89.2 35.8 85.9 
124.6 66.8 82.1 77.7 86.0 95.1 86.1 78.0 15.2 12.0 72.4 88.2 87.9 56.0 12.2 56.0 27.8 78.9 8.9 60.8 36.0 82.9 93.7 86.5 54.6 70.5 74.0 17.2 10.0 86.1 10.8 115.6 89.6 66.8 53.9 65.8 36.8 93.4 0.0 33.1 38.2 79.2 63.6 82.3 46.7 90.0 82.4 78.2 53.9 81.6 98.8 39.7 78.0 38.8 103.9 88.8 34.9 48.7 4.5 60.0 29.7 
116.0 36.2 76.2 67.2 58.2 72.7 89.1 60.8 17.9 22.8 88.8 89.8 64.5 77.0 21.6 30.5 28.6 48.0 34.1 30.3 15.2 52.0 72.1 87.9 41.2 60.8 46.2 34.4 29.7 72.8 22.4 104.4 75.3 82.5 22.0 48.2 28.3 88.8 33.1 0.0 40.0 55.6 32.0 88.2 63.9 79.9 86.6 52.0 35.6 82.0 87.7 40.0 97.4 10.0 89.2 91.4 28.1 65.8 30.5 53.1 4.5 
86.4 52.3 43.9 40.2 62.8 64.0 50.6 44.2 34.9 30.5 50.2 52.0 58.5 42.4 32.2 36.9 12.6 62.8 30.0 48.2 27.2 66.0 62.0 50.2 22.4 33.1 52.8 21.6 28.3 49.4 35.0 77.7 53.1 43.9 46.6 34.2 13.4 55.3 38.2 40.0 0.0 51.4 52.5 48.7 28.3 52.2 47.5 53.9 26.8 44.7 61.1 2.0 60.0 35.4 67.2 53.1 12.6 29.7 33.9 22.4 36.0 
71.4 26.8 45.7 33.1 14.4 17.2 69.0 17.1 67.1 67.5 90.9 67.1 8.9 90.4 67.9 25.1 54.0 26.0 74.2 30.0 44.3 26.3 17.0 65.3 29.1 32.8 14.6 68.0 70.5 30.3 70.3 57.7 30.0 85.6 38.2 17.9 44.0 55.8 79.2 55.6 51.4 0.0 32.2 73.2 77.0 40.4 69.3 8.0 26.0 60.0 44.0 49.5 102.4 45.7 39.8 69.8 46.0 77.8 75.0 37.2 55.5 
102.5 5.7 70.0 58.0 28.8 48.4 89.8 45.1 48.7 51.9 101.5 89.1 40.0 94.8 51.4 17.1 47.2 16.1 62.0 4.5 29.5 20.1 48.8 87.1 37.9 54.1 18.4 59.1 57.6 59.2 53.0 89.2 60.2 95.4 10.0 36.0 39.6 82.0 63.6 32.0 52.5 32.2 0.0 91.8 80.7 68.7 88.8 25.6 29.7 81.2 74.2 51.2 112.1 24.7 71.7 91.4 41.0 82.2 60.2 51.9 34.2 
56.9 89.2 30.0 41.0 87.7 75.1 8.0 56.9 83.0 77.8 28.1 12.0 75.1 42.0 79.7 74.7 61.2 95.7 73.3 87.4 74.0 97.5 72.2 12.2 53.9 40.5 83.2 65.4 73.5 48.4 82.2 56.1 51.6 27.2 89.4 58.1 60.0 28.6 82.3 88.2 48.7 73.2 91.8 0.0 39.6 41.2 4.5 79.9 62.1 14.4 46.8 48.4 38.2 82.0 58.3 10.2 60.1 38.2 78.8 39.8 84.4 
92.2 80.6 53.0 56.0 89.6 86.8 45.6 66.0 52.3 46.2 26.0 48.8 82.9 14.1 48.2 65.1 35.8 90.9 38.2 76.4 53.9 94.0 84.4 47.7 48.4 50.4 80.4 32.1 40.0 66.0 50.0 87.4 70.0 20.1 74.4 59.1 41.2 60.2 46.7 63.9 28.3 77.0 80.7 39.6 0.0 64.5 41.2 80.6 54.4 44.7 73.0 29.7 33.5 61.8 82.2 48.4 40.0 2.0 44.2 41.2 59.5 
36.1 64.3 12.2 12.8 53.9 36.1 34.4 24.0 83.5 80.7 66.5 31.2 38.6 74.0 82.1 54.4 62.5 66.3 82.1 65.1 64.9 66.8 33.3 30.0 38.8 19.8 54.0 73.8 80.0 10.2 84.9 25.6 11.7 63.2 70.9 33.5 55.2 16.1 90.0 79.9 52.2 40.4 68.7 41.2 64.5 0.0 36.7 48.4 44.7 26.8 8.9 50.5 77.8 70.7 18.1 34.1 56.6 64.3 85.6 30.0 77.7 
53.4 86.0 25.6 36.9 83.8 70.8 4.5 52.8 82.2 77.3 32.0 8.2 70.9 44.9 79.1 71.8 60.2 92.2 73.4 84.4 72.1 93.9 67.9 8.0 51.0 36.7 79.6 65.3 73.3 44.0 81.7 52.0 47.2 30.6 86.8 54.6 58.3 24.3 82.4 86.6 47.5 69.3 88.8 4.5 41.2 36.7 0.0 76.2 59.2 10.0 42.4 47.1 42.4 80.0 53.9 7.2 58.5 40.0 78.7 36.9 82.9 
79.2 20.0 53.1 40.5 8.9 22.8 76.0 24.7 65.1 66.3 96.2 74.3 14.4 94.3 66.5 22.4 54.6 18.0 74.0 24.1 42.4 18.4 23.3 72.5 32.2 39.4 7.2 68.5 70.0 38.2 68.7 65.5 38.0 90.7 32.8 22.6 44.7 63.6 78.2 52.0 53.9 8.0 25.6 79.9 80.6 48.4 76.2 0.0 27.2 67.1 52.0 52.0 107.6 42.4 47.5 77.0 46.7 81.6 74.1 42.4 52.5 
80.6 27.8 42.8 32.3 36.1 41.2 60.5 25.6 42.9 42.4 72.8 60.1 34.2 68.4 43.1 12.6 28.0 36.8 48.4 25.3 21.3 39.7 39.8 58.1 8.2 26.7 26.1 42.0 44.7 37.2 45.7 68.8 39.7 66.8 28.0 12.8 18.0 55.3 53.9 35.6 26.8 26.0 29.7 62.1 54.4 44.7 59.2 27.2 0.0 52.2 52.2 25.1 83.7 26.1 53.7 62.3 20.0 55.6 49.5 22.4 33.9 
47.5 78.1 15.6 27.2 74.4 60.8 8.9 43.3 79.6 75.2 40.4 8.0 61.2 51.0 76.9 64.5 57.3 83.6 72.8 76.9 67.1 85.1 58.0 6.0 44.0 27.9 70.9 64.4 72.1 34.1 79.6 44.2 37.2 38.0 80.1 46.2 53.9 16.1 81.6 82.0 44.7 60.0 81.2 14.4 44.7 26.8 10.0 67.1 52.2 0.0 33.0 43.9 51.4 74.7 44.3 10.2 54.4 43.9 77.7 30.0 78.6 
28.6 69.4 20.1 21.3 56.3 36.1 39.4 29.1 91.9 89.4 73.3 35.8 40.4 82.0 90.7 60.9 71.2 70.0 91.0 70.9 72.8 70.0 33.5 34.9 46.9 28.4 58.3 82.7 88.8 15.2 93.5 17.0 14.1 70.5 77.3 40.2 63.7 18.9 98.8 87.7 61.1 44.0 74.2 46.8 73.0 8.9 42.4 52.0 52.2 33.0 0.0 59.4 84.4 78.2 11.7 38.5 65.1 72.7 94.4 38.8 85.6 
84.9 50.9 42.4 38.5 60.9 62.0 50.0 42.2 35.8 31.6 51.0 51.3 56.6 43.9 33.3 35.4 13.4 61.2 31.6 46.9 26.7 64.4 60.0 49.4 20.4 31.3 51.1 23.3 29.7 47.5 36.1 76.0 51.3 44.7 45.7 32.2 12.6 54.0 39.7 40.0 2.0 49.5 51.2 48.4 29.7 50.5 47.1 52.0 25.1 43.9 59.4 0.0 61.1 34.9 65.4 52.5 12.2 31.1 35.4 20.6 36.1 
94.2 111.2 65.8 74.2 116.3 108.4 46.2 88.2 85.5 79.2 11.7 50.2 106.5 22.0 81.2 95.6 69.1 120.4 70.3 107.6 86.8 123.1 105.7 50.4 76.4 71.0 108.9 65.1 72.7 83.3 82.9 94.3 86.9 17.0 106.7 85.0 73.4 66.8 78.0 97.4 60.0 102.4 112.1 38.2 33.5 77.8 42.4 107.6 83.7 51.4 84.4 61.1 0.0 94.8 95.6 48.0 72.5 31.6 76.2 65.3 93.0 
106.7 28.1 67.7 58.1 49.0 62.8 82.2 51.0 24.1 27.2 85.4 82.6 54.6 75.5 26.7 20.6 26.1 40.2 37.6 22.1 8.2 44.2 62.1 80.6 32.3 52.0 36.9 35.6 33.1 63.2 28.3 94.9 65.6 79.1 15.2 38.4 22.4 80.3 38.8 10.0 35.4 45.7 24.7 82.0 61.8 70.7 80.0 42.4 26.1 74.7 78.2 34.9 94.8 0.0 79.4 84.4 22.8 63.5 35.4 45.1 10.2 
32.1 66.5 30.3 27.2 50.2 28.1 51.0 28.4 95.6 93.7 84.4 47.4 34.2 92.1 94.9 60.5 76.2 65.1 96.6 68.9 75.0 64.5 26.0 46.5 50.0 34.2 54.4 88.6 94.0 17.9 97.7 18.1 14.4 81.2 76.2 41.0 67.7 30.5 103.9 89.2 67.2 39.8 71.7 58.3 82.2 18.1 53.9 47.5 53.7 44.3 11.7 65.4 95.6 79.4 0.0 50.1 69.3 82.1 99.5 44.9 87.7 
46.7 88.3 24.4 36.7 84.1 69.4 2.8 52.8 88.0 83.3 38.2 2.8 70.5 52.0 85.1 74.7 65.8 93.6 79.9 87.1 76.7 95.1 66.6 4.5 54.1 37.9 81.0 71.7 79.6 42.5 87.7 46.4 45.3 37.4 90.2 56.3 63.2 19.7 88.8 91.4 53.1 69.8 91.4 10.2 48.4 34.1 7.2 77.0 62.3 10.2 38.5 52.5 48.0 84.4 50.1 0.0 63.6 47.2 85.1 40.0 87.9 
92.2 41.6 50.5 43.9 55.3 60.8 61.2 43.1 26.9 24.4 62.8 62.1 54.1 54.0 25.6 26.8 8.0 52.8 28.6 36.9 14.6 56.4 59.2 60.2 19.7 36.8 44.3 22.0 25.3 51.6 28.4 82.1 54.9 56.5 34.4 31.0 2.0 62.8 34.9 28.1 12.6 46.0 41.0 60.1 40.0 56.6 58.5 46.7 20.0 54.4 65.1 12.2 72.5 22.8 69.3 63.6 0.0 41.6 30.5 27.2 24.3 
91.4 82.0 52.6 56.1 90.6 87.4 44.4 66.5 54.3 48.2 24.0 47.7 83.6 12.8 50.2 66.5 37.6 92.2 40.2 77.9 55.6 95.3 84.9 46.6 49.4 50.6 81.6 34.1 42.0 66.1 52.0 86.8 70.1 18.1 76.0 59.9 42.8 59.5 48.7 65.8 29.7 77.8 82.2 38.2 2.0 64.3 40.0 81.6 55.6 43.9 72.7 31.1 31.6 63.5 82.1 47.2 41.6 0.0 46.2 41.8 61.4 
120.3 63.2 77.8 73.2 82.0 90.7 82.4 73.5 12.8 8.2 70.1 84.4 83.5 54.3 8.9 52.0 23.3 75.3 6.0 57.3 32.1 79.2 89.3 82.7 50.2 66.0 70.0 13.4 5.7 81.6 8.5 111.2 85.1 64.3 50.6 61.4 32.3 89.2 4.5 30.5 33.9 75.0 60.2 78.8 44.2 85.6 78.7 74.1 49.5 77.7 94.4 35.4 76.2 35.4 99.5 85.1 30.5 46.2 0.0 55.6 26.8 
65.1 49.4 23.3 17.9 51.0 45.6 38.2 24.7 54.0 50.9 53.8 38.0 42.0 53.9 52.3 34.9 32.6 56.6 52.2 47.5 37.9 58.8 43.2 36.0 14.1 10.8 44.4 43.9 50.0 27.2 55.2 55.6 31.0 48.4 50.2 19.8 26.1 35.8 60.0 53.1 22.4 37.2 51.9 39.8 41.2 30.0 36.9 42.4 22.4 30.0 38.8 20.6 65.3 45.1 44.9 40.0 27.2 41.8 55.6 0.0 50.2 
113.7 38.0 73.3 64.9 59.2 72.5 85.5 59.5 14.6 18.9 84.4 86.3 64.4 72.5 17.9 30.5 24.3 50.0 30.0 32.0 12.8 54.0 71.7 84.4 38.8 58.3 47.1 30.0 25.6 70.9 19.0 102.4 73.6 78.1 24.3 46.7 24.7 85.9 29.7 4.5 36.0 55.5 34.2 84.4 59.5 77.7 82.9 52.5 33.9 78.6 85.6 36.1 93.0 10.2 87.7 87.9 24.3 61.4 26.8 50.2 0.0 

Routes: 
Route: 0 1 19 34 20 39 60 53 42 17 21 47 0 | Demand: 100.0| Cost: 306.0
Route: 0 3 24 4 15 48 26 41 35 0 | Demand: 100.0| Cost: 286.2
Route: 0 6 43 46 55 0 | Demand: 88.0| Cost: 115.4
Route: 0 7 5 12 22 25 59 32 0 | Demand: 96.0| Cost: 215.0
Route: 0 9 18 27 16 40 51 0 | Demand: 94.0| Cost: 249.3
Route: 0 11 10 13 44 57 52 33 0 | Demand: 99.0| Cost: 252.7
Route: 0 28 8 14 30 38 58 56 36 0 | Demand: 98.0| Cost: 274.0
Route: 0 31 29 45 54 50 0 | Demand: 67.0| Cost: 114.2
Route: 0 37 2 23 49 0 | Demand: 87.0| Cost: 118.3

Total cost: 1931.1
Execution time: 0.003

