ClarkeWright Sequential: 
 
Distance Matrix: 
0.0 66.1 46.8 85.5 94.9 51.5 52.3 9.4 47.3 73.8 24.1 80.4 29.1 38.6 40.3 3.2 37.0 102.0 52.8 39.1 13.9 95.3 52.4 102.2 85.4 66.1 75.6 102.0 2.0 43.9 55.5 59.0 53.1 94.0 56.4 91.3 26.7 40.5 37.7 95.5 43.3 99.0 81.0 50.7 52.0 70.2 64.9 83.4 28.4 83.0 94.9 18.1 25.1 25.0 75.0 74.1 31.0 67.2 99.8 72.8 52.2 39.2 
66.1 0.0 33.2 22.2 33.5 19.4 66.3 64.9 90.3 9.5 76.2 23.4 37.2 27.5 28.4 63.0 64.5 73.4 14.0 29.1 58.3 30.1 48.0 36.2 25.1 19.4 49.8 37.5 64.3 72.9 12.0 25.2 67.2 61.7 30.6 41.7 56.1 53.5 30.1 32.8 58.7 33.0 18.4 82.2 42.2 24.7 15.3 28.3 38.5 30.4 72.1 76.0 52.0 41.2 8.9 50.5 38.0 70.2 70.3 49.4 20.6 66.0 
46.8 33.2 0.0 44.4 66.7 34.4 73.2 50.2 86.0 42.7 65.7 55.9 27.2 21.6 31.3 44.0 32.1 99.8 21.4 14.1 46.1 61.8 16.4 63.2 42.4 46.8 72.9 60.4 45.5 73.6 22.0 46.4 74.2 88.7 48.9 73.2 26.6 20.4 15.0 52.9 63.0 63.1 40.2 82.9 11.2 24.6 23.0 38.5 30.1 62.1 96.3 62.4 24.2 28.9 39.8 72.7 34.0 83.0 96.8 71.3 36.6 66.4 
85.5 22.2 44.4 0.0 33.8 41.6 88.1 85.4 112.4 21.4 97.7 33.4 57.4 47.4 50.2 82.4 76.1 86.7 33.0 46.5 79.2 23.3 54.5 19.0 5.8 38.1 67.1 16.6 83.7 95.1 30.2 45.9 89.0 75.1 51.6 50.6 70.6 64.0 47.9 10.6 80.8 21.5 4.5 104.3 49.2 22.6 21.6 13.5 59.2 40.8 87.4 97.0 67.4 61.3 14.9 68.3 59.5 90.8 83.5 67.4 42.7 88.2 
94.9 33.5 66.7 33.8 0.0 43.4 77.2 91.4 107.3 24.0 99.2 14.9 66.2 58.0 54.6 91.8 98.0 57.0 46.9 61.5 84.4 12.2 81.0 27.0 39.7 29.4 45.3 35.2 92.9 88.2 45.4 38.1 77.9 46.4 42.9 20.2 89.0 87.0 62.4 37.9 73.5 18.0 34.7 96.0 75.2 52.6 46.1 47.2 66.5 16.3 60.0 100.9 84.6 70.3 27.8 47.2 64.1 74.2 54.1 46.9 42.8 82.7 
51.5 19.4 34.4 41.6 43.4 0.0 47.4 48.4 70.9 23.9 58.0 29.0 23.0 16.6 11.2 48.4 60.0 65.4 15.3 22.8 41.4 44.8 50.8 54.2 44.3 15.3 38.6 56.6 49.5 53.5 17.0 12.0 48.4 54.5 14.9 42.4 48.8 51.2 23.0 52.2 39.4 49.2 37.7 62.8 45.5 39.1 29.2 46.5 23.1 32.6 61.9 58.6 44.0 27.0 27.6 38.5 20.9 53.0 62.5 37.1 2.2 46.6 
52.3 66.3 73.2 88.1 77.2 47.4 0.0 43.1 32.3 67.7 36.8 63.7 46.7 52.0 43.2 51.1 83.6 56.3 61.2 59.1 39.2 84.3 87.3 97.2 91.4 51.6 37.0 101.5 51.0 14.0 63.6 42.7 1.0 52.2 36.9 63.1 70.7 81.0 58.1 98.4 10.4 90.1 84.6 19.2 83.6 85.7 76.2 93.9 43.7 61.1 47.7 42.9 66.3 46.6 73.4 34.8 39.3 15.3 55.1 34.2 45.9 13.9 
9.4 64.9 50.2 85.4 91.4 48.4 43.1 0.0 39.0 71.7 16.3 76.7 28.0 38.0 37.3 9.2 45.4 94.2 52.4 40.3 7.1 93.0 58.2 101.1 86.1 62.2 68.4 101.8 8.5 34.5 55.2 54.3 43.8 86.7 51.0 86.0 34.0 47.4 38.9 95.8 34.4 97.2 81.0 41.4 57.0 72.2 65.9 84.9 26.4 78.5 86.8 12.2 31.4 24.2 73.8 66.8 27.5 58.1 92.1 65.5 48.8 29.8 
47.3 90.3 86.0 112.4 107.3 70.9 32.3 39.0 0.0 94.0 23.2 93.0 59.6 68.4 62.7 48.0 84.2 87.1 81.3 73.5 40.6 112.9 96.3 124.5 114.6 79.5 69.3 127.5 47.1 19.2 84.1 70.3 32.0 84.2 64.8 94.8 73.0 86.2 72.2 123.1 33.8 118.3 108.4 14.0 94.4 104.7 96.4 115.4 56.9 91.6 78.0 29.8 70.2 57.2 98.5 67.1 54.6 44.0 86.2 66.4 70.1 24.8 
73.8 9.5 42.7 21.4 24.0 23.9 67.7 71.7 94.0 0.0 81.8 15.0 44.6 35.5 34.4 70.6 74.0 67.4 23.1 38.0 64.9 21.6 57.3 30.5 26.0 16.8 46.0 33.8 71.8 75.9 21.4 25.1 68.6 55.7 30.9 33.6 65.3 62.9 39.0 31.0 61.2 25.5 19.0 84.8 51.5 31.6 23.3 31.4 45.5 22.5 67.1 82.3 61.1 48.8 7.1 47.0 44.3 69.6 64.2 46.1 24.2 69.4 
24.1 76.2 65.7 97.7 99.2 58.0 36.8 16.3 23.2 81.8 0.0 84.3 41.2 51.0 47.8 25.0 61.1 92.2 65.1 54.6 19.7 102.5 74.5 112.1 99.0 69.9 69.0 113.7 24.0 24.4 67.9 61.1 37.2 86.5 56.6 90.6 50.2 63.6 53.3 108.3 31.3 107.2 93.4 28.6 73.1 86.6 79.4 98.6 38.9 84.8 83.9 7.2 47.7 38.0 85.0 67.1 38.3 51.9 90.6 66.0 57.8 23.1 
80.4 23.4 55.9 33.4 14.9 29.0 63.7 76.7 93.0 15.0 84.3 0.0 52.0 44.4 40.1 77.3 86.0 53.4 34.9 48.8 69.6 20.8 71.3 34.9 38.8 14.6 35.2 41.2 78.4 74.0 34.0 23.3 64.4 41.8 28.3 18.6 76.2 75.6 49.5 41.0 59.2 26.9 32.3 82.1 65.5 46.6 38.2 45.2 52.1 7.6 54.1 86.0 71.6 56.0 21.5 36.7 49.5 62.3 50.2 36.1 28.2 68.2 
29.1 37.2 27.2 57.4 66.2 23.0 46.7 28.0 59.6 44.6 41.2 52.0 0.0 10.0 12.4 26.0 41.0 82.5 24.4 13.9 21.9 66.2 40.6 73.3 58.1 38.2 54.8 73.8 27.2 46.4 27.2 32.6 47.7 72.7 31.8 64.8 28.4 35.4 12.6 67.8 36.3 69.9 53.0 55.7 37.1 45.5 38.2 57.4 3.0 55.4 77.1 39.7 23.4 4.1 46.1 53.9 7.6 57.9 79.8 52.5 24.2 39.2 
38.6 27.5 21.6 47.4 58.0 16.6 52.0 38.0 68.4 35.5 51.0 44.4 10.0 0.0 9.8 35.5 43.6 80.6 14.4 7.6 31.9 57.1 37.2 63.6 48.2 31.6 53.2 63.8 36.8 53.9 17.2 28.0 53.0 70.1 29.0 58.9 32.3 35.4 7.2 57.8 42.1 60.4 43.0 63.3 32.6 36.2 28.4 47.6 12.0 48.8 76.2 49.7 27.5 13.9 36.4 52.6 13.9 61.4 77.8 51.2 18.4 46.6 
40.3 28.4 31.3 50.2 54.6 11.2 43.2 37.3 62.7 34.4 47.8 40.1 12.4 9.8 0.0 37.2 52.0 71.4 18.8 17.5 30.5 55.7 47.0 64.4 52.0 26.0 43.8 65.9 38.3 46.6 21.5 20.2 44.2 61.2 20.0 52.4 40.0 44.7 17.0 60.8 33.7 59.9 46.0 56.1 42.4 43.0 34.0 52.8 12.0 43.2 66.7 47.9 35.0 16.1 37.2 43.2 9.8 51.8 68.7 41.8 12.0 39.4 
3.2 63.0 44.0 82.4 91.8 48.4 51.1 9.2 48.0 70.6 25.0 77.3 26.0 35.5 37.2 0.0 36.2 99.7 49.7 36.1 12.0 92.2 50.3 99.0 82.4 63.1 73.2 98.9 1.4 43.4 52.3 56.1 51.9 91.5 53.6 88.4 25.2 38.8 34.7 92.4 41.7 95.8 77.9 50.6 49.6 67.3 61.9 80.4 25.3 80.0 92.8 19.6 23.1 21.8 71.9 71.7 28.0 65.8 97.5 70.4 49.2 38.3 
37.0 64.5 32.1 76.1 98.0 60.0 83.6 45.4 84.2 74.0 61.1 86.0 41.0 43.6 52.0 36.2 0.0 123.3 51.2 37.6 45.9 93.8 24.6 95.0 73.6 74.7 95.7 91.7 37.1 78.4 52.6 71.6 84.5 113.2 72.0 102.0 13.0 12.2 37.1 83.9 73.4 95.2 72.0 86.3 28.2 54.7 55.0 68.4 43.2 91.4 118.1 55.0 17.8 39.1 71.7 94.8 48.2 96.9 120.6 93.4 61.9 72.4 
102.0 73.4 99.8 86.7 57.0 65.4 56.3 94.2 87.1 67.4 92.2 53.4 82.5 80.6 71.4 99.7 123.3 0.0 79.3 87.8 88.1 69.0 116.2 84.0 92.2 54.6 27.7 92.0 100.2 70.3 79.9 53.4 56.2 11.7 51.6 37.0 110.9 116.0 87.7 93.5 61.1 75.0 85.6 73.1 110.8 98.1 88.6 98.5 80.6 45.9 9.2 97.5 105.9 85.0 74.3 28.6 75.8 43.0 3.2 30.0 63.3 69.2 
52.8 14.0 21.4 33.0 46.9 15.3 61.2 52.4 81.3 23.1 65.1 34.9 24.4 14.4 18.8 49.7 51.2 79.3 0.0 15.0 46.2 44.1 37.5 49.4 33.9 25.5 53.2 49.4 51.0 65.4 2.8 26.4 62.2 68.0 30.1 51.9 42.2 40.7 16.1 43.4 52.2 46.9 28.6 74.8 31.8 24.5 15.2 34.1 26.2 40.8 76.5 64.0 38.0 28.3 22.6 53.3 27.0 68.0 76.3 52.0 17.5 58.2 
39.1 29.1 14.1 46.5 61.5 22.8 59.1 40.3 73.5 38.0 54.6 48.8 13.9 7.6 17.5 36.1 37.6 87.8 15.0 0.0 35.0 59.1 29.5 63.9 46.3 37.1 60.4 63.1 37.4 60.0 17.3 34.7 60.1 77.1 36.2 64.4 27.5 28.4 1.4 56.4 49.0 61.8 42.0 69.4 25.0 32.0 25.8 44.6 16.8 53.9 83.6 52.4 23.1 16.6 37.5 60.0 20.1 68.9 84.9 58.6 24.8 52.8 
13.9 58.3 46.1 79.2 84.4 41.4 39.2 7.1 40.6 64.9 19.7 69.6 21.9 31.9 30.5 12.0 45.9 88.1 46.2 35.0 0.0 86.2 55.7 94.5 80.1 55.1 62.0 95.4 12.2 32.6 49.0 47.3 40.0 80.3 44.0 79.0 33.5 46.0 33.6 89.6 29.7 90.4 74.8 40.6 53.9 67.0 60.1 79.2 20.0 71.4 81.0 17.8 30.1 18.4 67.2 60.4 20.6 53.8 86.0 59.1 41.8 26.8 
95.3 30.1 61.8 23.3 12.2 44.8 84.3 93.0 112.9 21.6 102.5 20.8 66.2 57.1 55.7 92.2 93.8 69.0 44.1 59.1 86.2 0.0 74.6 15.1 29.0 33.4 55.2 23.1 93.4 94.2 42.0 42.6 85.0 58.1 48.2 32.0 86.0 82.2 60.2 26.0 79.3 6.3 25.2 102.5 69.0 44.3 39.6 36.8 67.1 25.6 71.6 103.4 82.0 70.3 22.1 56.9 65.6 83.0 66.0 56.4 44.7 88.1 
52.4 48.0 16.4 54.5 81.0 50.8 87.3 58.2 96.3 57.3 74.5 71.3 40.6 37.2 47.0 50.3 24.6 116.2 37.5 29.5 55.7 74.6 0.0 73.4 51.0 62.9 89.3 69.0 51.6 86.0 37.6 62.8 88.3 105.1 65.2 89.0 26.6 13.5 30.1 61.0 76.9 75.0 50.8 95.0 5.8 32.1 35.1 45.1 43.6 77.8 112.6 69.9 27.3 41.1 53.3 89.0 48.1 98.1 113.2 87.7 53.0 79.1 
102.2 36.2 63.2 19.0 27.0 54.2 97.2 101.1 124.5 30.5 112.1 34.9 73.3 63.6 64.4 99.0 95.0 84.0 49.4 63.9 94.5 15.1 73.4 0.0 22.8 45.6 69.9 8.9 100.3 106.2 46.8 54.7 98.0 73.2 60.4 47.1 89.1 83.0 65.1 15.0 91.4 9.0 23.0 114.9 68.2 41.4 40.2 30.1 74.7 40.5 86.7 112.2 85.7 77.4 27.3 71.5 74.1 97.1 81.1 70.9 54.7 99.7 
85.4 25.1 42.4 5.8 39.7 44.3 91.4 86.1 114.6 26.0 99.0 38.8 58.1 48.2 52.0 82.4 73.6 92.2 33.9 46.3 80.1 29.0 51.0 22.8 0.0 42.4 72.0 18.1 83.8 97.8 31.1 49.7 92.3 80.6 55.4 56.3 69.0 61.4 47.7 10.4 83.6 26.6 7.1 107.0 46.0 19.0 20.6 7.8 60.1 46.3 92.7 97.8 66.1 61.8 19.1 73.1 60.9 94.8 89.1 72.1 45.6 90.7 
66.1 19.4 46.8 38.1 29.4 15.3 51.6 62.2 79.5 16.8 69.9 14.6 38.2 31.6 26.0 63.1 74.7 54.6 25.5 37.1 55.1 33.4 62.9 45.6 42.4 0.0 30.4 50.1 64.1 60.8 25.6 9.2 52.4 43.0 14.9 27.3 63.9 65.2 37.6 47.8 46.0 38.9 35.4 69.4 57.3 44.0 34.2 47.0 38.0 17.3 52.8 71.5 59.1 42.1 23.3 31.1 35.1 52.8 51.5 30.1 14.0 54.7 
75.6 49.8 72.9 67.1 45.3 38.6 37.0 68.4 69.3 46.0 69.0 35.2 54.8 53.2 43.8 73.2 95.7 27.7 53.2 60.4 62.0 55.2 89.3 69.9 72.0 30.4 0.0 76.4 73.7 50.4 54.2 26.8 37.3 18.4 24.2 27.6 83.2 88.5 60.3 75.8 38.1 61.5 65.0 56.1 84.1 74.2 64.3 77.2 53.0 29.5 23.3 73.4 78.2 57.4 53.0 2.2 48.3 29.7 25.0 3.0 36.4 47.3 
102.0 37.5 60.4 16.6 35.2 56.6 101.5 101.8 127.5 33.8 113.7 41.2 73.8 63.8 65.9 98.9 91.7 92.0 49.4 63.1 95.4 23.1 69.0 8.9 18.1 50.1 76.4 0.0 100.2 109.6 46.6 58.8 102.4 81.0 64.7 55.0 86.8 79.5 64.4 8.1 95.0 17.5 21.0 118.6 64.1 37.1 37.9 24.2 75.5 47.5 94.3 113.2 83.8 77.7 29.0 77.9 75.4 102.6 89.0 77.2 57.4 102.9 
2.0 64.3 45.5 83.7 92.9 49.5 51.0 8.5 47.1 71.8 24.0 78.4 27.2 36.8 38.3 1.4 37.1 100.2 51.0 37.4 12.2 93.4 51.6 100.3 83.8 64.1 73.7 100.2 0.0 42.9 53.7 57.0 51.7 92.1 54.5 89.3 26.3 40.0 36.1 93.8 41.8 97.1 79.3 50.0 51.0 68.7 63.2 81.8 26.5 81.0 93.2 18.4 24.4 23.1 73.2 72.2 29.0 65.8 98.0 70.9 50.2 38.0 
43.9 72.9 73.6 95.1 88.2 53.5 14.0 34.5 19.2 75.9 24.4 74.0 46.4 53.9 46.6 43.4 78.4 70.3 65.4 60.0 32.6 94.2 86.0 106.2 97.8 60.8 50.4 109.6 42.9 0.0 68.0 51.6 14.0 66.2 46.0 75.6 66.0 77.8 58.9 105.7 14.9 99.7 91.3 9.5 83.1 89.5 80.6 99.3 43.4 72.4 61.5 31.2 62.2 45.0 80.8 48.3 40.0 28.2 69.1 47.5 52.4 7.3 
55.5 12.0 22.0 30.2 45.4 17.0 63.6 55.2 84.1 21.4 67.9 34.0 27.2 17.2 21.5 52.3 52.6 79.9 2.8 17.3 49.0 42.0 37.6 46.8 31.1 25.6 54.2 46.6 53.7 68.0 0.0 27.5 64.5 68.5 31.6 51.4 44.0 41.8 18.4 40.6 54.7 44.6 25.8 77.5 31.9 22.2 12.6 31.4 29.1 40.2 77.4 66.8 40.0 31.1 20.2 54.4 29.8 70.0 76.9 53.1 19.1 60.8 
59.0 25.2 46.4 45.9 38.1 12.0 42.7 54.3 70.3 25.1 61.1 23.3 32.6 28.0 20.2 56.1 71.6 53.4 26.4 34.7 47.3 42.6 62.8 54.7 49.7 9.2 26.8 58.8 57.0 51.6 27.5 0.0 43.6 42.4 5.8 32.4 59.9 63.1 34.8 55.9 36.8 48.1 42.7 60.2 57.4 48.4 38.3 53.5 31.8 24.2 50.1 63.1 55.0 36.1 31.0 26.9 28.2 45.1 50.4 25.6 9.9 45.5 
53.1 67.2 74.2 89.0 77.9 48.4 1.0 43.8 32.0 68.6 37.2 64.4 47.7 53.0 44.2 51.9 84.5 56.2 62.2 60.1 40.0 85.0 88.3 98.0 92.3 52.4 37.3 102.4 51.7 14.0 64.5 43.6 0.0 52.3 37.7 63.6 71.6 81.9 59.1 99.3 11.4 90.9 85.5 18.8 84.6 86.7 77.1 94.9 44.7 61.7 47.5 43.4 67.2 47.5 74.2 35.1 40.3 14.8 55.0 34.5 46.8 14.4 
94.0 61.7 88.7 75.1 46.4 54.5 52.2 86.7 84.2 55.7 86.5 41.8 72.7 70.1 61.2 91.5 113.2 11.7 68.0 77.1 80.3 58.1 105.1 73.2 80.6 43.0 18.4 81.0 92.1 66.2 68.5 42.4 52.3 0.0 41.2 26.2 101.0 105.4 77.1 82.2 55.2 64.3 74.0 70.4 99.6 86.4 76.9 86.8 71.0 34.4 13.9 91.2 96.0 75.5 62.6 19.9 66.4 41.1 8.5 21.2 52.3 64.0 
56.4 30.6 48.9 51.6 42.9 14.9 36.9 51.0 64.8 30.9 56.6 28.3 31.8 29.0 20.0 53.6 72.0 51.6 30.1 36.2 44.0 48.2 65.2 60.4 55.4 14.9 24.2 64.7 54.5 46.0 31.6 5.8 37.7 41.2 0.0 35.0 59.9 64.4 36.1 61.7 31.1 53.7 48.4 54.5 60.0 53.1 43.0 58.9 30.5 28.2 47.4 59.0 54.9 34.9 36.8 23.9 26.2 39.6 48.8 22.5 12.6 40.0 
91.3 41.7 73.2 50.6 20.2 42.4 63.1 86.0 94.8 33.6 90.6 18.6 64.8 58.9 52.4 88.4 102.0 37.0 51.9 64.4 79.0 32.0 89.0 47.1 56.3 27.3 27.6 55.0 89.3 75.6 51.4 32.4 63.6 26.2 35.0 0.0 91.2 92.3 64.9 56.7 61.7 38.1 50.2 82.4 83.2 65.2 56.7 63.2 64.1 11.3 39.8 93.6 86.4 68.4 40.0 29.7 60.5 57.3 34.0 29.8 40.8 71.2 
26.7 56.1 26.6 70.6 89.0 48.8 70.7 34.0 73.0 65.3 50.2 76.2 28.4 32.3 40.0 25.2 13.0 110.9 42.2 27.5 33.5 86.0 26.6 89.1 69.0 63.9 83.2 86.8 26.3 66.0 44.0 59.9 71.6 101.0 59.9 91.2 0.0 13.9 26.7 79.4 60.4 88.1 66.3 74.1 27.6 51.1 49.0 65.0 30.4 81.0 105.4 44.7 5.0 26.2 64.0 82.3 35.4 83.9 108.2 80.9 50.6 59.8 
40.5 53.5 20.4 64.0 87.0 51.2 81.0 47.4 86.2 62.9 63.6 75.6 35.4 35.4 44.7 38.8 12.2 116.0 40.7 28.4 46.0 82.2 13.5 83.0 61.4 65.2 88.5 79.5 40.0 77.8 41.8 63.1 81.9 105.4 64.4 92.3 13.9 0.0 28.3 71.7 70.5 83.4 60.0 86.4 16.2 42.6 43.1 56.3 38.0 81.4 111.4 58.5 16.0 34.5 60.2 87.9 42.9 93.1 113.1 86.5 53.3 71.2 
37.7 30.1 15.0 47.9 62.4 23.0 58.1 38.9 72.2 39.0 53.3 49.5 12.6 7.2 17.0 34.7 37.1 87.7 16.1 1.4 33.6 60.2 30.1 65.1 47.7 37.6 60.3 64.4 36.1 58.9 18.4 34.8 59.1 77.1 36.1 64.9 26.7 28.3 0.0 57.8 48.0 63.0 43.4 68.2 25.7 33.4 27.2 46.0 15.5 54.4 83.4 51.0 22.2 15.3 38.6 59.8 19.0 68.2 84.9 58.4 25.0 51.6 
95.5 32.8 52.9 10.6 37.9 52.2 98.4 95.8 123.1 31.0 108.3 41.0 67.8 57.8 60.8 92.4 83.9 93.5 43.4 56.4 89.6 26.0 61.0 15.0 10.4 47.8 75.8 8.1 93.8 105.7 40.6 55.9 99.3 82.2 61.7 56.7 79.4 71.7 57.8 0.0 91.3 21.6 14.9 114.8 56.1 29.2 30.9 16.1 69.7 48.0 95.0 107.4 76.6 71.6 25.1 77.1 70.0 100.6 90.4 76.3 53.3 98.8 
43.3 58.7 63.0 80.8 73.5 39.4 10.4 34.4 33.8 61.2 31.3 59.2 36.3 42.1 33.7 41.7 73.4 61.1 52.2 49.0 29.7 79.3 76.9 91.4 83.6 46.0 38.1 95.0 41.8 14.9 54.7 36.8 11.4 55.2 31.1 61.7 60.4 70.5 48.0 91.3 0.0 84.9 77.0 23.6 73.3 76.7 67.4 85.6 33.4 57.8 53.1 36.4 55.9 36.1 66.3 36.0 29.1 24.1 59.4 35.1 38.1 9.5 
99.0 33.0 63.1 21.5 18.0 49.2 90.1 97.2 118.3 25.5 107.2 26.9 69.9 60.4 59.9 95.8 95.2 75.0 46.9 61.8 90.4 6.3 75.0 9.0 26.6 38.9 61.5 17.5 97.1 99.7 44.6 48.1 90.9 64.3 53.7 38.1 88.1 83.4 63.0 21.6 84.9 0.0 24.4 108.2 69.4 43.7 40.3 34.4 70.9 32.0 77.8 107.8 84.4 74.0 24.3 63.2 69.8 89.2 72.1 62.6 49.4 93.5 
81.0 18.4 40.2 4.5 34.7 37.7 84.6 81.0 108.4 19.0 93.4 32.3 53.0 43.0 46.0 77.9 72.0 85.6 28.6 42.0 74.8 25.2 50.8 23.0 7.1 35.4 65.0 21.0 79.3 91.3 25.8 42.7 85.5 74.0 48.4 50.2 66.3 60.0 43.4 14.9 77.0 24.4 0.0 100.5 45.4 19.3 17.3 13.0 54.8 39.8 85.8 92.6 63.1 56.9 12.0 66.0 55.2 87.8 82.5 65.1 38.9 84.3 
50.7 82.2 82.9 104.3 96.0 62.8 19.2 41.4 14.0 84.8 28.6 82.1 55.7 63.3 56.1 50.6 86.3 73.1 74.8 69.4 40.6 102.5 95.0 114.9 107.0 69.4 56.1 118.6 50.0 9.5 77.5 60.2 18.8 70.4 54.5 82.4 74.1 86.4 68.2 114.8 23.6 108.2 100.5 0.0 92.3 99.0 90.1 108.7 52.8 80.0 64.0 35.8 70.6 54.2 89.9 53.9 49.5 30.0 72.2 53.3 61.6 16.8 
52.0 42.2 11.2 49.2 75.2 45.5 83.6 57.0 94.4 51.5 73.1 65.5 37.1 32.6 42.4 49.6 28.2 110.8 31.8 25.0 53.9 69.0 5.8 68.2 46.0 57.3 84.1 64.1 51.0 83.1 31.9 57.4 84.6 99.6 60.0 83.2 27.6 16.2 25.7 56.1 73.3 69.4 45.4 92.3 0.0 27.0 29.4 40.4 40.0 72.0 107.4 68.9 27.2 38.1 47.5 83.9 44.3 93.9 107.8 82.5 47.7 76.0 
70.2 24.7 24.6 22.6 52.6 39.1 85.7 72.2 104.7 31.6 86.6 46.6 45.5 36.2 43.0 67.3 54.7 98.1 24.5 32.0 67.0 44.3 32.1 41.4 19.0 44.0 74.2 37.1 68.7 89.5 22.2 48.4 86.7 86.4 53.1 65.2 51.1 42.6 33.4 29.2 76.7 43.7 19.3 99.0 27.0 0.0 10.0 13.9 48.0 54.1 96.8 84.4 48.8 48.6 25.5 74.7 50.1 92.1 94.9 73.5 41.0 82.3 
64.9 15.3 23.0 21.6 46.1 29.2 76.2 65.9 96.4 23.3 79.4 38.2 38.2 28.4 34.0 61.9 55.0 88.6 15.2 25.8 60.1 39.6 35.1 40.2 20.6 34.2 64.3 37.9 63.2 80.6 12.6 38.3 77.1 76.9 43.0 56.7 49.0 43.1 27.2 30.9 67.4 40.3 17.3 90.1 29.4 10.0 0.0 19.2 40.5 45.5 87.0 77.8 45.9 41.7 18.4 64.8 41.9 82.2 85.4 63.6 31.1 73.4 
83.4 28.3 38.5 13.5 47.2 46.5 93.9 84.9 115.4 31.4 98.6 45.2 57.4 47.6 52.8 80.4 68.4 98.5 34.1 44.6 79.2 36.8 45.1 30.1 7.8 47.0 77.2 24.2 81.8 99.3 31.4 53.5 94.9 86.8 58.9 63.2 65.0 56.3 46.0 16.1 85.6 34.4 13.0 108.7 40.4 13.9 19.2 0.0 59.7 52.8 98.5 96.9 62.6 60.8 24.3 78.1 61.0 98.5 95.3 77.0 48.1 92.1 
28.4 38.5 30.1 59.2 66.5 23.1 43.7 26.4 56.9 45.5 38.9 52.1 3.0 12.0 12.0 25.3 43.2 80.6 26.2 16.8 20.0 67.1 43.6 74.7 60.1 38.0 53.0 75.5 26.5 43.4 29.1 31.8 44.7 71.0 30.5 64.1 30.4 38.0 15.5 69.7 33.4 70.9 54.8 52.8 40.0 48.0 40.5 59.7 0.0 55.1 75.0 37.8 25.5 4.5 47.4 52.0 5.0 55.2 78.0 50.6 24.0 36.2 
83.0 30.4 62.1 40.8 16.3 32.6 61.1 78.5 91.6 22.5 84.8 7.6 55.4 48.8 43.2 80.0 91.4 45.9 40.8 53.9 71.4 25.6 77.8 40.5 46.3 17.3 29.5 47.5 81.0 72.4 40.2 24.2 61.7 34.4 28.2 11.3 81.0 81.4 54.4 48.0 57.8 32.0 39.8 80.0 72.0 54.1 45.5 52.8 55.1 0.0 47.0 87.1 76.2 59.3 29.1 31.3 52.0 58.0 42.8 30.9 31.3 67.1 
94.9 72.1 96.3 87.4 60.0 61.9 47.7 86.8 78.0 67.1 83.9 54.1 77.1 76.2 66.7 92.8 118.1 9.2 76.5 83.6 81.0 71.6 112.6 86.7 92.7 52.8 23.3 94.3 93.2 61.5 77.4 50.1 47.5 13.9 47.4 39.8 105.4 111.4 83.4 95.0 53.1 77.8 85.8 64.0 107.4 96.8 87.0 98.5 75.0 47.0 0.0 89.5 100.4 79.3 74.1 23.6 70.1 34.0 9.4 25.0 59.7 60.9 
18.1 76.0 62.4 97.0 100.9 58.6 42.9 12.2 29.8 82.3 7.2 86.0 39.7 49.7 47.9 19.6 55.0 97.5 64.0 52.4 17.8 103.4 69.9 112.2 97.8 71.5 73.4 113.2 18.4 31.2 66.8 63.1 43.4 91.2 59.0 93.6 44.7 58.5 51.0 107.4 36.4 107.8 92.6 35.8 68.9 84.4 77.8 96.9 37.8 87.1 89.5 0.0 42.7 36.1 84.9 71.6 38.1 58.2 95.8 70.5 58.7 29.1 
25.1 52.0 24.2 67.4 84.6 44.0 66.3 31.4 70.2 61.1 47.7 71.6 23.4 27.5 35.0 23.1 17.8 105.9 38.0 23.1 30.1 82.0 27.3 85.7 66.1 59.1 78.2 83.8 24.4 62.2 40.0 55.0 67.2 96.0 54.9 86.4 5.0 16.0 22.2 76.6 55.9 84.4 63.1 70.6 27.2 48.8 45.9 62.6 25.5 76.2 100.4 42.7 0.0 21.3 60.1 77.3 30.4 79.3 103.2 75.9 45.7 55.8 
25.0 41.2 28.9 61.3 70.3 27.0 46.6 24.2 57.2 48.8 38.0 56.0 4.1 13.9 16.1 21.8 39.1 85.0 28.3 16.6 18.4 70.3 41.1 77.4 61.8 42.1 57.4 77.7 23.1 45.0 31.1 36.1 47.5 75.5 34.9 68.4 26.2 34.5 15.3 71.6 36.1 74.0 56.9 54.2 38.1 48.6 41.7 60.8 4.5 59.3 79.3 36.1 21.3 0.0 50.2 56.4 9.2 58.6 82.4 55.0 28.1 38.0 
75.0 8.9 39.8 14.9 27.8 27.6 73.4 73.8 98.5 7.1 85.0 21.5 46.1 36.4 37.2 71.9 71.7 74.3 22.6 37.5 67.2 22.1 53.3 27.3 19.1 23.3 53.0 29.0 73.2 80.8 20.2 31.0 74.2 62.6 36.8 40.0 64.0 60.2 38.6 25.1 66.3 24.3 12.0 89.9 47.5 25.5 18.4 24.3 47.4 29.1 74.1 84.9 60.1 50.2 0.0 54.0 46.9 76.0 71.2 53.0 28.4 74.0 
74.1 50.5 72.7 68.3 47.2 38.5 34.8 66.8 67.1 47.0 67.1 36.7 53.9 52.6 43.2 71.7 94.8 28.6 53.3 60.0 60.4 56.9 89.0 71.5 73.1 31.1 2.2 77.9 72.2 48.3 54.4 26.9 35.1 19.9 23.9 29.7 82.3 87.9 59.8 77.1 36.0 63.2 66.0 53.9 83.9 74.7 64.8 78.1 52.0 31.3 23.6 71.6 77.3 56.4 54.0 0.0 47.2 27.6 26.1 1.4 36.2 45.2 
31.0 38.0 34.0 59.5 64.1 20.9 39.3 27.5 54.6 44.3 38.3 49.5 7.6 13.9 9.8 28.0 48.2 75.8 27.0 20.1 20.6 65.6 48.1 74.1 60.9 35.1 48.3 75.4 29.0 40.0 29.8 28.2 40.3 66.4 26.2 60.5 35.4 42.9 19.0 70.0 29.1 69.8 55.2 49.5 44.3 50.1 41.9 61.0 5.0 52.0 70.1 38.1 30.4 9.2 46.9 47.2 0.0 50.3 73.2 45.8 21.4 32.8 
67.2 70.2 83.0 90.8 74.2 53.0 15.3 58.1 44.0 69.6 51.9 62.3 57.9 61.4 51.8 65.8 96.9 43.0 68.0 68.9 53.8 83.0 98.1 97.1 94.8 52.8 29.7 102.6 65.8 28.2 70.0 45.1 14.8 41.1 39.6 57.3 83.9 93.1 68.2 100.6 24.1 89.2 87.8 30.0 93.9 92.1 82.2 98.5 55.2 58.0 34.0 58.2 79.3 58.6 76.0 27.6 50.3 0.0 42.3 27.6 51.1 29.2 
99.8 70.3 96.8 83.5 54.1 62.5 55.1 92.1 86.2 64.2 90.6 50.2 79.8 77.8 68.7 97.5 120.6 3.2 76.3 84.9 86.0 66.0 113.2 81.1 89.1 51.5 25.0 89.0 98.0 69.1 76.9 50.4 55.0 8.5 48.8 34.0 108.2 113.1 84.9 90.4 59.4 72.1 82.5 72.2 107.8 94.9 85.4 95.3 78.0 42.8 9.4 95.8 103.2 82.4 71.2 26.1 73.2 42.3 0.0 27.5 60.3 67.7 
72.8 49.4 71.3 67.4 46.9 37.1 34.2 65.5 66.4 46.1 66.0 36.1 52.5 51.2 41.8 70.4 93.4 30.0 52.0 58.6 59.1 56.4 87.7 70.9 72.1 30.1 3.0 77.2 70.9 47.5 53.1 25.6 34.5 21.2 22.5 29.8 80.9 86.5 58.4 76.3 35.1 62.6 65.1 53.3 82.5 73.5 63.6 77.0 50.6 30.9 25.0 70.5 75.9 55.0 53.0 1.4 45.8 27.6 27.5 0.0 34.9 44.3 
52.2 20.6 36.6 42.7 42.8 2.2 45.9 48.8 70.1 24.2 57.8 28.2 24.2 18.4 12.0 49.2 61.9 63.3 17.5 24.8 41.8 44.7 53.0 54.7 45.6 14.0 36.4 57.4 50.2 52.4 19.1 9.9 46.8 52.3 12.6 40.8 50.6 53.3 25.0 53.3 38.1 49.4 38.9 61.6 47.7 41.0 31.1 48.1 24.0 31.3 59.7 58.7 45.7 28.1 28.4 36.2 21.4 51.1 60.3 34.9 0.0 45.6 
39.2 66.0 66.4 88.2 82.7 46.6 13.9 29.8 24.8 69.4 23.1 68.2 39.2 46.6 39.4 38.3 72.4 69.2 58.2 52.8 26.8 88.1 79.1 99.7 90.7 54.7 47.3 102.9 38.0 7.3 60.8 45.5 14.4 64.0 40.0 71.2 59.8 71.2 51.6 98.8 9.5 93.5 84.3 16.8 76.0 82.3 73.4 92.1 36.2 67.1 60.9 29.1 55.8 38.0 74.0 45.2 32.8 29.2 67.7 44.3 45.6 0.0 

Routes: 
Route: 0 1 54 23 41 21 33 27 9 4 11 0 | Demand: 100.0| Cost: 409.8
Route: 0 2 45 25 47 22 24 39 18 0 | Demand: 100.0| Cost: 365.1
Route: 0 3 42 46 49 35 31 13 0 | Demand: 100.0| Cost: 263.1
Route: 0 5 60 34 30 58 26 17 59 55 14 38 53 28 0 | Demand: 99.0| Cost: 359.5
Route: 0 6 32 57 50 40 43 61 0 | Demand: 97.0| Cost: 234.8
Route: 0 7 29 8 10 56 20 51 12 0 | Demand: 95.0| Cost: 231.8
Route: 0 15 48 19 44 52 37 0 | Demand: 100.0| Cost: 154.0
Route: 0 16 36 0 | Demand: 42.0| Cost: 76.7

Total cost: 2094.8
Execution time: 0.013

-----------------------------------------

ClarkeWright Parallel: 
 
Distance Matrix: 
0.0 66.1 46.8 85.5 94.9 51.5 52.3 9.4 47.3 73.8 24.1 80.4 29.1 38.6 40.3 3.2 37.0 102.0 52.8 39.1 13.9 95.3 52.4 102.2 85.4 66.1 75.6 102.0 2.0 43.9 55.5 59.0 53.1 94.0 56.4 91.3 26.7 40.5 37.7 95.5 43.3 99.0 81.0 50.7 52.0 70.2 64.9 83.4 28.4 83.0 94.9 18.1 25.1 25.0 75.0 74.1 31.0 67.2 99.8 72.8 52.2 39.2 
66.1 0.0 33.2 22.2 33.5 19.4 66.3 64.9 90.3 9.5 76.2 23.4 37.2 27.5 28.4 63.0 64.5 73.4 14.0 29.1 58.3 30.1 48.0 36.2 25.1 19.4 49.8 37.5 64.3 72.9 12.0 25.2 67.2 61.7 30.6 41.7 56.1 53.5 30.1 32.8 58.7 33.0 18.4 82.2 42.2 24.7 15.3 28.3 38.5 30.4 72.1 76.0 52.0 41.2 8.9 50.5 38.0 70.2 70.3 49.4 20.6 66.0 
46.8 33.2 0.0 44.4 66.7 34.4 73.2 50.2 86.0 42.7 65.7 55.9 27.2 21.6 31.3 44.0 32.1 99.8 21.4 14.1 46.1 61.8 16.4 63.2 42.4 46.8 72.9 60.4 45.5 73.6 22.0 46.4 74.2 88.7 48.9 73.2 26.6 20.4 15.0 52.9 63.0 63.1 40.2 82.9 11.2 24.6 23.0 38.5 30.1 62.1 96.3 62.4 24.2 28.9 39.8 72.7 34.0 83.0 96.8 71.3 36.6 66.4 
85.5 22.2 44.4 0.0 33.8 41.6 88.1 85.4 112.4 21.4 97.7 33.4 57.4 47.4 50.2 82.4 76.1 86.7 33.0 46.5 79.2 23.3 54.5 19.0 5.8 38.1 67.1 16.6 83.7 95.1 30.2 45.9 89.0 75.1 51.6 50.6 70.6 64.0 47.9 10.6 80.8 21.5 4.5 104.3 49.2 22.6 21.6 13.5 59.2 40.8 87.4 97.0 67.4 61.3 14.9 68.3 59.5 90.8 83.5 67.4 42.7 88.2 
94.9 33.5 66.7 33.8 0.0 43.4 77.2 91.4 107.3 24.0 99.2 14.9 66.2 58.0 54.6 91.8 98.0 57.0 46.9 61.5 84.4 12.2 81.0 27.0 39.7 29.4 45.3 35.2 92.9 88.2 45.4 38.1 77.9 46.4 42.9 20.2 89.0 87.0 62.4 37.9 73.5 18.0 34.7 96.0 75.2 52.6 46.1 47.2 66.5 16.3 60.0 100.9 84.6 70.3 27.8 47.2 64.1 74.2 54.1 46.9 42.8 82.7 
51.5 19.4 34.4 41.6 43.4 0.0 47.4 48.4 70.9 23.9 58.0 29.0 23.0 16.6 11.2 48.4 60.0 65.4 15.3 22.8 41.4 44.8 50.8 54.2 44.3 15.3 38.6 56.6 49.5 53.5 17.0 12.0 48.4 54.5 14.9 42.4 48.8 51.2 23.0 52.2 39.4 49.2 37.7 62.8 45.5 39.1 29.2 46.5 23.1 32.6 61.9 58.6 44.0 27.0 27.6 38.5 20.9 53.0 62.5 37.1 2.2 46.6 
52.3 66.3 73.2 88.1 77.2 47.4 0.0 43.1 32.3 67.7 36.8 63.7 46.7 52.0 43.2 51.1 83.6 56.3 61.2 59.1 39.2 84.3 87.3 97.2 91.4 51.6 37.0 101.5 51.0 14.0 63.6 42.7 1.0 52.2 36.9 63.1 70.7 81.0 58.1 98.4 10.4 90.1 84.6 19.2 83.6 85.7 76.2 93.9 43.7 61.1 47.7 42.9 66.3 46.6 73.4 34.8 39.3 15.3 55.1 34.2 45.9 13.9 
9.4 64.9 50.2 85.4 91.4 48.4 43.1 0.0 39.0 71.7 16.3 76.7 28.0 38.0 37.3 9.2 45.4 94.2 52.4 40.3 7.1 93.0 58.2 101.1 86.1 62.2 68.4 101.8 8.5 34.5 55.2 54.3 43.8 86.7 51.0 86.0 34.0 47.4 38.9 95.8 34.4 97.2 81.0 41.4 57.0 72.2 65.9 84.9 26.4 78.5 86.8 12.2 31.4 24.2 73.8 66.8 27.5 58.1 92.1 65.5 48.8 29.8 
47.3 90.3 86.0 112.4 107.3 70.9 32.3 39.0 0.0 94.0 23.2 93.0 59.6 68.4 62.7 48.0 84.2 87.1 81.3 73.5 40.6 112.9 96.3 124.5 114.6 79.5 69.3 127.5 47.1 19.2 84.1 70.3 32.0 84.2 64.8 94.8 73.0 86.2 72.2 123.1 33.8 118.3 108.4 14.0 94.4 104.7 96.4 115.4 56.9 91.6 78.0 29.8 70.2 57.2 98.5 67.1 54.6 44.0 86.2 66.4 70.1 24.8 
73.8 9.5 42.7 21.4 24.0 23.9 67.7 71.7 94.0 0.0 81.8 15.0 44.6 35.5 34.4 70.6 74.0 67.4 23.1 38.0 64.9 21.6 57.3 30.5 26.0 16.8 46.0 33.8 71.8 75.9 21.4 25.1 68.6 55.7 30.9 33.6 65.3 62.9 39.0 31.0 61.2 25.5 19.0 84.8 51.5 31.6 23.3 31.4 45.5 22.5 67.1 82.3 61.1 48.8 7.1 47.0 44.3 69.6 64.2 46.1 24.2 69.4 
24.1 76.2 65.7 97.7 99.2 58.0 36.8 16.3 23.2 81.8 0.0 84.3 41.2 51.0 47.8 25.0 61.1 92.2 65.1 54.6 19.7 102.5 74.5 112.1 99.0 69.9 69.0 113.7 24.0 24.4 67.9 61.1 37.2 86.5 56.6 90.6 50.2 63.6 53.3 108.3 31.3 107.2 93.4 28.6 73.1 86.6 79.4 98.6 38.9 84.8 83.9 7.2 47.7 38.0 85.0 67.1 38.3 51.9 90.6 66.0 57.8 23.1 
80.4 23.4 55.9 33.4 14.9 29.0 63.7 76.7 93.0 15.0 84.3 0.0 52.0 44.4 40.1 77.3 86.0 53.4 34.9 48.8 69.6 20.8 71.3 34.9 38.8 14.6 35.2 41.2 78.4 74.0 34.0 23.3 64.4 41.8 28.3 18.6 76.2 75.6 49.5 41.0 59.2 26.9 32.3 82.1 65.5 46.6 38.2 45.2 52.1 7.6 54.1 86.0 71.6 56.0 21.5 36.7 49.5 62.3 50.2 36.1 28.2 68.2 
29.1 37.2 27.2 57.4 66.2 23.0 46.7 28.0 59.6 44.6 41.2 52.0 0.0 10.0 12.4 26.0 41.0 82.5 24.4 13.9 21.9 66.2 40.6 73.3 58.1 38.2 54.8 73.8 27.2 46.4 27.2 32.6 47.7 72.7 31.8 64.8 28.4 35.4 12.6 67.8 36.3 69.9 53.0 55.7 37.1 45.5 38.2 57.4 3.0 55.4 77.1 39.7 23.4 4.1 46.1 53.9 7.6 57.9 79.8 52.5 24.2 39.2 
38.6 27.5 21.6 47.4 58.0 16.6 52.0 38.0 68.4 35.5 51.0 44.4 10.0 0.0 9.8 35.5 43.6 80.6 14.4 7.6 31.9 57.1 37.2 63.6 48.2 31.6 53.2 63.8 36.8 53.9 17.2 28.0 53.0 70.1 29.0 58.9 32.3 35.4 7.2 57.8 42.1 60.4 43.0 63.3 32.6 36.2 28.4 47.6 12.0 48.8 76.2 49.7 27.5 13.9 36.4 52.6 13.9 61.4 77.8 51.2 18.4 46.6 
40.3 28.4 31.3 50.2 54.6 11.2 43.2 37.3 62.7 34.4 47.8 40.1 12.4 9.8 0.0 37.2 52.0 71.4 18.8 17.5 30.5 55.7 47.0 64.4 52.0 26.0 43.8 65.9 38.3 46.6 21.5 20.2 44.2 61.2 20.0 52.4 40.0 44.7 17.0 60.8 33.7 59.9 46.0 56.1 42.4 43.0 34.0 52.8 12.0 43.2 66.7 47.9 35.0 16.1 37.2 43.2 9.8 51.8 68.7 41.8 12.0 39.4 
3.2 63.0 44.0 82.4 91.8 48.4 51.1 9.2 48.0 70.6 25.0 77.3 26.0 35.5 37.2 0.0 36.2 99.7 49.7 36.1 12.0 92.2 50.3 99.0 82.4 63.1 73.2 98.9 1.4 43.4 52.3 56.1 51.9 91.5 53.6 88.4 25.2 38.8 34.7 92.4 41.7 95.8 77.9 50.6 49.6 67.3 61.9 80.4 25.3 80.0 92.8 19.6 23.1 21.8 71.9 71.7 28.0 65.8 97.5 70.4 49.2 38.3 
37.0 64.5 32.1 76.1 98.0 60.0 83.6 45.4 84.2 74.0 61.1 86.0 41.0 43.6 52.0 36.2 0.0 123.3 51.2 37.6 45.9 93.8 24.6 95.0 73.6 74.7 95.7 91.7 37.1 78.4 52.6 71.6 84.5 113.2 72.0 102.0 13.0 12.2 37.1 83.9 73.4 95.2 72.0 86.3 28.2 54.7 55.0 68.4 43.2 91.4 118.1 55.0 17.8 39.1 71.7 94.8 48.2 96.9 120.6 93.4 61.9 72.4 
102.0 73.4 99.8 86.7 57.0 65.4 56.3 94.2 87.1 67.4 92.2 53.4 82.5 80.6 71.4 99.7 123.3 0.0 79.3 87.8 88.1 69.0 116.2 84.0 92.2 54.6 27.7 92.0 100.2 70.3 79.9 53.4 56.2 11.7 51.6 37.0 110.9 116.0 87.7 93.5 61.1 75.0 85.6 73.1 110.8 98.1 88.6 98.5 80.6 45.9 9.2 97.5 105.9 85.0 74.3 28.6 75.8 43.0 3.2 30.0 63.3 69.2 
52.8 14.0 21.4 33.0 46.9 15.3 61.2 52.4 81.3 23.1 65.1 34.9 24.4 14.4 18.8 49.7 51.2 79.3 0.0 15.0 46.2 44.1 37.5 49.4 33.9 25.5 53.2 49.4 51.0 65.4 2.8 26.4 62.2 68.0 30.1 51.9 42.2 40.7 16.1 43.4 52.2 46.9 28.6 74.8 31.8 24.5 15.2 34.1 26.2 40.8 76.5 64.0 38.0 28.3 22.6 53.3 27.0 68.0 76.3 52.0 17.5 58.2 
39.1 29.1 14.1 46.5 61.5 22.8 59.1 40.3 73.5 38.0 54.6 48.8 13.9 7.6 17.5 36.1 37.6 87.8 15.0 0.0 35.0 59.1 29.5 63.9 46.3 37.1 60.4 63.1 37.4 60.0 17.3 34.7 60.1 77.1 36.2 64.4 27.5 28.4 1.4 56.4 49.0 61.8 42.0 69.4 25.0 32.0 25.8 44.6 16.8 53.9 83.6 52.4 23.1 16.6 37.5 60.0 20.1 68.9 84.9 58.6 24.8 52.8 
13.9 58.3 46.1 79.2 84.4 41.4 39.2 7.1 40.6 64.9 19.7 69.6 21.9 31.9 30.5 12.0 45.9 88.1 46.2 35.0 0.0 86.2 55.7 94.5 80.1 55.1 62.0 95.4 12.2 32.6 49.0 47.3 40.0 80.3 44.0 79.0 33.5 46.0 33.6 89.6 29.7 90.4 74.8 40.6 53.9 67.0 60.1 79.2 20.0 71.4 81.0 17.8 30.1 18.4 67.2 60.4 20.6 53.8 86.0 59.1 41.8 26.8 
95.3 30.1 61.8 23.3 12.2 44.8 84.3 93.0 112.9 21.6 102.5 20.8 66.2 57.1 55.7 92.2 93.8 69.0 44.1 59.1 86.2 0.0 74.6 15.1 29.0 33.4 55.2 23.1 93.4 94.2 42.0 42.6 85.0 58.1 48.2 32.0 86.0 82.2 60.2 26.0 79.3 6.3 25.2 102.5 69.0 44.3 39.6 36.8 67.1 25.6 71.6 103.4 82.0 70.3 22.1 56.9 65.6 83.0 66.0 56.4 44.7 88.1 
52.4 48.0 16.4 54.5 81.0 50.8 87.3 58.2 96.3 57.3 74.5 71.3 40.6 37.2 47.0 50.3 24.6 116.2 37.5 29.5 55.7 74.6 0.0 73.4 51.0 62.9 89.3 69.0 51.6 86.0 37.6 62.8 88.3 105.1 65.2 89.0 26.6 13.5 30.1 61.0 76.9 75.0 50.8 95.0 5.8 32.1 35.1 45.1 43.6 77.8 112.6 69.9 27.3 41.1 53.3 89.0 48.1 98.1 113.2 87.7 53.0 79.1 
102.2 36.2 63.2 19.0 27.0 54.2 97.2 101.1 124.5 30.5 112.1 34.9 73.3 63.6 64.4 99.0 95.0 84.0 49.4 63.9 94.5 15.1 73.4 0.0 22.8 45.6 69.9 8.9 100.3 106.2 46.8 54.7 98.0 73.2 60.4 47.1 89.1 83.0 65.1 15.0 91.4 9.0 23.0 114.9 68.2 41.4 40.2 30.1 74.7 40.5 86.7 112.2 85.7 77.4 27.3 71.5 74.1 97.1 81.1 70.9 54.7 99.7 
85.4 25.1 42.4 5.8 39.7 44.3 91.4 86.1 114.6 26.0 99.0 38.8 58.1 48.2 52.0 82.4 73.6 92.2 33.9 46.3 80.1 29.0 51.0 22.8 0.0 42.4 72.0 18.1 83.8 97.8 31.1 49.7 92.3 80.6 55.4 56.3 69.0 61.4 47.7 10.4 83.6 26.6 7.1 107.0 46.0 19.0 20.6 7.8 60.1 46.3 92.7 97.8 66.1 61.8 19.1 73.1 60.9 94.8 89.1 72.1 45.6 90.7 
66.1 19.4 46.8 38.1 29.4 15.3 51.6 62.2 79.5 16.8 69.9 14.6 38.2 31.6 26.0 63.1 74.7 54.6 25.5 37.1 55.1 33.4 62.9 45.6 42.4 0.0 30.4 50.1 64.1 60.8 25.6 9.2 52.4 43.0 14.9 27.3 63.9 65.2 37.6 47.8 46.0 38.9 35.4 69.4 57.3 44.0 34.2 47.0 38.0 17.3 52.8 71.5 59.1 42.1 23.3 31.1 35.1 52.8 51.5 30.1 14.0 54.7 
75.6 49.8 72.9 67.1 45.3 38.6 37.0 68.4 69.3 46.0 69.0 35.2 54.8 53.2 43.8 73.2 95.7 27.7 53.2 60.4 62.0 55.2 89.3 69.9 72.0 30.4 0.0 76.4 73.7 50.4 54.2 26.8 37.3 18.4 24.2 27.6 83.2 88.5 60.3 75.8 38.1 61.5 65.0 56.1 84.1 74.2 64.3 77.2 53.0 29.5 23.3 73.4 78.2 57.4 53.0 2.2 48.3 29.7 25.0 3.0 36.4 47.3 
102.0 37.5 60.4 16.6 35.2 56.6 101.5 101.8 127.5 33.8 113.7 41.2 73.8 63.8 65.9 98.9 91.7 92.0 49.4 63.1 95.4 23.1 69.0 8.9 18.1 50.1 76.4 0.0 100.2 109.6 46.6 58.8 102.4 81.0 64.7 55.0 86.8 79.5 64.4 8.1 95.0 17.5 21.0 118.6 64.1 37.1 37.9 24.2 75.5 47.5 94.3 113.2 83.8 77.7 29.0 77.9 75.4 102.6 89.0 77.2 57.4 102.9 
2.0 64.3 45.5 83.7 92.9 49.5 51.0 8.5 47.1 71.8 24.0 78.4 27.2 36.8 38.3 1.4 37.1 100.2 51.0 37.4 12.2 93.4 51.6 100.3 83.8 64.1 73.7 100.2 0.0 42.9 53.7 57.0 51.7 92.1 54.5 89.3 26.3 40.0 36.1 93.8 41.8 97.1 79.3 50.0 51.0 68.7 63.2 81.8 26.5 81.0 93.2 18.4 24.4 23.1 73.2 72.2 29.0 65.8 98.0 70.9 50.2 38.0 
43.9 72.9 73.6 95.1 88.2 53.5 14.0 34.5 19.2 75.9 24.4 74.0 46.4 53.9 46.6 43.4 78.4 70.3 65.4 60.0 32.6 94.2 86.0 106.2 97.8 60.8 50.4 109.6 42.9 0.0 68.0 51.6 14.0 66.2 46.0 75.6 66.0 77.8 58.9 105.7 14.9 99.7 91.3 9.5 83.1 89.5 80.6 99.3 43.4 72.4 61.5 31.2 62.2 45.0 80.8 48.3 40.0 28.2 69.1 47.5 52.4 7.3 
55.5 12.0 22.0 30.2 45.4 17.0 63.6 55.2 84.1 21.4 67.9 34.0 27.2 17.2 21.5 52.3 52.6 79.9 2.8 17.3 49.0 42.0 37.6 46.8 31.1 25.6 54.2 46.6 53.7 68.0 0.0 27.5 64.5 68.5 31.6 51.4 44.0 41.8 18.4 40.6 54.7 44.6 25.8 77.5 31.9 22.2 12.6 31.4 29.1 40.2 77.4 66.8 40.0 31.1 20.2 54.4 29.8 70.0 76.9 53.1 19.1 60.8 
59.0 25.2 46.4 45.9 38.1 12.0 42.7 54.3 70.3 25.1 61.1 23.3 32.6 28.0 20.2 56.1 71.6 53.4 26.4 34.7 47.3 42.6 62.8 54.7 49.7 9.2 26.8 58.8 57.0 51.6 27.5 0.0 43.6 42.4 5.8 32.4 59.9 63.1 34.8 55.9 36.8 48.1 42.7 60.2 57.4 48.4 38.3 53.5 31.8 24.2 50.1 63.1 55.0 36.1 31.0 26.9 28.2 45.1 50.4 25.6 9.9 45.5 
53.1 67.2 74.2 89.0 77.9 48.4 1.0 43.8 32.0 68.6 37.2 64.4 47.7 53.0 44.2 51.9 84.5 56.2 62.2 60.1 40.0 85.0 88.3 98.0 92.3 52.4 37.3 102.4 51.7 14.0 64.5 43.6 0.0 52.3 37.7 63.6 71.6 81.9 59.1 99.3 11.4 90.9 85.5 18.8 84.6 86.7 77.1 94.9 44.7 61.7 47.5 43.4 67.2 47.5 74.2 35.1 40.3 14.8 55.0 34.5 46.8 14.4 
94.0 61.7 88.7 75.1 46.4 54.5 52.2 86.7 84.2 55.7 86.5 41.8 72.7 70.1 61.2 91.5 113.2 11.7 68.0 77.1 80.3 58.1 105.1 73.2 80.6 43.0 18.4 81.0 92.1 66.2 68.5 42.4 52.3 0.0 41.2 26.2 101.0 105.4 77.1 82.2 55.2 64.3 74.0 70.4 99.6 86.4 76.9 86.8 71.0 34.4 13.9 91.2 96.0 75.5 62.6 19.9 66.4 41.1 8.5 21.2 52.3 64.0 
56.4 30.6 48.9 51.6 42.9 14.9 36.9 51.0 64.8 30.9 56.6 28.3 31.8 29.0 20.0 53.6 72.0 51.6 30.1 36.2 44.0 48.2 65.2 60.4 55.4 14.9 24.2 64.7 54.5 46.0 31.6 5.8 37.7 41.2 0.0 35.0 59.9 64.4 36.1 61.7 31.1 53.7 48.4 54.5 60.0 53.1 43.0 58.9 30.5 28.2 47.4 59.0 54.9 34.9 36.8 23.9 26.2 39.6 48.8 22.5 12.6 40.0 
91.3 41.7 73.2 50.6 20.2 42.4 63.1 86.0 94.8 33.6 90.6 18.6 64.8 58.9 52.4 88.4 102.0 37.0 51.9 64.4 79.0 32.0 89.0 47.1 56.3 27.3 27.6 55.0 89.3 75.6 51.4 32.4 63.6 26.2 35.0 0.0 91.2 92.3 64.9 56.7 61.7 38.1 50.2 82.4 83.2 65.2 56.7 63.2 64.1 11.3 39.8 93.6 86.4 68.4 40.0 29.7 60.5 57.3 34.0 29.8 40.8 71.2 
26.7 56.1 26.6 70.6 89.0 48.8 70.7 34.0 73.0 65.3 50.2 76.2 28.4 32.3 40.0 25.2 13.0 110.9 42.2 27.5 33.5 86.0 26.6 89.1 69.0 63.9 83.2 86.8 26.3 66.0 44.0 59.9 71.6 101.0 59.9 91.2 0.0 13.9 26.7 79.4 60.4 88.1 66.3 74.1 27.6 51.1 49.0 65.0 30.4 81.0 105.4 44.7 5.0 26.2 64.0 82.3 35.4 83.9 108.2 80.9 50.6 59.8 
40.5 53.5 20.4 64.0 87.0 51.2 81.0 47.4 86.2 62.9 63.6 75.6 35.4 35.4 44.7 38.8 12.2 116.0 40.7 28.4 46.0 82.2 13.5 83.0 61.4 65.2 88.5 79.5 40.0 77.8 41.8 63.1 81.9 105.4 64.4 92.3 13.9 0.0 28.3 71.7 70.5 83.4 60.0 86.4 16.2 42.6 43.1 56.3 38.0 81.4 111.4 58.5 16.0 34.5 60.2 87.9 42.9 93.1 113.1 86.5 53.3 71.2 
37.7 30.1 15.0 47.9 62.4 23.0 58.1 38.9 72.2 39.0 53.3 49.5 12.6 7.2 17.0 34.7 37.1 87.7 16.1 1.4 33.6 60.2 30.1 65.1 47.7 37.6 60.3 64.4 36.1 58.9 18.4 34.8 59.1 77.1 36.1 64.9 26.7 28.3 0.0 57.8 48.0 63.0 43.4 68.2 25.7 33.4 27.2 46.0 15.5 54.4 83.4 51.0 22.2 15.3 38.6 59.8 19.0 68.2 84.9 58.4 25.0 51.6 
95.5 32.8 52.9 10.6 37.9 52.2 98.4 95.8 123.1 31.0 108.3 41.0 67.8 57.8 60.8 92.4 83.9 93.5 43.4 56.4 89.6 26.0 61.0 15.0 10.4 47.8 75.8 8.1 93.8 105.7 40.6 55.9 99.3 82.2 61.7 56.7 79.4 71.7 57.8 0.0 91.3 21.6 14.9 114.8 56.1 29.2 30.9 16.1 69.7 48.0 95.0 107.4 76.6 71.6 25.1 77.1 70.0 100.6 90.4 76.3 53.3 98.8 
43.3 58.7 63.0 80.8 73.5 39.4 10.4 34.4 33.8 61.2 31.3 59.2 36.3 42.1 33.7 41.7 73.4 61.1 52.2 49.0 29.7 79.3 76.9 91.4 83.6 46.0 38.1 95.0 41.8 14.9 54.7 36.8 11.4 55.2 31.1 61.7 60.4 70.5 48.0 91.3 0.0 84.9 77.0 23.6 73.3 76.7 67.4 85.6 33.4 57.8 53.1 36.4 55.9 36.1 66.3 36.0 29.1 24.1 59.4 35.1 38.1 9.5 
99.0 33.0 63.1 21.5 18.0 49.2 90.1 97.2 118.3 25.5 107.2 26.9 69.9 60.4 59.9 95.8 95.2 75.0 46.9 61.8 90.4 6.3 75.0 9.0 26.6 38.9 61.5 17.5 97.1 99.7 44.6 48.1 90.9 64.3 53.7 38.1 88.1 83.4 63.0 21.6 84.9 0.0 24.4 108.2 69.4 43.7 40.3 34.4 70.9 32.0 77.8 107.8 84.4 74.0 24.3 63.2 69.8 89.2 72.1 62.6 49.4 93.5 
81.0 18.4 40.2 4.5 34.7 37.7 84.6 81.0 108.4 19.0 93.4 32.3 53.0 43.0 46.0 77.9 72.0 85.6 28.6 42.0 74.8 25.2 50.8 23.0 7.1 35.4 65.0 21.0 79.3 91.3 25.8 42.7 85.5 74.0 48.4 50.2 66.3 60.0 43.4 14.9 77.0 24.4 0.0 100.5 45.4 19.3 17.3 13.0 54.8 39.8 85.8 92.6 63.1 56.9 12.0 66.0 55.2 87.8 82.5 65.1 38.9 84.3 
50.7 82.2 82.9 104.3 96.0 62.8 19.2 41.4 14.0 84.8 28.6 82.1 55.7 63.3 56.1 50.6 86.3 73.1 74.8 69.4 40.6 102.5 95.0 114.9 107.0 69.4 56.1 118.6 50.0 9.5 77.5 60.2 18.8 70.4 54.5 82.4 74.1 86.4 68.2 114.8 23.6 108.2 100.5 0.0 92.3 99.0 90.1 108.7 52.8 80.0 64.0 35.8 70.6 54.2 89.9 53.9 49.5 30.0 72.2 53.3 61.6 16.8 
52.0 42.2 11.2 49.2 75.2 45.5 83.6 57.0 94.4 51.5 73.1 65.5 37.1 32.6 42.4 49.6 28.2 110.8 31.8 25.0 53.9 69.0 5.8 68.2 46.0 57.3 84.1 64.1 51.0 83.1 31.9 57.4 84.6 99.6 60.0 83.2 27.6 16.2 25.7 56.1 73.3 69.4 45.4 92.3 0.0 27.0 29.4 40.4 40.0 72.0 107.4 68.9 27.2 38.1 47.5 83.9 44.3 93.9 107.8 82.5 47.7 76.0 
70.2 24.7 24.6 22.6 52.6 39.1 85.7 72.2 104.7 31.6 86.6 46.6 45.5 36.2 43.0 67.3 54.7 98.1 24.5 32.0 67.0 44.3 32.1 41.4 19.0 44.0 74.2 37.1 68.7 89.5 22.2 48.4 86.7 86.4 53.1 65.2 51.1 42.6 33.4 29.2 76.7 43.7 19.3 99.0 27.0 0.0 10.0 13.9 48.0 54.1 96.8 84.4 48.8 48.6 25.5 74.7 50.1 92.1 94.9 73.5 41.0 82.3 
64.9 15.3 23.0 21.6 46.1 29.2 76.2 65.9 96.4 23.3 79.4 38.2 38.2 28.4 34.0 61.9 55.0 88.6 15.2 25.8 60.1 39.6 35.1 40.2 20.6 34.2 64.3 37.9 63.2 80.6 12.6 38.3 77.1 76.9 43.0 56.7 49.0 43.1 27.2 30.9 67.4 40.3 17.3 90.1 29.4 10.0 0.0 19.2 40.5 45.5 87.0 77.8 45.9 41.7 18.4 64.8 41.9 82.2 85.4 63.6 31.1 73.4 
83.4 28.3 38.5 13.5 47.2 46.5 93.9 84.9 115.4 31.4 98.6 45.2 57.4 47.6 52.8 80.4 68.4 98.5 34.1 44.6 79.2 36.8 45.1 30.1 7.8 47.0 77.2 24.2 81.8 99.3 31.4 53.5 94.9 86.8 58.9 63.2 65.0 56.3 46.0 16.1 85.6 34.4 13.0 108.7 40.4 13.9 19.2 0.0 59.7 52.8 98.5 96.9 62.6 60.8 24.3 78.1 61.0 98.5 95.3 77.0 48.1 92.1 
28.4 38.5 30.1 59.2 66.5 23.1 43.7 26.4 56.9 45.5 38.9 52.1 3.0 12.0 12.0 25.3 43.2 80.6 26.2 16.8 20.0 67.1 43.6 74.7 60.1 38.0 53.0 75.5 26.5 43.4 29.1 31.8 44.7 71.0 30.5 64.1 30.4 38.0 15.5 69.7 33.4 70.9 54.8 52.8 40.0 48.0 40.5 59.7 0.0 55.1 75.0 37.8 25.5 4.5 47.4 52.0 5.0 55.2 78.0 50.6 24.0 36.2 
83.0 30.4 62.1 40.8 16.3 32.6 61.1 78.5 91.6 22.5 84.8 7.6 55.4 48.8 43.2 80.0 91.4 45.9 40.8 53.9 71.4 25.6 77.8 40.5 46.3 17.3 29.5 47.5 81.0 72.4 40.2 24.2 61.7 34.4 28.2 11.3 81.0 81.4 54.4 48.0 57.8 32.0 39.8 80.0 72.0 54.1 45.5 52.8 55.1 0.0 47.0 87.1 76.2 59.3 29.1 31.3 52.0 58.0 42.8 30.9 31.3 67.1 
94.9 72.1 96.3 87.4 60.0 61.9 47.7 86.8 78.0 67.1 83.9 54.1 77.1 76.2 66.7 92.8 118.1 9.2 76.5 83.6 81.0 71.6 112.6 86.7 92.7 52.8 23.3 94.3 93.2 61.5 77.4 50.1 47.5 13.9 47.4 39.8 105.4 111.4 83.4 95.0 53.1 77.8 85.8 64.0 107.4 96.8 87.0 98.5 75.0 47.0 0.0 89.5 100.4 79.3 74.1 23.6 70.1 34.0 9.4 25.0 59.7 60.9 
18.1 76.0 62.4 97.0 100.9 58.6 42.9 12.2 29.8 82.3 7.2 86.0 39.7 49.7 47.9 19.6 55.0 97.5 64.0 52.4 17.8 103.4 69.9 112.2 97.8 71.5 73.4 113.2 18.4 31.2 66.8 63.1 43.4 91.2 59.0 93.6 44.7 58.5 51.0 107.4 36.4 107.8 92.6 35.8 68.9 84.4 77.8 96.9 37.8 87.1 89.5 0.0 42.7 36.1 84.9 71.6 38.1 58.2 95.8 70.5 58.7 29.1 
25.1 52.0 24.2 67.4 84.6 44.0 66.3 31.4 70.2 61.1 47.7 71.6 23.4 27.5 35.0 23.1 17.8 105.9 38.0 23.1 30.1 82.0 27.3 85.7 66.1 59.1 78.2 83.8 24.4 62.2 40.0 55.0 67.2 96.0 54.9 86.4 5.0 16.0 22.2 76.6 55.9 84.4 63.1 70.6 27.2 48.8 45.9 62.6 25.5 76.2 100.4 42.7 0.0 21.3 60.1 77.3 30.4 79.3 103.2 75.9 45.7 55.8 
25.0 41.2 28.9 61.3 70.3 27.0 46.6 24.2 57.2 48.8 38.0 56.0 4.1 13.9 16.1 21.8 39.1 85.0 28.3 16.6 18.4 70.3 41.1 77.4 61.8 42.1 57.4 77.7 23.1 45.0 31.1 36.1 47.5 75.5 34.9 68.4 26.2 34.5 15.3 71.6 36.1 74.0 56.9 54.2 38.1 48.6 41.7 60.8 4.5 59.3 79.3 36.1 21.3 0.0 50.2 56.4 9.2 58.6 82.4 55.0 28.1 38.0 
75.0 8.9 39.8 14.9 27.8 27.6 73.4 73.8 98.5 7.1 85.0 21.5 46.1 36.4 37.2 71.9 71.7 74.3 22.6 37.5 67.2 22.1 53.3 27.3 19.1 23.3 53.0 29.0 73.2 80.8 20.2 31.0 74.2 62.6 36.8 40.0 64.0 60.2 38.6 25.1 66.3 24.3 12.0 89.9 47.5 25.5 18.4 24.3 47.4 29.1 74.1 84.9 60.1 50.2 0.0 54.0 46.9 76.0 71.2 53.0 28.4 74.0 
74.1 50.5 72.7 68.3 47.2 38.5 34.8 66.8 67.1 47.0 67.1 36.7 53.9 52.6 43.2 71.7 94.8 28.6 53.3 60.0 60.4 56.9 89.0 71.5 73.1 31.1 2.2 77.9 72.2 48.3 54.4 26.9 35.1 19.9 23.9 29.7 82.3 87.9 59.8 77.1 36.0 63.2 66.0 53.9 83.9 74.7 64.8 78.1 52.0 31.3 23.6 71.6 77.3 56.4 54.0 0.0 47.2 27.6 26.1 1.4 36.2 45.2 
31.0 38.0 34.0 59.5 64.1 20.9 39.3 27.5 54.6 44.3 38.3 49.5 7.6 13.9 9.8 28.0 48.2 75.8 27.0 20.1 20.6 65.6 48.1 74.1 60.9 35.1 48.3 75.4 29.0 40.0 29.8 28.2 40.3 66.4 26.2 60.5 35.4 42.9 19.0 70.0 29.1 69.8 55.2 49.5 44.3 50.1 41.9 61.0 5.0 52.0 70.1 38.1 30.4 9.2 46.9 47.2 0.0 50.3 73.2 45.8 21.4 32.8 
67.2 70.2 83.0 90.8 74.2 53.0 15.3 58.1 44.0 69.6 51.9 62.3 57.9 61.4 51.8 65.8 96.9 43.0 68.0 68.9 53.8 83.0 98.1 97.1 94.8 52.8 29.7 102.6 65.8 28.2 70.0 45.1 14.8 41.1 39.6 57.3 83.9 93.1 68.2 100.6 24.1 89.2 87.8 30.0 93.9 92.1 82.2 98.5 55.2 58.0 34.0 58.2 79.3 58.6 76.0 27.6 50.3 0.0 42.3 27.6 51.1 29.2 
99.8 70.3 96.8 83.5 54.1 62.5 55.1 92.1 86.2 64.2 90.6 50.2 79.8 77.8 68.7 97.5 120.6 3.2 76.3 84.9 86.0 66.0 113.2 81.1 89.1 51.5 25.0 89.0 98.0 69.1 76.9 50.4 55.0 8.5 48.8 34.0 108.2 113.1 84.9 90.4 59.4 72.1 82.5 72.2 107.8 94.9 85.4 95.3 78.0 42.8 9.4 95.8 103.2 82.4 71.2 26.1 73.2 42.3 0.0 27.5 60.3 67.7 
72.8 49.4 71.3 67.4 46.9 37.1 34.2 65.5 66.4 46.1 66.0 36.1 52.5 51.2 41.8 70.4 93.4 30.0 52.0 58.6 59.1 56.4 87.7 70.9 72.1 30.1 3.0 77.2 70.9 47.5 53.1 25.6 34.5 21.2 22.5 29.8 80.9 86.5 58.4 76.3 35.1 62.6 65.1 53.3 82.5 73.5 63.6 77.0 50.6 30.9 25.0 70.5 75.9 55.0 53.0 1.4 45.8 27.6 27.5 0.0 34.9 44.3 
52.2 20.6 36.6 42.7 42.8 2.2 45.9 48.8 70.1 24.2 57.8 28.2 24.2 18.4 12.0 49.2 61.9 63.3 17.5 24.8 41.8 44.7 53.0 54.7 45.6 14.0 36.4 57.4 50.2 52.4 19.1 9.9 46.8 52.3 12.6 40.8 50.6 53.3 25.0 53.3 38.1 49.4 38.9 61.6 47.7 41.0 31.1 48.1 24.0 31.3 59.7 58.7 45.7 28.1 28.4 36.2 21.4 51.1 60.3 34.9 0.0 45.6 
39.2 66.0 66.4 88.2 82.7 46.6 13.9 29.8 24.8 69.4 23.1 68.2 39.2 46.6 39.4 38.3 72.4 69.2 58.2 52.8 26.8 88.1 79.1 99.7 90.7 54.7 47.3 102.9 38.0 7.3 60.8 45.5 14.4 64.0 40.0 71.2 59.8 71.2 51.6 98.8 9.5 93.5 84.3 16.8 76.0 82.3 73.4 92.1 36.2 67.1 60.9 29.1 55.8 38.0 74.0 45.2 32.8 29.2 67.7 44.3 45.6 0.0 

Routes: 
Route: 0 1 9 45 42 47 25 31 13 0 | Demand: 100.0| Cost: 262.3
Route: 0 7 20 8 40 29 61 10 51 0 | Demand: 99.0| Cost: 161.5
Route: 0 12 22 44 2 18 30 46 37 52 53 0 | Demand: 100.0| Cost: 228.9
Route: 0 16 36 0 | Demand: 42.0| Cost: 76.7
Route: 0 24 3 4 21 23 27 41 39 11 54 0 | Demand: 99.0| Cost: 337.8
Route: 0 28 15 19 38 48 56 0 | Demand: 95.0| Cost: 92.4
Route: 0 33 17 58 50 35 49 0 | Demand: 99.0| Cost: 252.4
Route: 0 43 6 32 26 55 59 57 34 5 60 14 0 | Demand: 99.0| Cost: 248.4

Total cost: 1660.4
Execution time: 0.004

