ClarkeWright Sequential: 
 
Distance Matrix: 
0.0 71.0 108.8 69.4 49.2 52.3 76.9 79.1 59.7 75.3 80.4 53.9 102.0 67.5 72.8 63.2 46.6 109.3 84.8 110.3 62.2 81.7 110.9 62.8 59.7 57.7 79.6 48.2 100.2 94.8 98.8 38.5 102.5 30.6 42.8 99.6 103.2 101.8 44.2 49.4 80.6 72.5 78.4 37.2 47.1 97.5 50.0 78.0 96.5 106.2 59.5 68.4 80.0 99.0 75.3 82.1 59.1 102.6 91.2 82.8 51.4 99.3 
71.0 0.0 37.7 54.9 38.5 33.0 61.2 48.2 14.0 51.0 10.0 41.8 32.6 24.7 14.4 8.2 36.1 40.0 22.4 44.9 17.1 48.4 63.2 28.1 14.0 29.7 38.8 36.1 51.4 26.1 59.1 42.2 36.1 43.9 28.6 30.0 37.9 63.6 56.3 42.8 10.2 36.8 49.5 34.0 31.3 27.2 61.2 72.1 36.1 38.5 43.9 14.6 10.8 38.6 51.0 71.2 12.8 48.2 31.3 29.7 49.5 30.3 
108.8 37.7 0.0 78.6 71.4 65.6 82.0 66.0 50.2 71.4 28.6 72.4 14.0 51.1 40.0 45.7 70.3 14.4 32.3 27.2 50.0 64.6 60.8 56.6 50.2 60.8 55.3 69.7 53.3 19.0 65.5 77.8 22.4 80.9 66.2 14.6 25.6 69.3 89.1 75.0 28.4 58.3 67.9 71.7 66.5 13.4 92.3 94.1 34.0 19.8 72.0 44.0 29.7 34.2 71.4 91.2 50.0 45.6 34.2 42.8 80.4 16.1 
69.4 54.9 78.6 0.0 25.3 72.7 8.2 15.2 43.9 8.9 56.5 19.0 81.6 75.0 68.4 49.7 29.7 70.0 77.2 63.2 38.4 17.9 46.7 75.3 43.9 26.9 24.1 72.5 39.4 77.3 32.6 34.2 88.0 64.0 46.5 64.3 58.3 34.4 26.0 22.4 62.6 20.4 13.4 48.7 66.2 75.3 22.8 17.2 48.4 64.1 13.4 66.6 53.9 93.1 8.9 17.2 55.2 45.7 86.1 36.1 18.1 80.3 
49.2 38.5 71.4 25.3 0.0 48.4 33.5 30.6 24.7 28.0 44.0 6.3 70.0 53.3 49.4 31.0 4.5 67.2 60.2 64.9 22.0 33.0 61.7 52.5 24.7 10.8 30.5 47.7 51.1 64.1 50.0 10.8 74.4 38.8 21.6 58.8 58.3 53.4 18.0 4.5 48.2 23.3 30.3 23.4 41.6 64.0 22.8 40.5 50.0 62.6 12.2 46.5 42.2 76.7 28.0 42.0 34.0 54.0 69.0 35.6 11.7 68.0 
52.3 33.0 65.6 72.7 48.4 0.0 80.6 72.1 32.6 72.5 42.4 54.4 55.2 16.1 25.6 30.0 44.0 71.6 35.6 77.8 38.8 73.4 94.1 10.8 32.6 46.5 65.5 4.5 82.1 48.1 87.5 44.0 53.3 22.0 26.9 61.7 70.9 91.8 61.2 52.5 38.5 60.7 72.8 27.2 7.2 52.5 68.1 88.8 68.7 70.9 59.4 21.6 43.7 47.5 72.5 89.9 22.0 80.1 40.2 60.0 59.5 52.3 
76.9 61.2 82.0 8.2 33.5 80.6 0.0 16.1 51.0 10.8 61.8 27.2 86.2 82.2 75.1 56.6 37.9 72.2 83.2 64.1 45.3 18.0 43.3 82.8 51.0 34.4 26.7 80.5 37.9 82.3 28.8 42.4 93.0 72.3 54.6 67.5 60.0 29.7 33.0 30.6 68.3 25.1 14.1 56.9 74.2 79.8 28.6 12.2 50.0 66.1 21.5 73.5 59.1 98.8 10.8 10.0 62.5 45.1 92.1 39.3 26.0 85.1 
79.1 48.2 66.0 15.2 30.6 72.1 16.1 0.0 40.2 6.3 47.2 25.3 70.7 71.0 62.5 44.9 34.2 56.1 69.4 48.4 34.0 2.8 32.8 72.5 40.2 26.3 10.8 72.8 24.4 67.2 19.7 41.2 77.9 68.0 48.4 51.4 44.0 22.8 38.4 29.7 54.0 11.7 2.0 52.0 66.5 64.4 36.9 28.3 34.0 50.0 19.7 61.6 44.4 84.4 6.3 25.3 51.9 30.5 78.1 23.4 28.8 69.8 
59.7 14.0 50.2 43.9 24.7 32.6 51.0 40.2 0.0 41.6 21.5 28.6 46.4 31.2 25.1 6.3 22.1 49.7 35.4 51.6 6.3 41.2 62.0 32.2 0.0 17.2 33.0 34.1 50.0 40.0 54.9 28.3 50.0 35.8 17.0 40.0 44.4 59.2 42.4 29.1 24.1 28.6 41.2 22.6 28.0 40.8 47.5 61.0 39.4 46.7 31.6 22.8 20.6 51.9 41.6 60.8 11.7 49.0 44.3 28.3 36.1 44.2 
75.3 51.0 71.4 8.9 28.0 72.5 10.8 6.3 41.6 0.0 51.1 22.1 75.4 72.8 65.1 46.9 32.1 62.0 72.8 54.6 35.6 8.9 38.2 73.8 41.6 26.0 16.1 72.8 30.5 71.6 24.4 38.2 82.3 66.5 47.5 56.9 50.0 26.8 33.3 26.3 57.7 14.4 4.5 50.6 66.5 69.1 31.1 22.8 40.0 56.0 16.1 63.8 48.4 88.2 0.0 20.6 53.3 36.8 81.6 28.6 24.2 74.3 
80.4 10.0 28.6 56.5 44.0 42.4 61.8 47.2 21.5 51.1 0.0 46.2 26.1 32.0 20.1 17.2 42.4 30.0 22.8 35.4 22.1 46.9 56.9 36.2 21.5 34.1 36.9 45.7 45.7 20.9 54.9 49.5 31.6 53.8 37.7 20.0 28.6 59.4 62.0 48.0 7.2 36.7 48.8 43.3 41.2 20.0 66.1 73.3 28.3 28.6 47.1 22.1 2.8 37.2 51.1 71.7 22.8 41.2 31.1 25.6 54.1 24.3 
53.9 41.8 72.4 19.0 6.3 54.4 27.2 25.3 28.6 22.1 46.2 0.0 72.2 58.4 53.7 34.9 10.8 67.1 63.9 63.5 24.7 27.9 57.3 58.0 28.6 12.2 26.9 53.9 47.2 66.8 44.9 16.1 77.3 45.1 27.8 59.2 57.3 48.1 17.1 4.5 51.0 19.8 24.7 29.7 47.7 66.1 20.0 34.4 48.4 62.0 6.0 51.1 44.0 80.3 22.1 35.8 38.8 50.9 72.8 34.0 8.0 70.5 
102.0 32.6 14.0 81.6 70.0 55.2 86.2 70.7 46.4 75.4 26.1 72.2 0.0 39.7 30.0 40.8 68.1 27.2 20.0 39.4 48.0 69.8 71.2 45.3 46.4 60.1 59.9 59.5 62.2 7.2 73.8 74.7 8.9 72.7 60.7 22.8 36.1 77.9 88.0 74.0 22.4 61.4 72.5 65.8 57.2 6.3 92.2 98.1 42.4 31.3 73.0 34.4 28.3 20.4 75.4 95.9 43.1 55.3 20.4 47.4 80.2 2.8 
67.5 24.7 51.1 75.0 53.3 16.1 82.2 71.0 31.2 72.8 32.0 58.4 39.7 0.0 12.2 26.1 49.4 58.8 19.8 66.8 37.2 71.7 87.9 5.7 31.2 48.1 62.6 20.6 76.2 32.8 83.6 52.0 37.2 36.9 34.2 49.5 60.3 88.0 68.9 57.7 26.3 59.4 72.1 36.9 20.4 37.7 75.2 91.9 60.1 59.2 62.3 10.2 34.1 31.6 72.8 92.0 19.8 72.7 24.2 54.4 64.9 36.9 
72.8 14.4 40.0 68.4 49.4 25.6 75.1 62.5 25.1 65.1 20.1 53.7 30.0 12.2 0.0 18.9 46.2 46.8 12.2 54.6 30.0 62.8 76.7 17.1 25.1 42.2 53.3 29.7 65.1 22.8 73.3 50.6 29.7 42.9 34.0 37.4 48.2 77.8 66.5 53.9 14.1 51.0 63.8 38.2 27.2 26.9 72.1 85.6 48.4 47.1 56.6 4.5 22.4 28.1 65.1 85.0 16.1 61.2 20.1 43.9 60.9 27.2 
63.2 8.2 45.7 49.7 31.0 30.0 56.6 44.9 6.3 46.9 17.2 34.9 40.8 26.1 18.9 0.0 28.3 46.7 29.1 50.1 11.3 45.7 64.1 27.9 6.3 23.3 36.8 32.2 52.2 34.2 58.2 34.1 44.0 37.2 20.6 36.8 42.9 62.6 48.7 35.4 18.4 33.3 46.0 26.1 26.7 35.4 53.9 66.8 39.3 44.4 37.7 17.0 17.0 45.6 46.9 66.5 8.0 50.2 37.9 30.1 42.4 38.5 
46.6 36.1 70.3 29.7 4.5 44.0 37.9 34.2 22.1 32.1 42.4 10.8 68.1 49.4 46.2 28.3 0.0 67.1 57.3 65.6 20.4 36.5 64.6 48.4 22.1 11.3 33.1 43.3 53.7 62.0 53.4 8.5 72.1 34.5 17.2 58.3 58.8 56.9 20.4 8.5 46.0 26.0 34.1 19.0 37.2 62.3 26.0 44.9 51.0 62.8 16.5 43.1 40.8 73.8 32.1 46.5 30.5 56.0 66.0 36.8 15.6 66.0 
109.3 40.0 14.4 70.0 67.2 71.6 72.2 56.1 49.7 62.0 30.0 67.1 27.2 58.8 46.8 46.7 67.1 0.0 42.2 12.8 47.7 54.3 46.9 63.9 49.7 56.5 46.0 75.2 40.2 30.1 52.8 75.2 36.1 83.7 66.6 10.0 12.6 56.4 84.1 70.2 33.1 50.4 58.1 72.2 71.0 24.1 86.3 84.4 22.4 6.3 65.5 50.2 29.7 47.5 62.0 80.9 52.8 32.2 46.2 34.2 74.7 28.6 
84.8 22.4 32.3 77.2 60.2 35.6 83.2 69.4 35.4 72.8 22.8 63.9 20.0 19.8 12.2 29.1 57.3 42.2 0.0 52.2 39.4 69.3 78.8 25.5 35.4 52.0 59.4 40.0 68.0 13.4 77.7 62.3 17.9 54.6 46.0 34.1 46.7 82.1 77.7 64.6 15.6 58.4 70.9 50.4 38.5 19.0 83.0 94.3 49.4 44.0 66.2 16.5 25.6 16.5 72.8 93.2 28.0 62.8 8.9 48.4 71.5 17.2 
110.3 44.9 27.2 63.2 64.9 77.8 64.1 48.4 51.6 54.6 35.4 63.5 39.4 66.8 54.6 50.1 65.6 12.8 52.2 0.0 48.2 46.2 34.4 71.4 51.6 54.4 39.3 81.0 29.1 41.2 41.8 74.0 48.3 87.1 68.4 18.1 7.2 44.9 80.5 67.2 40.4 44.9 50.4 74.0 76.2 35.4 81.7 76.0 15.2 8.2 60.9 57.3 34.2 59.5 54.6 72.0 57.3 20.9 57.3 29.5 70.7 40.5 
62.2 17.1 50.0 38.4 22.0 38.8 45.3 34.0 6.3 35.6 22.1 24.7 48.0 37.2 30.0 11.3 20.4 47.7 39.4 48.2 0.0 34.9 56.1 38.5 6.3 12.6 26.7 40.2 44.2 42.2 48.7 27.9 52.6 40.5 20.6 38.5 41.0 53.0 40.0 26.1 26.3 22.4 35.0 26.1 34.1 42.0 44.4 55.6 35.0 44.0 26.8 28.3 20.4 55.7 35.6 55.2 17.9 43.7 48.3 22.8 32.6 46.0 
81.7 48.4 64.6 17.9 33.0 73.4 18.0 2.8 41.2 8.9 46.9 27.9 69.8 71.7 62.8 45.7 36.5 54.3 69.3 46.2 34.9 0.0 30.0 73.3 41.2 28.1 10.0 74.2 21.6 66.6 17.1 43.7 77.2 70.0 50.2 50.0 42.0 20.4 41.2 32.3 53.8 12.6 4.5 54.0 67.9 63.5 39.7 30.1 32.1 48.2 22.4 62.1 44.0 84.0 8.9 26.7 52.8 27.9 77.9 22.4 31.6 69.0 
110.9 63.2 60.8 46.7 61.7 94.1 43.3 32.8 62.0 38.2 56.9 57.3 71.2 87.9 76.7 64.1 64.6 46.9 78.8 34.4 56.1 30.0 0.0 91.1 62.0 54.4 31.6 96.0 12.0 71.0 14.4 72.5 80.0 95.7 75.3 48.4 35.4 14.6 71.2 61.8 63.9 38.6 34.1 80.0 90.0 66.0 69.3 52.8 29.5 41.0 52.2 77.7 54.4 89.9 38.2 47.5 72.1 16.1 85.9 34.1 61.6 71.6 
62.8 28.1 56.6 75.3 52.5 10.8 82.8 72.5 32.2 73.8 36.2 58.0 45.3 5.7 17.1 27.9 48.4 63.9 25.5 71.4 38.5 73.3 91.1 0.0 32.2 48.4 64.6 15.2 79.2 38.4 86.0 50.1 42.8 32.2 32.2 54.4 64.8 90.4 67.2 56.9 31.0 60.8 73.4 34.2 16.0 43.3 73.8 92.0 64.0 64.0 62.3 14.1 38.1 36.8 73.8 92.5 20.6 76.2 29.5 57.3 64.0 42.5 
59.7 14.0 50.2 43.9 24.7 32.6 51.0 40.2 0.0 41.6 21.5 28.6 46.4 31.2 25.1 6.3 22.1 49.7 35.4 51.6 6.3 41.2 62.0 32.2 0.0 17.2 33.0 34.1 50.0 40.0 54.9 28.3 50.0 35.8 17.0 40.0 44.4 59.2 42.4 29.1 24.1 28.6 41.2 22.6 28.0 40.8 47.5 61.0 39.4 46.7 31.6 22.8 20.6 51.9 41.6 60.8 11.7 49.0 44.3 28.3 36.1 44.2 
57.7 29.7 60.8 26.9 10.8 46.5 34.4 26.3 17.2 26.0 34.1 12.2 60.1 48.1 42.2 23.3 11.3 56.5 52.0 54.4 12.6 28.1 54.4 48.4 17.2 0.0 22.8 46.8 43.1 54.6 44.2 19.8 65.1 42.0 22.1 48.1 47.7 48.0 28.3 14.1 38.8 16.1 26.7 26.1 40.5 54.0 32.1 43.9 39.7 51.9 14.4 40.0 32.0 68.4 26.0 44.0 28.3 44.9 60.9 25.5 20.1 58.3 
79.6 38.8 55.3 24.1 30.5 65.5 26.7 10.8 33.0 16.1 36.9 26.9 59.9 62.6 53.3 36.8 33.1 46.0 59.4 39.3 26.7 10.0 31.6 64.6 33.0 22.8 0.0 66.8 20.6 56.6 22.1 41.2 67.2 64.5 44.2 40.8 34.2 26.3 42.8 31.2 43.9 7.2 12.6 48.7 60.5 53.7 42.9 38.8 24.3 40.0 22.8 52.8 34.1 74.0 16.1 36.1 44.3 24.1 67.9 12.6 32.8 59.1 
48.2 36.1 69.7 72.5 47.7 4.5 80.5 72.8 34.1 72.8 45.7 53.9 59.5 20.6 29.7 32.2 43.3 75.2 40.0 81.0 40.2 74.2 96.0 15.2 34.1 46.8 66.8 0.0 84.0 52.3 88.8 42.4 57.7 18.1 26.1 65.3 74.0 93.1 59.5 51.6 42.2 61.6 73.4 25.5 6.3 56.6 66.5 88.2 71.4 74.3 59.1 25.6 46.8 52.0 72.8 89.6 24.3 82.4 44.7 62.0 58.4 56.6 
100.2 51.4 53.3 39.4 51.1 82.1 37.9 24.4 50.0 30.5 45.7 47.2 62.2 76.2 65.1 52.2 53.7 40.2 68.0 29.1 44.2 21.6 12.0 79.2 50.0 43.1 20.6 84.0 0.0 61.2 12.6 61.8 70.8 84.0 63.6 39.7 27.8 16.1 62.2 51.6 52.8 27.8 26.1 68.4 78.0 56.6 61.2 49.0 19.8 34.0 42.5 66.0 43.1 80.0 30.5 44.4 60.1 8.2 75.5 22.1 52.3 62.3 
94.8 26.1 19.0 77.3 64.1 48.1 82.3 67.2 40.0 71.6 20.9 66.8 7.2 32.8 22.8 34.2 62.0 30.1 13.4 41.2 42.2 66.6 71.0 38.4 40.0 54.6 56.6 52.3 61.2 0.0 72.1 68.3 10.8 65.5 53.9 23.4 36.8 76.4 82.1 68.3 16.0 57.3 69.0 58.8 50.0 6.0 86.6 94.0 41.6 33.0 67.9 27.2 23.4 18.9 71.6 92.1 36.1 54.9 16.1 44.4 74.7 4.5 
98.8 59.1 65.5 32.6 50.0 87.5 28.8 19.7 54.9 24.4 54.9 44.9 73.8 83.6 73.3 58.2 53.4 52.8 77.7 41.8 48.7 17.1 14.4 86.0 54.9 44.2 22.1 88.8 12.6 72.1 0.0 60.7 82.1 86.2 66.0 51.6 40.2 4.5 57.7 49.4 62.1 28.1 20.6 70.3 82.6 67.9 55.3 38.6 31.6 46.5 39.4 73.5 52.2 90.7 24.4 33.5 66.0 20.9 85.6 29.5 48.4 73.6 
38.5 42.2 77.8 34.2 10.8 44.0 42.4 41.2 28.3 38.2 49.5 16.1 74.7 52.0 50.6 34.1 8.5 75.2 62.3 74.0 27.9 43.7 72.5 50.1 28.3 19.8 41.2 42.4 61.8 68.3 60.7 0.0 78.0 30.5 17.9 66.2 67.2 64.0 17.2 12.0 52.3 34.0 40.8 17.0 36.9 69.1 24.1 47.5 59.5 71.0 22.1 47.1 48.1 78.6 38.2 50.0 34.5 64.4 70.7 45.3 17.1 72.4 
102.5 36.1 22.4 88.0 74.4 53.3 93.0 77.9 50.0 82.3 31.6 77.3 8.9 37.2 29.7 44.0 72.1 36.1 17.9 48.3 52.6 77.2 80.0 42.8 50.0 65.1 67.2 57.7 70.8 10.8 82.1 78.0 0.0 72.5 62.8 31.6 44.9 86.3 92.3 78.6 26.3 68.0 79.6 67.5 56.4 14.1 97.0 104.8 51.0 40.2 78.6 34.2 34.2 12.0 82.3 102.9 44.7 64.0 14.4 54.9 85.2 8.5 
30.6 43.9 80.9 64.0 38.8 22.0 72.3 68.0 35.8 66.5 53.8 45.1 72.7 36.9 42.9 37.2 34.5 83.7 54.6 87.1 40.5 70.0 95.7 32.2 35.8 42.0 64.5 18.1 84.0 65.5 86.2 30.5 72.5 0.0 20.4 73.8 79.9 90.1 46.0 41.8 52.5 58.1 68.1 16.0 16.5 68.8 53.3 78.0 75.2 81.6 51.0 38.5 54.0 68.4 66.5 80.3 31.1 84.1 60.7 63.2 47.5 70.0 
42.8 28.6 66.2 46.5 21.6 26.9 54.6 48.4 17.0 47.5 37.7 27.8 60.7 34.2 34.0 20.6 17.2 66.6 46.0 68.4 20.6 50.2 75.3 32.2 17.0 22.1 44.2 26.1 63.6 53.9 66.0 17.9 62.8 20.4 0.0 56.9 61.2 70.0 35.0 25.6 38.6 38.0 48.7 5.7 20.0 55.7 41.6 62.1 55.6 63.7 33.1 30.1 37.2 62.0 47.5 63.5 18.1 63.9 54.0 43.1 32.6 58.2 
99.6 30.0 14.6 64.3 58.8 61.7 67.5 51.4 40.0 56.9 20.0 59.2 22.8 49.5 37.4 36.8 58.3 10.0 34.1 18.1 38.5 50.0 48.4 54.4 40.0 48.1 40.8 65.3 39.7 23.4 51.6 66.2 31.6 73.8 56.9 0.0 13.4 55.6 76.2 62.1 23.4 44.0 53.4 62.5 61.1 17.9 78.9 79.6 20.0 10.0 58.3 40.5 19.8 42.0 56.9 76.7 42.8 32.6 39.3 28.3 67.1 23.3 
103.2 37.9 25.6 58.3 58.3 70.9 60.0 44.0 44.4 50.0 28.6 57.3 36.1 60.3 48.2 42.9 58.8 12.6 46.7 7.2 41.0 42.0 35.4 64.8 44.4 47.7 34.2 74.0 27.8 36.8 40.2 67.2 44.9 79.9 61.2 13.4 0.0 43.9 74.3 60.8 34.1 39.3 46.0 66.8 69.1 31.3 75.9 72.1 10.0 6.3 55.0 50.6 27.2 55.5 50.0 68.5 50.2 20.0 52.5 23.4 64.6 36.7 
101.8 63.6 69.3 34.4 53.4 91.8 29.7 22.8 59.2 26.8 59.4 48.1 77.9 88.0 77.8 62.6 56.9 56.4 82.1 44.9 53.0 20.4 14.6 90.4 59.2 48.0 26.3 93.1 16.1 76.4 4.5 64.0 86.3 90.1 70.0 55.6 43.9 0.0 60.0 52.5 66.6 32.0 23.4 74.1 86.8 72.1 57.2 38.5 35.6 50.1 42.4 78.0 56.6 95.0 26.8 33.1 70.3 24.2 90.0 34.0 51.0 77.8 
44.2 56.3 89.1 26.0 18.0 61.2 33.0 38.4 42.4 33.3 62.0 17.1 88.0 68.9 66.5 48.7 20.4 84.1 77.7 80.5 40.0 41.2 71.2 67.2 42.4 28.3 42.8 59.5 62.2 82.1 57.7 17.2 92.3 46.0 35.0 76.2 74.3 60.0 0.0 14.1 66.1 36.1 37.2 34.1 54.0 82.0 7.2 34.2 65.3 79.1 20.0 63.2 60.1 94.1 33.3 38.0 50.6 66.8 86.3 51.0 10.0 86.0 
49.4 42.8 75.0 22.4 4.5 52.5 30.6 29.7 29.1 26.3 48.0 4.5 74.0 57.7 53.9 35.4 8.5 70.2 64.6 67.2 26.1 32.3 61.8 56.9 29.1 14.1 31.2 51.6 51.6 68.3 49.4 12.0 78.6 41.8 25.6 62.1 60.8 52.5 14.1 0.0 52.3 24.1 29.1 26.8 45.6 68.0 18.4 36.7 52.2 65.4 10.2 51.0 46.0 81.0 26.3 38.6 38.5 55.2 73.4 37.7 7.2 72.1 
80.6 10.2 28.4 62.6 48.2 38.5 68.3 54.0 24.1 57.7 7.2 51.0 22.4 26.3 14.1 18.4 46.0 33.1 15.6 40.4 26.3 53.8 63.9 31.0 24.1 38.8 43.9 42.2 52.8 16.0 62.1 52.3 26.3 52.5 38.6 23.4 34.1 66.6 66.1 52.3 0.0 43.3 55.6 43.9 38.4 17.1 70.7 79.6 34.9 33.0 52.5 17.1 10.0 30.5 57.7 78.2 21.6 48.1 24.1 32.8 58.9 20.1 
72.5 36.8 58.3 20.4 23.3 60.7 25.1 11.7 28.6 14.4 36.7 19.8 61.4 59.4 51.0 33.3 26.0 50.4 58.4 44.9 22.4 12.6 38.6 60.8 28.6 16.1 7.2 61.6 27.8 57.3 28.1 34.0 68.0 58.1 38.0 44.0 39.3 32.0 36.1 24.1 43.3 0.0 12.8 42.2 55.3 55.0 36.8 36.8 29.7 44.7 16.1 50.0 34.0 73.8 14.4 35.0 40.2 31.1 67.2 16.1 26.1 60.2 
78.4 49.5 67.9 13.4 30.3 72.8 14.1 2.0 41.2 4.5 48.8 24.7 72.5 72.1 63.8 46.0 34.1 58.1 70.9 50.4 35.0 4.5 34.1 73.4 41.2 26.7 12.6 73.4 26.1 69.0 20.6 40.8 79.6 68.1 48.7 53.4 46.0 23.4 37.2 29.1 55.6 12.8 0.0 52.2 67.1 66.2 35.4 26.3 36.0 52.0 19.0 62.8 46.0 86.0 4.5 23.4 52.8 32.3 79.6 25.3 27.8 71.6 
37.2 34.0 71.7 48.7 23.4 27.2 56.9 52.0 22.6 50.6 43.3 29.7 65.8 36.9 38.2 26.1 19.0 72.2 50.4 74.0 26.1 54.0 80.0 34.2 22.6 26.1 48.7 25.5 68.4 58.8 70.3 17.0 67.5 16.0 5.7 62.5 66.8 74.1 34.1 26.8 43.9 42.2 52.2 0.0 20.0 60.9 41.0 63.5 61.1 69.3 35.4 34.1 42.8 66.0 50.6 65.4 22.8 69.1 58.0 48.3 33.3 63.2 
47.1 31.3 66.5 66.2 41.6 7.2 74.2 66.5 28.0 66.5 41.2 47.7 57.2 20.4 27.2 26.7 37.2 71.0 38.5 76.2 34.1 67.9 90.0 16.0 28.0 40.5 60.5 6.3 78.0 50.0 82.6 36.9 56.4 16.5 20.0 61.1 69.1 86.8 54.0 45.6 38.4 55.3 67.1 20.0 0.0 53.8 61.0 82.1 66.0 69.8 52.8 22.8 42.0 51.9 66.5 83.4 19.0 76.7 44.3 56.1 52.5 54.4 
97.5 27.2 13.4 75.3 64.0 52.5 79.8 64.4 40.8 69.1 20.0 66.1 6.3 37.7 26.9 35.4 62.3 24.1 19.0 35.4 42.0 63.5 66.0 43.3 40.8 54.0 53.7 56.6 56.6 6.0 67.9 69.1 14.1 68.8 55.7 17.9 31.3 72.1 82.0 68.0 17.1 55.0 66.2 60.9 53.8 0.0 86.1 91.8 36.9 27.2 66.8 31.1 22.1 24.2 69.1 89.6 38.5 50.0 22.1 41.2 74.1 5.7 
50.0 61.2 92.3 22.8 22.8 68.1 28.6 36.9 47.5 31.1 66.1 20.0 92.2 75.2 72.1 53.9 26.0 86.3 83.0 81.7 44.4 39.7 69.3 73.8 47.5 32.1 42.9 66.5 61.2 86.6 55.3 24.1 97.0 53.3 41.6 78.9 75.9 57.2 7.2 18.4 70.7 36.8 35.4 41.0 61.0 86.1 0.0 28.0 66.5 81.0 20.9 69.1 64.0 99.5 31.1 32.2 56.5 66.6 91.8 52.5 12.0 90.4 
78.0 72.1 94.1 17.2 40.5 88.8 12.2 28.3 61.0 22.8 73.3 34.4 98.1 91.9 85.6 66.8 44.9 84.4 94.3 76.0 55.6 30.1 52.8 92.0 61.0 43.9 38.8 88.2 49.0 94.0 38.6 47.5 104.8 78.0 62.1 79.6 72.1 38.5 34.2 36.7 79.6 36.8 26.3 63.5 82.1 91.8 28.0 0.0 62.1 78.2 29.7 83.7 70.7 110.1 22.8 5.7 72.1 56.6 103.2 51.4 30.5 96.9 
96.5 36.1 34.0 48.4 50.0 68.7 50.0 34.0 39.4 40.0 28.3 48.4 42.4 60.1 48.4 39.3 51.0 22.4 49.4 15.2 35.0 32.1 29.5 64.0 39.4 39.7 24.3 71.4 19.8 41.6 31.6 59.5 51.0 75.2 55.6 20.0 10.0 35.6 65.3 52.2 34.9 29.7 36.0 61.1 66.0 36.9 66.5 62.1 0.0 16.1 45.7 50.0 26.1 60.5 40.0 58.5 47.1 13.4 56.4 14.4 55.5 42.5 
106.2 38.5 19.8 64.1 62.6 70.9 66.1 50.0 46.7 56.0 28.6 62.0 31.3 59.2 47.1 44.4 62.8 6.3 44.0 8.2 44.0 48.2 41.0 64.0 46.7 51.9 40.0 74.3 34.0 33.0 46.5 71.0 40.2 81.6 63.7 10.0 6.3 50.1 79.1 65.4 33.0 44.7 52.0 69.3 69.8 27.2 81.0 78.2 16.1 0.0 60.2 50.0 27.8 51.3 56.0 74.7 51.1 26.1 49.0 28.6 69.6 32.3 
59.5 43.9 72.0 13.4 12.2 59.4 21.5 19.7 31.6 16.1 47.1 6.0 73.0 62.3 56.6 37.7 16.5 65.5 66.2 60.9 26.8 22.4 52.2 62.3 31.6 14.4 22.8 59.1 42.5 67.9 39.4 22.1 78.6 51.0 33.1 58.3 55.0 42.4 20.0 10.2 52.5 16.1 19.0 35.4 52.8 66.8 20.9 29.7 45.7 60.2 0.0 54.4 44.7 82.5 16.1 30.5 42.5 46.9 75.2 31.6 10.0 71.4 
68.4 14.6 44.0 66.6 46.5 21.6 73.5 61.6 22.8 63.8 22.1 51.1 34.4 10.2 4.5 17.0 43.1 50.2 16.5 57.3 28.3 62.1 77.7 14.1 22.8 40.0 52.8 25.6 66.0 27.2 73.5 47.1 34.2 38.5 30.1 40.5 50.6 78.0 63.2 51.0 17.1 50.0 62.8 34.1 22.8 31.1 69.1 83.7 50.0 50.0 54.4 0.0 24.0 32.0 63.8 83.5 12.6 62.5 24.0 44.3 58.1 31.6 
80.0 10.8 29.7 53.9 42.2 43.7 59.1 44.4 20.6 48.4 2.8 44.0 28.3 34.1 22.4 17.0 40.8 29.7 25.6 34.2 20.4 44.0 54.4 38.1 20.6 32.0 34.1 46.8 43.1 23.4 52.2 48.1 34.2 54.0 37.2 19.8 27.2 56.6 60.1 46.0 10.0 34.0 46.0 42.8 42.0 22.1 64.0 70.7 26.1 27.8 44.7 24.0 0.0 40.0 48.4 69.0 23.3 38.8 33.9 22.8 52.0 26.7 
99.0 38.6 34.2 93.1 76.7 47.5 98.8 84.4 51.9 88.2 37.2 80.3 20.4 31.6 28.1 45.6 73.8 47.5 16.5 59.5 55.7 84.0 89.9 36.8 51.9 68.4 74.0 52.0 80.0 18.9 90.7 78.6 12.0 68.4 62.0 42.0 55.5 95.0 94.1 81.0 30.5 73.8 86.0 66.0 51.9 24.2 99.5 110.1 60.5 51.3 82.5 32.0 40.0 0.0 88.2 108.8 44.2 73.8 8.0 62.3 87.9 19.0 
75.3 51.0 71.4 8.9 28.0 72.5 10.8 6.3 41.6 0.0 51.1 22.1 75.4 72.8 65.1 46.9 32.1 62.0 72.8 54.6 35.6 8.9 38.2 73.8 41.6 26.0 16.1 72.8 30.5 71.6 24.4 38.2 82.3 66.5 47.5 56.9 50.0 26.8 33.3 26.3 57.7 14.4 4.5 50.6 66.5 69.1 31.1 22.8 40.0 56.0 16.1 63.8 48.4 88.2 0.0 20.6 53.3 36.8 81.6 28.6 24.2 74.3 
82.1 71.2 91.2 17.2 42.0 89.9 10.0 25.3 60.8 20.6 71.7 35.8 95.9 92.0 85.0 66.5 46.5 80.9 93.2 72.0 55.2 26.7 47.5 92.5 60.8 44.0 36.1 89.6 44.4 92.1 33.5 50.0 102.9 80.3 63.5 76.7 68.5 33.1 38.0 38.6 78.2 35.0 23.4 65.4 83.4 89.6 32.2 5.7 58.5 74.7 30.5 83.5 69.0 108.8 20.6 0.0 72.2 52.2 102.1 48.7 33.0 94.8 
59.1 12.8 50.0 55.2 34.0 22.0 62.5 51.9 11.7 53.3 22.8 38.8 43.1 19.8 16.1 8.0 30.5 52.8 28.0 57.3 17.9 52.8 72.1 20.6 11.7 28.3 44.3 24.3 60.1 36.1 66.0 34.5 44.7 31.1 18.1 42.8 50.2 70.3 50.6 38.5 21.6 40.2 52.8 22.8 19.0 38.5 56.5 72.1 47.1 51.1 42.5 12.6 23.3 44.2 53.3 72.2 0.0 58.1 36.2 38.1 45.7 40.5 
102.6 48.2 45.6 45.7 54.0 80.1 45.1 30.5 49.0 36.8 41.2 50.9 55.3 72.7 61.2 50.2 56.0 32.2 62.8 20.9 43.7 27.9 16.1 76.2 49.0 44.9 24.1 82.4 8.2 54.9 20.9 64.4 64.0 84.1 63.9 32.6 20.0 24.2 66.8 55.2 48.1 31.1 32.3 69.1 76.7 50.0 66.6 56.6 13.4 26.1 46.9 62.5 38.8 73.8 36.8 52.2 58.1 0.0 69.8 20.9 56.9 55.6 
91.2 31.3 34.2 86.1 69.0 40.2 92.1 78.1 44.3 81.6 31.1 72.8 20.4 24.2 20.1 37.9 66.0 46.2 8.9 57.3 48.3 77.9 85.9 29.5 44.3 60.9 67.9 44.7 75.5 16.1 85.6 70.7 14.4 60.7 54.0 39.3 52.5 90.0 86.3 73.4 24.1 67.2 79.6 58.0 44.3 22.1 91.8 103.2 56.4 49.0 75.2 24.0 33.9 8.0 81.6 102.1 36.2 69.8 0.0 56.6 80.3 18.1 
82.8 29.7 42.8 36.1 35.6 60.0 39.3 23.4 28.3 28.6 25.6 34.0 47.4 54.4 43.9 30.1 36.8 34.2 48.4 29.5 22.8 22.4 34.1 57.3 28.3 25.5 12.6 62.0 22.1 44.4 29.5 45.3 54.9 63.2 43.1 28.3 23.4 34.0 51.0 37.7 32.8 16.1 25.3 48.3 56.1 41.2 52.5 51.4 14.4 28.6 31.6 44.3 22.8 62.3 28.6 48.7 38.1 20.9 56.6 0.0 41.2 46.6 
51.4 49.5 80.4 18.1 11.7 59.5 26.0 28.8 36.1 24.2 54.1 8.0 80.2 64.9 60.9 42.4 15.6 74.7 71.5 70.7 32.6 31.6 61.6 64.0 36.1 20.1 32.8 58.4 52.3 74.7 48.4 17.1 85.2 47.5 32.6 67.1 64.6 51.0 10.0 7.2 58.9 26.1 27.8 33.3 52.5 74.1 12.0 30.5 55.5 69.6 10.0 58.1 52.0 87.9 24.2 33.0 45.7 56.9 80.3 41.2 0.0 78.4 
99.3 30.3 16.1 80.3 68.0 52.3 85.1 69.8 44.2 74.3 24.3 70.5 2.8 36.9 27.2 38.5 66.0 28.6 17.2 40.5 46.0 69.0 71.6 42.5 44.2 58.3 59.1 56.6 62.3 4.5 73.6 72.4 8.5 70.0 58.2 23.3 36.7 77.8 86.0 72.1 20.1 60.2 71.6 63.2 54.4 5.7 90.4 96.9 42.5 32.3 71.4 31.6 26.7 19.0 74.3 94.8 40.5 55.6 18.1 46.6 78.4 0.0 

Routes: 
Route: 0 1 2 30 10 40 45 28 35 12 49 0 | Demand: 99.0| Cost: 510.0
Route: 0 3 6 37 9 42 7 0 | Demand: 98.0| Cost: 219.7
Route: 0 4 22 41 26 60 21 57 13 11 50 0 | Demand: 100.0| Cost: 445.6
Route: 0 5 23 53 58 18 32 14 51 34 0 | Demand: 100.0| Cost: 241.8
Route: 0 8 24 17 52 36 19 47 0 | Demand: 95.0| Cost: 327.5
Route: 0 15 61 29 48 55 38 0 | Demand: 99.0| Cost: 288.5
Route: 0 16 25 59 54 43 0 | Demand: 96.0| Cost: 199.8
Route: 0 20 56 44 31 27 0 | Demand: 92.0| Cost: 226.6
Route: 0 33 39 0 | Demand: 87.0| Cost: 121.8
Route: 0 46 0 | Demand: 19.0| Cost: 100.0

Total cost: 2681.3
Execution time: 0.021

-----------------------------------------

ClarkeWright Parallel: 
 
Distance Matrix: 
0.0 71.0 108.8 69.4 49.2 52.3 76.9 79.1 59.7 75.3 80.4 53.9 102.0 67.5 72.8 63.2 46.6 109.3 84.8 110.3 62.2 81.7 110.9 62.8 59.7 57.7 79.6 48.2 100.2 94.8 98.8 38.5 102.5 30.6 42.8 99.6 103.2 101.8 44.2 49.4 80.6 72.5 78.4 37.2 47.1 97.5 50.0 78.0 96.5 106.2 59.5 68.4 80.0 99.0 75.3 82.1 59.1 102.6 91.2 82.8 51.4 99.3 
71.0 0.0 37.7 54.9 38.5 33.0 61.2 48.2 14.0 51.0 10.0 41.8 32.6 24.7 14.4 8.2 36.1 40.0 22.4 44.9 17.1 48.4 63.2 28.1 14.0 29.7 38.8 36.1 51.4 26.1 59.1 42.2 36.1 43.9 28.6 30.0 37.9 63.6 56.3 42.8 10.2 36.8 49.5 34.0 31.3 27.2 61.2 72.1 36.1 38.5 43.9 14.6 10.8 38.6 51.0 71.2 12.8 48.2 31.3 29.7 49.5 30.3 
108.8 37.7 0.0 78.6 71.4 65.6 82.0 66.0 50.2 71.4 28.6 72.4 14.0 51.1 40.0 45.7 70.3 14.4 32.3 27.2 50.0 64.6 60.8 56.6 50.2 60.8 55.3 69.7 53.3 19.0 65.5 77.8 22.4 80.9 66.2 14.6 25.6 69.3 89.1 75.0 28.4 58.3 67.9 71.7 66.5 13.4 92.3 94.1 34.0 19.8 72.0 44.0 29.7 34.2 71.4 91.2 50.0 45.6 34.2 42.8 80.4 16.1 
69.4 54.9 78.6 0.0 25.3 72.7 8.2 15.2 43.9 8.9 56.5 19.0 81.6 75.0 68.4 49.7 29.7 70.0 77.2 63.2 38.4 17.9 46.7 75.3 43.9 26.9 24.1 72.5 39.4 77.3 32.6 34.2 88.0 64.0 46.5 64.3 58.3 34.4 26.0 22.4 62.6 20.4 13.4 48.7 66.2 75.3 22.8 17.2 48.4 64.1 13.4 66.6 53.9 93.1 8.9 17.2 55.2 45.7 86.1 36.1 18.1 80.3 
49.2 38.5 71.4 25.3 0.0 48.4 33.5 30.6 24.7 28.0 44.0 6.3 70.0 53.3 49.4 31.0 4.5 67.2 60.2 64.9 22.0 33.0 61.7 52.5 24.7 10.8 30.5 47.7 51.1 64.1 50.0 10.8 74.4 38.8 21.6 58.8 58.3 53.4 18.0 4.5 48.2 23.3 30.3 23.4 41.6 64.0 22.8 40.5 50.0 62.6 12.2 46.5 42.2 76.7 28.0 42.0 34.0 54.0 69.0 35.6 11.7 68.0 
52.3 33.0 65.6 72.7 48.4 0.0 80.6 72.1 32.6 72.5 42.4 54.4 55.2 16.1 25.6 30.0 44.0 71.6 35.6 77.8 38.8 73.4 94.1 10.8 32.6 46.5 65.5 4.5 82.1 48.1 87.5 44.0 53.3 22.0 26.9 61.7 70.9 91.8 61.2 52.5 38.5 60.7 72.8 27.2 7.2 52.5 68.1 88.8 68.7 70.9 59.4 21.6 43.7 47.5 72.5 89.9 22.0 80.1 40.2 60.0 59.5 52.3 
76.9 61.2 82.0 8.2 33.5 80.6 0.0 16.1 51.0 10.8 61.8 27.2 86.2 82.2 75.1 56.6 37.9 72.2 83.2 64.1 45.3 18.0 43.3 82.8 51.0 34.4 26.7 80.5 37.9 82.3 28.8 42.4 93.0 72.3 54.6 67.5 60.0 29.7 33.0 30.6 68.3 25.1 14.1 56.9 74.2 79.8 28.6 12.2 50.0 66.1 21.5 73.5 59.1 98.8 10.8 10.0 62.5 45.1 92.1 39.3 26.0 85.1 
79.1 48.2 66.0 15.2 30.6 72.1 16.1 0.0 40.2 6.3 47.2 25.3 70.7 71.0 62.5 44.9 34.2 56.1 69.4 48.4 34.0 2.8 32.8 72.5 40.2 26.3 10.8 72.8 24.4 67.2 19.7 41.2 77.9 68.0 48.4 51.4 44.0 22.8 38.4 29.7 54.0 11.7 2.0 52.0 66.5 64.4 36.9 28.3 34.0 50.0 19.7 61.6 44.4 84.4 6.3 25.3 51.9 30.5 78.1 23.4 28.8 69.8 
59.7 14.0 50.2 43.9 24.7 32.6 51.0 40.2 0.0 41.6 21.5 28.6 46.4 31.2 25.1 6.3 22.1 49.7 35.4 51.6 6.3 41.2 62.0 32.2 0.0 17.2 33.0 34.1 50.0 40.0 54.9 28.3 50.0 35.8 17.0 40.0 44.4 59.2 42.4 29.1 24.1 28.6 41.2 22.6 28.0 40.8 47.5 61.0 39.4 46.7 31.6 22.8 20.6 51.9 41.6 60.8 11.7 49.0 44.3 28.3 36.1 44.2 
75.3 51.0 71.4 8.9 28.0 72.5 10.8 6.3 41.6 0.0 51.1 22.1 75.4 72.8 65.1 46.9 32.1 62.0 72.8 54.6 35.6 8.9 38.2 73.8 41.6 26.0 16.1 72.8 30.5 71.6 24.4 38.2 82.3 66.5 47.5 56.9 50.0 26.8 33.3 26.3 57.7 14.4 4.5 50.6 66.5 69.1 31.1 22.8 40.0 56.0 16.1 63.8 48.4 88.2 0.0 20.6 53.3 36.8 81.6 28.6 24.2 74.3 
80.4 10.0 28.6 56.5 44.0 42.4 61.8 47.2 21.5 51.1 0.0 46.2 26.1 32.0 20.1 17.2 42.4 30.0 22.8 35.4 22.1 46.9 56.9 36.2 21.5 34.1 36.9 45.7 45.7 20.9 54.9 49.5 31.6 53.8 37.7 20.0 28.6 59.4 62.0 48.0 7.2 36.7 48.8 43.3 41.2 20.0 66.1 73.3 28.3 28.6 47.1 22.1 2.8 37.2 51.1 71.7 22.8 41.2 31.1 25.6 54.1 24.3 
53.9 41.8 72.4 19.0 6.3 54.4 27.2 25.3 28.6 22.1 46.2 0.0 72.2 58.4 53.7 34.9 10.8 67.1 63.9 63.5 24.7 27.9 57.3 58.0 28.6 12.2 26.9 53.9 47.2 66.8 44.9 16.1 77.3 45.1 27.8 59.2 57.3 48.1 17.1 4.5 51.0 19.8 24.7 29.7 47.7 66.1 20.0 34.4 48.4 62.0 6.0 51.1 44.0 80.3 22.1 35.8 38.8 50.9 72.8 34.0 8.0 70.5 
102.0 32.6 14.0 81.6 70.0 55.2 86.2 70.7 46.4 75.4 26.1 72.2 0.0 39.7 30.0 40.8 68.1 27.2 20.0 39.4 48.0 69.8 71.2 45.3 46.4 60.1 59.9 59.5 62.2 7.2 73.8 74.7 8.9 72.7 60.7 22.8 36.1 77.9 88.0 74.0 22.4 61.4 72.5 65.8 57.2 6.3 92.2 98.1 42.4 31.3 73.0 34.4 28.3 20.4 75.4 95.9 43.1 55.3 20.4 47.4 80.2 2.8 
67.5 24.7 51.1 75.0 53.3 16.1 82.2 71.0 31.2 72.8 32.0 58.4 39.7 0.0 12.2 26.1 49.4 58.8 19.8 66.8 37.2 71.7 87.9 5.7 31.2 48.1 62.6 20.6 76.2 32.8 83.6 52.0 37.2 36.9 34.2 49.5 60.3 88.0 68.9 57.7 26.3 59.4 72.1 36.9 20.4 37.7 75.2 91.9 60.1 59.2 62.3 10.2 34.1 31.6 72.8 92.0 19.8 72.7 24.2 54.4 64.9 36.9 
72.8 14.4 40.0 68.4 49.4 25.6 75.1 62.5 25.1 65.1 20.1 53.7 30.0 12.2 0.0 18.9 46.2 46.8 12.2 54.6 30.0 62.8 76.7 17.1 25.1 42.2 53.3 29.7 65.1 22.8 73.3 50.6 29.7 42.9 34.0 37.4 48.2 77.8 66.5 53.9 14.1 51.0 63.8 38.2 27.2 26.9 72.1 85.6 48.4 47.1 56.6 4.5 22.4 28.1 65.1 85.0 16.1 61.2 20.1 43.9 60.9 27.2 
63.2 8.2 45.7 49.7 31.0 30.0 56.6 44.9 6.3 46.9 17.2 34.9 40.8 26.1 18.9 0.0 28.3 46.7 29.1 50.1 11.3 45.7 64.1 27.9 6.3 23.3 36.8 32.2 52.2 34.2 58.2 34.1 44.0 37.2 20.6 36.8 42.9 62.6 48.7 35.4 18.4 33.3 46.0 26.1 26.7 35.4 53.9 66.8 39.3 44.4 37.7 17.0 17.0 45.6 46.9 66.5 8.0 50.2 37.9 30.1 42.4 38.5 
46.6 36.1 70.3 29.7 4.5 44.0 37.9 34.2 22.1 32.1 42.4 10.8 68.1 49.4 46.2 28.3 0.0 67.1 57.3 65.6 20.4 36.5 64.6 48.4 22.1 11.3 33.1 43.3 53.7 62.0 53.4 8.5 72.1 34.5 17.2 58.3 58.8 56.9 20.4 8.5 46.0 26.0 34.1 19.0 37.2 62.3 26.0 44.9 51.0 62.8 16.5 43.1 40.8 73.8 32.1 46.5 30.5 56.0 66.0 36.8 15.6 66.0 
109.3 40.0 14.4 70.0 67.2 71.6 72.2 56.1 49.7 62.0 30.0 67.1 27.2 58.8 46.8 46.7 67.1 0.0 42.2 12.8 47.7 54.3 46.9 63.9 49.7 56.5 46.0 75.2 40.2 30.1 52.8 75.2 36.1 83.7 66.6 10.0 12.6 56.4 84.1 70.2 33.1 50.4 58.1 72.2 71.0 24.1 86.3 84.4 22.4 6.3 65.5 50.2 29.7 47.5 62.0 80.9 52.8 32.2 46.2 34.2 74.7 28.6 
84.8 22.4 32.3 77.2 60.2 35.6 83.2 69.4 35.4 72.8 22.8 63.9 20.0 19.8 12.2 29.1 57.3 42.2 0.0 52.2 39.4 69.3 78.8 25.5 35.4 52.0 59.4 40.0 68.0 13.4 77.7 62.3 17.9 54.6 46.0 34.1 46.7 82.1 77.7 64.6 15.6 58.4 70.9 50.4 38.5 19.0 83.0 94.3 49.4 44.0 66.2 16.5 25.6 16.5 72.8 93.2 28.0 62.8 8.9 48.4 71.5 17.2 
110.3 44.9 27.2 63.2 64.9 77.8 64.1 48.4 51.6 54.6 35.4 63.5 39.4 66.8 54.6 50.1 65.6 12.8 52.2 0.0 48.2 46.2 34.4 71.4 51.6 54.4 39.3 81.0 29.1 41.2 41.8 74.0 48.3 87.1 68.4 18.1 7.2 44.9 80.5 67.2 40.4 44.9 50.4 74.0 76.2 35.4 81.7 76.0 15.2 8.2 60.9 57.3 34.2 59.5 54.6 72.0 57.3 20.9 57.3 29.5 70.7 40.5 
62.2 17.1 50.0 38.4 22.0 38.8 45.3 34.0 6.3 35.6 22.1 24.7 48.0 37.2 30.0 11.3 20.4 47.7 39.4 48.2 0.0 34.9 56.1 38.5 6.3 12.6 26.7 40.2 44.2 42.2 48.7 27.9 52.6 40.5 20.6 38.5 41.0 53.0 40.0 26.1 26.3 22.4 35.0 26.1 34.1 42.0 44.4 55.6 35.0 44.0 26.8 28.3 20.4 55.7 35.6 55.2 17.9 43.7 48.3 22.8 32.6 46.0 
81.7 48.4 64.6 17.9 33.0 73.4 18.0 2.8 41.2 8.9 46.9 27.9 69.8 71.7 62.8 45.7 36.5 54.3 69.3 46.2 34.9 0.0 30.0 73.3 41.2 28.1 10.0 74.2 21.6 66.6 17.1 43.7 77.2 70.0 50.2 50.0 42.0 20.4 41.2 32.3 53.8 12.6 4.5 54.0 67.9 63.5 39.7 30.1 32.1 48.2 22.4 62.1 44.0 84.0 8.9 26.7 52.8 27.9 77.9 22.4 31.6 69.0 
110.9 63.2 60.8 46.7 61.7 94.1 43.3 32.8 62.0 38.2 56.9 57.3 71.2 87.9 76.7 64.1 64.6 46.9 78.8 34.4 56.1 30.0 0.0 91.1 62.0 54.4 31.6 96.0 12.0 71.0 14.4 72.5 80.0 95.7 75.3 48.4 35.4 14.6 71.2 61.8 63.9 38.6 34.1 80.0 90.0 66.0 69.3 52.8 29.5 41.0 52.2 77.7 54.4 89.9 38.2 47.5 72.1 16.1 85.9 34.1 61.6 71.6 
62.8 28.1 56.6 75.3 52.5 10.8 82.8 72.5 32.2 73.8 36.2 58.0 45.3 5.7 17.1 27.9 48.4 63.9 25.5 71.4 38.5 73.3 91.1 0.0 32.2 48.4 64.6 15.2 79.2 38.4 86.0 50.1 42.8 32.2 32.2 54.4 64.8 90.4 67.2 56.9 31.0 60.8 73.4 34.2 16.0 43.3 73.8 92.0 64.0 64.0 62.3 14.1 38.1 36.8 73.8 92.5 20.6 76.2 29.5 57.3 64.0 42.5 
59.7 14.0 50.2 43.9 24.7 32.6 51.0 40.2 0.0 41.6 21.5 28.6 46.4 31.2 25.1 6.3 22.1 49.7 35.4 51.6 6.3 41.2 62.0 32.2 0.0 17.2 33.0 34.1 50.0 40.0 54.9 28.3 50.0 35.8 17.0 40.0 44.4 59.2 42.4 29.1 24.1 28.6 41.2 22.6 28.0 40.8 47.5 61.0 39.4 46.7 31.6 22.8 20.6 51.9 41.6 60.8 11.7 49.0 44.3 28.3 36.1 44.2 
57.7 29.7 60.8 26.9 10.8 46.5 34.4 26.3 17.2 26.0 34.1 12.2 60.1 48.1 42.2 23.3 11.3 56.5 52.0 54.4 12.6 28.1 54.4 48.4 17.2 0.0 22.8 46.8 43.1 54.6 44.2 19.8 65.1 42.0 22.1 48.1 47.7 48.0 28.3 14.1 38.8 16.1 26.7 26.1 40.5 54.0 32.1 43.9 39.7 51.9 14.4 40.0 32.0 68.4 26.0 44.0 28.3 44.9 60.9 25.5 20.1 58.3 
79.6 38.8 55.3 24.1 30.5 65.5 26.7 10.8 33.0 16.1 36.9 26.9 59.9 62.6 53.3 36.8 33.1 46.0 59.4 39.3 26.7 10.0 31.6 64.6 33.0 22.8 0.0 66.8 20.6 56.6 22.1 41.2 67.2 64.5 44.2 40.8 34.2 26.3 42.8 31.2 43.9 7.2 12.6 48.7 60.5 53.7 42.9 38.8 24.3 40.0 22.8 52.8 34.1 74.0 16.1 36.1 44.3 24.1 67.9 12.6 32.8 59.1 
48.2 36.1 69.7 72.5 47.7 4.5 80.5 72.8 34.1 72.8 45.7 53.9 59.5 20.6 29.7 32.2 43.3 75.2 40.0 81.0 40.2 74.2 96.0 15.2 34.1 46.8 66.8 0.0 84.0 52.3 88.8 42.4 57.7 18.1 26.1 65.3 74.0 93.1 59.5 51.6 42.2 61.6 73.4 25.5 6.3 56.6 66.5 88.2 71.4 74.3 59.1 25.6 46.8 52.0 72.8 89.6 24.3 82.4 44.7 62.0 58.4 56.6 
100.2 51.4 53.3 39.4 51.1 82.1 37.9 24.4 50.0 30.5 45.7 47.2 62.2 76.2 65.1 52.2 53.7 40.2 68.0 29.1 44.2 21.6 12.0 79.2 50.0 43.1 20.6 84.0 0.0 61.2 12.6 61.8 70.8 84.0 63.6 39.7 27.8 16.1 62.2 51.6 52.8 27.8 26.1 68.4 78.0 56.6 61.2 49.0 19.8 34.0 42.5 66.0 43.1 80.0 30.5 44.4 60.1 8.2 75.5 22.1 52.3 62.3 
94.8 26.1 19.0 77.3 64.1 48.1 82.3 67.2 40.0 71.6 20.9 66.8 7.2 32.8 22.8 34.2 62.0 30.1 13.4 41.2 42.2 66.6 71.0 38.4 40.0 54.6 56.6 52.3 61.2 0.0 72.1 68.3 10.8 65.5 53.9 23.4 36.8 76.4 82.1 68.3 16.0 57.3 69.0 58.8 50.0 6.0 86.6 94.0 41.6 33.0 67.9 27.2 23.4 18.9 71.6 92.1 36.1 54.9 16.1 44.4 74.7 4.5 
98.8 59.1 65.5 32.6 50.0 87.5 28.8 19.7 54.9 24.4 54.9 44.9 73.8 83.6 73.3 58.2 53.4 52.8 77.7 41.8 48.7 17.1 14.4 86.0 54.9 44.2 22.1 88.8 12.6 72.1 0.0 60.7 82.1 86.2 66.0 51.6 40.2 4.5 57.7 49.4 62.1 28.1 20.6 70.3 82.6 67.9 55.3 38.6 31.6 46.5 39.4 73.5 52.2 90.7 24.4 33.5 66.0 20.9 85.6 29.5 48.4 73.6 
38.5 42.2 77.8 34.2 10.8 44.0 42.4 41.2 28.3 38.2 49.5 16.1 74.7 52.0 50.6 34.1 8.5 75.2 62.3 74.0 27.9 43.7 72.5 50.1 28.3 19.8 41.2 42.4 61.8 68.3 60.7 0.0 78.0 30.5 17.9 66.2 67.2 64.0 17.2 12.0 52.3 34.0 40.8 17.0 36.9 69.1 24.1 47.5 59.5 71.0 22.1 47.1 48.1 78.6 38.2 50.0 34.5 64.4 70.7 45.3 17.1 72.4 
102.5 36.1 22.4 88.0 74.4 53.3 93.0 77.9 50.0 82.3 31.6 77.3 8.9 37.2 29.7 44.0 72.1 36.1 17.9 48.3 52.6 77.2 80.0 42.8 50.0 65.1 67.2 57.7 70.8 10.8 82.1 78.0 0.0 72.5 62.8 31.6 44.9 86.3 92.3 78.6 26.3 68.0 79.6 67.5 56.4 14.1 97.0 104.8 51.0 40.2 78.6 34.2 34.2 12.0 82.3 102.9 44.7 64.0 14.4 54.9 85.2 8.5 
30.6 43.9 80.9 64.0 38.8 22.0 72.3 68.0 35.8 66.5 53.8 45.1 72.7 36.9 42.9 37.2 34.5 83.7 54.6 87.1 40.5 70.0 95.7 32.2 35.8 42.0 64.5 18.1 84.0 65.5 86.2 30.5 72.5 0.0 20.4 73.8 79.9 90.1 46.0 41.8 52.5 58.1 68.1 16.0 16.5 68.8 53.3 78.0 75.2 81.6 51.0 38.5 54.0 68.4 66.5 80.3 31.1 84.1 60.7 63.2 47.5 70.0 
42.8 28.6 66.2 46.5 21.6 26.9 54.6 48.4 17.0 47.5 37.7 27.8 60.7 34.2 34.0 20.6 17.2 66.6 46.0 68.4 20.6 50.2 75.3 32.2 17.0 22.1 44.2 26.1 63.6 53.9 66.0 17.9 62.8 20.4 0.0 56.9 61.2 70.0 35.0 25.6 38.6 38.0 48.7 5.7 20.0 55.7 41.6 62.1 55.6 63.7 33.1 30.1 37.2 62.0 47.5 63.5 18.1 63.9 54.0 43.1 32.6 58.2 
99.6 30.0 14.6 64.3 58.8 61.7 67.5 51.4 40.0 56.9 20.0 59.2 22.8 49.5 37.4 36.8 58.3 10.0 34.1 18.1 38.5 50.0 48.4 54.4 40.0 48.1 40.8 65.3 39.7 23.4 51.6 66.2 31.6 73.8 56.9 0.0 13.4 55.6 76.2 62.1 23.4 44.0 53.4 62.5 61.1 17.9 78.9 79.6 20.0 10.0 58.3 40.5 19.8 42.0 56.9 76.7 42.8 32.6 39.3 28.3 67.1 23.3 
103.2 37.9 25.6 58.3 58.3 70.9 60.0 44.0 44.4 50.0 28.6 57.3 36.1 60.3 48.2 42.9 58.8 12.6 46.7 7.2 41.0 42.0 35.4 64.8 44.4 47.7 34.2 74.0 27.8 36.8 40.2 67.2 44.9 79.9 61.2 13.4 0.0 43.9 74.3 60.8 34.1 39.3 46.0 66.8 69.1 31.3 75.9 72.1 10.0 6.3 55.0 50.6 27.2 55.5 50.0 68.5 50.2 20.0 52.5 23.4 64.6 36.7 
101.8 63.6 69.3 34.4 53.4 91.8 29.7 22.8 59.2 26.8 59.4 48.1 77.9 88.0 77.8 62.6 56.9 56.4 82.1 44.9 53.0 20.4 14.6 90.4 59.2 48.0 26.3 93.1 16.1 76.4 4.5 64.0 86.3 90.1 70.0 55.6 43.9 0.0 60.0 52.5 66.6 32.0 23.4 74.1 86.8 72.1 57.2 38.5 35.6 50.1 42.4 78.0 56.6 95.0 26.8 33.1 70.3 24.2 90.0 34.0 51.0 77.8 
44.2 56.3 89.1 26.0 18.0 61.2 33.0 38.4 42.4 33.3 62.0 17.1 88.0 68.9 66.5 48.7 20.4 84.1 77.7 80.5 40.0 41.2 71.2 67.2 42.4 28.3 42.8 59.5 62.2 82.1 57.7 17.2 92.3 46.0 35.0 76.2 74.3 60.0 0.0 14.1 66.1 36.1 37.2 34.1 54.0 82.0 7.2 34.2 65.3 79.1 20.0 63.2 60.1 94.1 33.3 38.0 50.6 66.8 86.3 51.0 10.0 86.0 
49.4 42.8 75.0 22.4 4.5 52.5 30.6 29.7 29.1 26.3 48.0 4.5 74.0 57.7 53.9 35.4 8.5 70.2 64.6 67.2 26.1 32.3 61.8 56.9 29.1 14.1 31.2 51.6 51.6 68.3 49.4 12.0 78.6 41.8 25.6 62.1 60.8 52.5 14.1 0.0 52.3 24.1 29.1 26.8 45.6 68.0 18.4 36.7 52.2 65.4 10.2 51.0 46.0 81.0 26.3 38.6 38.5 55.2 73.4 37.7 7.2 72.1 
80.6 10.2 28.4 62.6 48.2 38.5 68.3 54.0 24.1 57.7 7.2 51.0 22.4 26.3 14.1 18.4 46.0 33.1 15.6 40.4 26.3 53.8 63.9 31.0 24.1 38.8 43.9 42.2 52.8 16.0 62.1 52.3 26.3 52.5 38.6 23.4 34.1 66.6 66.1 52.3 0.0 43.3 55.6 43.9 38.4 17.1 70.7 79.6 34.9 33.0 52.5 17.1 10.0 30.5 57.7 78.2 21.6 48.1 24.1 32.8 58.9 20.1 
72.5 36.8 58.3 20.4 23.3 60.7 25.1 11.7 28.6 14.4 36.7 19.8 61.4 59.4 51.0 33.3 26.0 50.4 58.4 44.9 22.4 12.6 38.6 60.8 28.6 16.1 7.2 61.6 27.8 57.3 28.1 34.0 68.0 58.1 38.0 44.0 39.3 32.0 36.1 24.1 43.3 0.0 12.8 42.2 55.3 55.0 36.8 36.8 29.7 44.7 16.1 50.0 34.0 73.8 14.4 35.0 40.2 31.1 67.2 16.1 26.1 60.2 
78.4 49.5 67.9 13.4 30.3 72.8 14.1 2.0 41.2 4.5 48.8 24.7 72.5 72.1 63.8 46.0 34.1 58.1 70.9 50.4 35.0 4.5 34.1 73.4 41.2 26.7 12.6 73.4 26.1 69.0 20.6 40.8 79.6 68.1 48.7 53.4 46.0 23.4 37.2 29.1 55.6 12.8 0.0 52.2 67.1 66.2 35.4 26.3 36.0 52.0 19.0 62.8 46.0 86.0 4.5 23.4 52.8 32.3 79.6 25.3 27.8 71.6 
37.2 34.0 71.7 48.7 23.4 27.2 56.9 52.0 22.6 50.6 43.3 29.7 65.8 36.9 38.2 26.1 19.0 72.2 50.4 74.0 26.1 54.0 80.0 34.2 22.6 26.1 48.7 25.5 68.4 58.8 70.3 17.0 67.5 16.0 5.7 62.5 66.8 74.1 34.1 26.8 43.9 42.2 52.2 0.0 20.0 60.9 41.0 63.5 61.1 69.3 35.4 34.1 42.8 66.0 50.6 65.4 22.8 69.1 58.0 48.3 33.3 63.2 
47.1 31.3 66.5 66.2 41.6 7.2 74.2 66.5 28.0 66.5 41.2 47.7 57.2 20.4 27.2 26.7 37.2 71.0 38.5 76.2 34.1 67.9 90.0 16.0 28.0 40.5 60.5 6.3 78.0 50.0 82.6 36.9 56.4 16.5 20.0 61.1 69.1 86.8 54.0 45.6 38.4 55.3 67.1 20.0 0.0 53.8 61.0 82.1 66.0 69.8 52.8 22.8 42.0 51.9 66.5 83.4 19.0 76.7 44.3 56.1 52.5 54.4 
97.5 27.2 13.4 75.3 64.0 52.5 79.8 64.4 40.8 69.1 20.0 66.1 6.3 37.7 26.9 35.4 62.3 24.1 19.0 35.4 42.0 63.5 66.0 43.3 40.8 54.0 53.7 56.6 56.6 6.0 67.9 69.1 14.1 68.8 55.7 17.9 31.3 72.1 82.0 68.0 17.1 55.0 66.2 60.9 53.8 0.0 86.1 91.8 36.9 27.2 66.8 31.1 22.1 24.2 69.1 89.6 38.5 50.0 22.1 41.2 74.1 5.7 
50.0 61.2 92.3 22.8 22.8 68.1 28.6 36.9 47.5 31.1 66.1 20.0 92.2 75.2 72.1 53.9 26.0 86.3 83.0 81.7 44.4 39.7 69.3 73.8 47.5 32.1 42.9 66.5 61.2 86.6 55.3 24.1 97.0 53.3 41.6 78.9 75.9 57.2 7.2 18.4 70.7 36.8 35.4 41.0 61.0 86.1 0.0 28.0 66.5 81.0 20.9 69.1 64.0 99.5 31.1 32.2 56.5 66.6 91.8 52.5 12.0 90.4 
78.0 72.1 94.1 17.2 40.5 88.8 12.2 28.3 61.0 22.8 73.3 34.4 98.1 91.9 85.6 66.8 44.9 84.4 94.3 76.0 55.6 30.1 52.8 92.0 61.0 43.9 38.8 88.2 49.0 94.0 38.6 47.5 104.8 78.0 62.1 79.6 72.1 38.5 34.2 36.7 79.6 36.8 26.3 63.5 82.1 91.8 28.0 0.0 62.1 78.2 29.7 83.7 70.7 110.1 22.8 5.7 72.1 56.6 103.2 51.4 30.5 96.9 
96.5 36.1 34.0 48.4 50.0 68.7 50.0 34.0 39.4 40.0 28.3 48.4 42.4 60.1 48.4 39.3 51.0 22.4 49.4 15.2 35.0 32.1 29.5 64.0 39.4 39.7 24.3 71.4 19.8 41.6 31.6 59.5 51.0 75.2 55.6 20.0 10.0 35.6 65.3 52.2 34.9 29.7 36.0 61.1 66.0 36.9 66.5 62.1 0.0 16.1 45.7 50.0 26.1 60.5 40.0 58.5 47.1 13.4 56.4 14.4 55.5 42.5 
106.2 38.5 19.8 64.1 62.6 70.9 66.1 50.0 46.7 56.0 28.6 62.0 31.3 59.2 47.1 44.4 62.8 6.3 44.0 8.2 44.0 48.2 41.0 64.0 46.7 51.9 40.0 74.3 34.0 33.0 46.5 71.0 40.2 81.6 63.7 10.0 6.3 50.1 79.1 65.4 33.0 44.7 52.0 69.3 69.8 27.2 81.0 78.2 16.1 0.0 60.2 50.0 27.8 51.3 56.0 74.7 51.1 26.1 49.0 28.6 69.6 32.3 
59.5 43.9 72.0 13.4 12.2 59.4 21.5 19.7 31.6 16.1 47.1 6.0 73.0 62.3 56.6 37.7 16.5 65.5 66.2 60.9 26.8 22.4 52.2 62.3 31.6 14.4 22.8 59.1 42.5 67.9 39.4 22.1 78.6 51.0 33.1 58.3 55.0 42.4 20.0 10.2 52.5 16.1 19.0 35.4 52.8 66.8 20.9 29.7 45.7 60.2 0.0 54.4 44.7 82.5 16.1 30.5 42.5 46.9 75.2 31.6 10.0 71.4 
68.4 14.6 44.0 66.6 46.5 21.6 73.5 61.6 22.8 63.8 22.1 51.1 34.4 10.2 4.5 17.0 43.1 50.2 16.5 57.3 28.3 62.1 77.7 14.1 22.8 40.0 52.8 25.6 66.0 27.2 73.5 47.1 34.2 38.5 30.1 40.5 50.6 78.0 63.2 51.0 17.1 50.0 62.8 34.1 22.8 31.1 69.1 83.7 50.0 50.0 54.4 0.0 24.0 32.0 63.8 83.5 12.6 62.5 24.0 44.3 58.1 31.6 
80.0 10.8 29.7 53.9 42.2 43.7 59.1 44.4 20.6 48.4 2.8 44.0 28.3 34.1 22.4 17.0 40.8 29.7 25.6 34.2 20.4 44.0 54.4 38.1 20.6 32.0 34.1 46.8 43.1 23.4 52.2 48.1 34.2 54.0 37.2 19.8 27.2 56.6 60.1 46.0 10.0 34.0 46.0 42.8 42.0 22.1 64.0 70.7 26.1 27.8 44.7 24.0 0.0 40.0 48.4 69.0 23.3 38.8 33.9 22.8 52.0 26.7 
99.0 38.6 34.2 93.1 76.7 47.5 98.8 84.4 51.9 88.2 37.2 80.3 20.4 31.6 28.1 45.6 73.8 47.5 16.5 59.5 55.7 84.0 89.9 36.8 51.9 68.4 74.0 52.0 80.0 18.9 90.7 78.6 12.0 68.4 62.0 42.0 55.5 95.0 94.1 81.0 30.5 73.8 86.0 66.0 51.9 24.2 99.5 110.1 60.5 51.3 82.5 32.0 40.0 0.0 88.2 108.8 44.2 73.8 8.0 62.3 87.9 19.0 
75.3 51.0 71.4 8.9 28.0 72.5 10.8 6.3 41.6 0.0 51.1 22.1 75.4 72.8 65.1 46.9 32.1 62.0 72.8 54.6 35.6 8.9 38.2 73.8 41.6 26.0 16.1 72.8 30.5 71.6 24.4 38.2 82.3 66.5 47.5 56.9 50.0 26.8 33.3 26.3 57.7 14.4 4.5 50.6 66.5 69.1 31.1 22.8 40.0 56.0 16.1 63.8 48.4 88.2 0.0 20.6 53.3 36.8 81.6 28.6 24.2 74.3 
82.1 71.2 91.2 17.2 42.0 89.9 10.0 25.3 60.8 20.6 71.7 35.8 95.9 92.0 85.0 66.5 46.5 80.9 93.2 72.0 55.2 26.7 47.5 92.5 60.8 44.0 36.1 89.6 44.4 92.1 33.5 50.0 102.9 80.3 63.5 76.7 68.5 33.1 38.0 38.6 78.2 35.0 23.4 65.4 83.4 89.6 32.2 5.7 58.5 74.7 30.5 83.5 69.0 108.8 20.6 0.0 72.2 52.2 102.1 48.7 33.0 94.8 
59.1 12.8 50.0 55.2 34.0 22.0 62.5 51.9 11.7 53.3 22.8 38.8 43.1 19.8 16.1 8.0 30.5 52.8 28.0 57.3 17.9 52.8 72.1 20.6 11.7 28.3 44.3 24.3 60.1 36.1 66.0 34.5 44.7 31.1 18.1 42.8 50.2 70.3 50.6 38.5 21.6 40.2 52.8 22.8 19.0 38.5 56.5 72.1 47.1 51.1 42.5 12.6 23.3 44.2 53.3 72.2 0.0 58.1 36.2 38.1 45.7 40.5 
102.6 48.2 45.6 45.7 54.0 80.1 45.1 30.5 49.0 36.8 41.2 50.9 55.3 72.7 61.2 50.2 56.0 32.2 62.8 20.9 43.7 27.9 16.1 76.2 49.0 44.9 24.1 82.4 8.2 54.9 20.9 64.4 64.0 84.1 63.9 32.6 20.0 24.2 66.8 55.2 48.1 31.1 32.3 69.1 76.7 50.0 66.6 56.6 13.4 26.1 46.9 62.5 38.8 73.8 36.8 52.2 58.1 0.0 69.8 20.9 56.9 55.6 
91.2 31.3 34.2 86.1 69.0 40.2 92.1 78.1 44.3 81.6 31.1 72.8 20.4 24.2 20.1 37.9 66.0 46.2 8.9 57.3 48.3 77.9 85.9 29.5 44.3 60.9 67.9 44.7 75.5 16.1 85.6 70.7 14.4 60.7 54.0 39.3 52.5 90.0 86.3 73.4 24.1 67.2 79.6 58.0 44.3 22.1 91.8 103.2 56.4 49.0 75.2 24.0 33.9 8.0 81.6 102.1 36.2 69.8 0.0 56.6 80.3 18.1 
82.8 29.7 42.8 36.1 35.6 60.0 39.3 23.4 28.3 28.6 25.6 34.0 47.4 54.4 43.9 30.1 36.8 34.2 48.4 29.5 22.8 22.4 34.1 57.3 28.3 25.5 12.6 62.0 22.1 44.4 29.5 45.3 54.9 63.2 43.1 28.3 23.4 34.0 51.0 37.7 32.8 16.1 25.3 48.3 56.1 41.2 52.5 51.4 14.4 28.6 31.6 44.3 22.8 62.3 28.6 48.7 38.1 20.9 56.6 0.0 41.2 46.6 
51.4 49.5 80.4 18.1 11.7 59.5 26.0 28.8 36.1 24.2 54.1 8.0 80.2 64.9 60.9 42.4 15.6 74.7 71.5 70.7 32.6 31.6 61.6 64.0 36.1 20.1 32.8 58.4 52.3 74.7 48.4 17.1 85.2 47.5 32.6 67.1 64.6 51.0 10.0 7.2 58.9 26.1 27.8 33.3 52.5 74.1 12.0 30.5 55.5 69.6 10.0 58.1 52.0 87.9 24.2 33.0 45.7 56.9 80.3 41.2 0.0 78.4 
99.3 30.3 16.1 80.3 68.0 52.3 85.1 69.8 44.2 74.3 24.3 70.5 2.8 36.9 27.2 38.5 66.0 28.6 17.2 40.5 46.0 69.0 71.6 42.5 44.2 58.3 59.1 56.6 62.3 4.5 73.6 72.4 8.5 70.0 58.2 23.3 36.7 77.8 86.0 72.1 20.1 60.2 71.6 63.2 54.4 5.7 90.4 96.9 42.5 32.3 71.4 31.6 26.7 19.0 74.3 94.8 40.5 55.6 18.1 46.6 78.4 0.0 

Routes: 
Route: 0 4 39 16 0 | Demand: 100.0| Cost: 108.8
Route: 0 5 23 27 44 33 31 0 | Demand: 96.0| Cost: 170.1
Route: 0 7 26 21 30 22 28 37 57 59 0 | Demand: 100.0| Cost: 287.4
Route: 0 8 24 20 56 38 0 | Demand: 94.0| Cost: 178.7
Route: 0 18 12 61 32 45 29 53 0 | Demand: 99.0| Cost: 254.1
Route: 0 25 9 54 42 50 0 | Demand: 100.0| Cost: 166.7
Route: 0 41 1 2 19 17 49 36 35 48 40 0 | Demand: 97.0| Cost: 348.5
Route: 0 43 34 13 10 52 14 58 51 15 0 | Demand: 100.0| Cost: 258.6
Route: 0 46 3 6 47 55 11 60 0 | Demand: 99.0| Cost: 194.1

Total cost: 1967.0
Execution time: 0.004

