ClarkeWright Sequential: 
 
Distance Matrix: 
0.0 130.1 105.1 69.4 82.1 99.0 71.6 68.0 104.4 58.1 55.0 101.8 84.2 77.9 108.2 101.4 47.9 39.2 65.2 96.0 28.3 41.3 116.8 86.6 76.9 71.8 45.6 16.4 59.6 89.8 71.8 64.5 63.7 95.4 54.8 78.3 5.1 104.4 67.4 104.0 72.3 122.0 46.3 102.7 39.1 76.6 88.0 50.6 28.2 95.2 127.9 88.8 93.5 88.3 93.8 65.5 46.9 31.6 32.3 100.3 58.5 71.5 39.6 85.5 89.2 61.1 16.0 97.4 97.4 45.5 27.1 92.7 98.0 81.0 118.8 76.4 39.7 85.4 88.6 52.8 86.8 
130.1 0.0 34.2 88.8 48.1 92.2 62.3 75.0 40.0 95.9 96.8 54.1 65.1 56.4 22.2 67.4 87.1 103.1 65.3 92.1 101.8 90.4 32.0 81.3 61.5 73.7 85.0 113.9 72.4 75.1 59.4 74.2 66.6 75.0 82.5 75.5 125.9 30.4 89.3 51.1 58.1 19.9 85.3 28.0 104.8 57.7 78.2 80.1 103.5 87.1 11.7 69.4 37.0 73.2 39.8 82.3 94.5 105.2 101.4 56.0 74.1 58.7 97.6 54.4 58.7 71.8 120.0 41.2 41.2 97.5 110.8 47.5 62.0 67.9 17.0 53.9 91.7 65.1 42.0 86.4 81.2 
105.1 34.2 0.0 55.0 31.0 96.7 33.6 42.7 6.7 63.1 85.1 21.2 31.0 27.2 18.4 34.8 69.6 73.0 41.2 58.7 77.5 63.8 12.4 81.6 29.8 40.7 63.3 88.8 45.5 41.0 34.0 43.3 43.1 79.2 67.5 41.5 101.5 35.4 55.7 59.8 40.2 18.0 65.1 26.2 74.5 28.6 79.1 59.1 81.4 53.6 40.4 70.4 27.3 39.0 36.2 73.2 79.1 85.7 73.9 62.7 46.6 39.5 68.6 21.6 24.5 55.4 97.9 43.3 43.3 66.8 90.8 47.4 28.6 64.6 36.4 31.8 65.5 63.9 30.1 56.0 47.0 
69.4 88.8 55.0 0.0 54.6 115.6 33.2 16.8 50.6 11.7 82.4 40.6 24.2 36.2 68.6 34.7 62.2 30.1 41.2 27.7 50.7 37.2 62.6 98.6 29.0 16.0 50.2 56.1 33.6 22.0 40.2 21.5 42.2 101.9 65.9 13.9 68.0 77.3 2.0 93.6 52.8 72.6 54.4 70.0 30.4 35.4 97.7 50.3 58.8 26.0 92.8 91.9 63.4 21.4 70.4 79.2 71.6 67.4 39.3 93.4 32.0 50.6 31.3 34.5 30.9 58.3 70.6 78.1 78.1 24.0 69.9 77.8 33.9 82.7 86.1 46.8 39.0 85.1 61.0 21.5 17.7 
82.1 48.1 31.0 54.6 0.0 69.1 21.4 37.9 34.7 57.0 54.2 43.4 38.6 19.2 26.6 54.0 40.3 58.5 18.4 71.3 53.8 43.4 43.0 52.8 26.8 38.9 36.9 65.9 26.9 52.8 15.0 34.1 19.2 52.5 37.1 45.6 77.8 24.7 54.1 39.4 10.3 43.3 37.4 20.8 60.4 19.7 50.8 32.0 55.4 66.6 46.3 42.8 11.7 50.0 16.0 42.2 49.0 57.8 54.6 40.0 28.9 10.6 52.2 26.9 36.1 25.3 72.0 23.5 23.5 54.1 63.3 23.7 47.0 35.4 37.6 8.0 44.4 35.8 7.3 43.4 56.6 
99.0 92.2 96.7 115.6 69.1 0.0 85.6 100.0 102.0 112.7 44.1 112.4 106.3 86.6 82.6 123.0 58.5 103.1 75.1 137.9 81.7 85.0 106.6 17.0 93.4 102.6 69.4 90.1 82.0 120.3 78.5 94.5 73.8 17.7 52.4 111.0 94.0 64.8 114.4 41.1 65.1 101.1 65.4 72.4 104.9 86.5 18.4 67.1 75.3 133.7 82.0 26.4 69.4 117.5 60.5 38.1 53.9 68.4 92.4 36.3 83.6 67.2 96.3 95.6 104.8 57.4 83.0 54.4 54.4 102.9 72.1 49.4 116.0 34.1 75.2 73.9 84.2 33.3 67.1 96.6 123.0 
71.6 62.3 33.6 33.2 21.4 85.6 0.0 16.5 33.1 36.1 60.2 34.0 21.5 6.4 40.2 40.2 41.3 40.8 11.7 52.3 44.3 30.2 45.3 68.6 8.5 17.9 32.1 55.2 12.1 35.0 7.2 13.0 13.6 70.4 41.8 25.6 68.1 45.0 32.8 60.4 20.6 50.9 35.0 38.8 42.5 5.0 67.2 29.0 49.0 48.1 63.6 60.4 31.1 32.2 37.3 52.4 51.5 54.6 40.4 60.4 13.0 18.4 35.6 15.1 22.4 30.9 65.2 44.9 44.9 35.3 59.2 44.6 34.0 51.7 55.8 13.6 31.9 53.4 28.1 24.2 37.5 
68.0 75.0 42.7 16.8 37.9 100.0 16.5 0.0 39.7 20.9 69.8 34.0 16.2 20.0 53.9 34.1 49.7 31.4 25.0 38.8 44.1 29.0 52.4 83.0 13.6 4.0 38.3 52.6 18.6 24.5 23.4 5.8 26.2 85.7 52.2 12.6 65.5 61.0 16.3 76.8 36.2 60.7 42.2 54.1 32.6 19.0 81.8 37.1 51.0 35.4 77.9 75.7 47.0 22.2 53.8 64.7 59.6 58.5 35.7 76.7 17.5 34.0 28.6 21.1 21.6 43.2 65.4 61.4 61.4 24.8 62.1 61.0 30.1 66.6 70.7 30.1 31.0 68.8 44.4 15.2 24.6 
104.4 40.0 6.7 50.6 34.7 102.0 33.1 39.7 0.0 59.4 88.0 14.6 26.4 26.9 25.1 28.2 71.6 70.7 42.2 52.3 77.4 63.1 12.7 86.5 27.8 37.2 64.3 88.2 45.2 35.1 34.9 41.1 44.1 84.6 70.0 36.8 101.1 41.8 51.4 65.9 43.0 22.1 66.5 32.6 72.1 28.2 84.2 60.4 81.9 47.3 46.9 75.6 32.8 33.2 41.9 76.8 81.3 86.8 72.7 68.6 46.1 42.0 66.8 19.2 19.7 58.0 98.2 49.2 49.2 64.4 91.8 53.0 22.2 69.3 43.1 34.0 64.9 68.9 34.9 53.8 41.2 
58.1 95.9 63.1 11.7 57.0 112.7 36.1 20.9 59.4 0.0 76.4 50.9 33.4 40.6 74.7 46.1 56.6 19.0 41.0 38.1 41.6 29.8 71.8 95.9 34.5 22.4 44.6 45.5 32.3 33.5 42.0 23.0 41.5 100.2 61.2 24.1 57.0 81.1 9.8 94.7 53.2 81.0 48.8 74.7 19.0 39.5 95.3 45.8 50.1 37.1 98.7 90.5 67.1 32.8 73.1 75.2 65.2 59.1 29.4 93.9 30.4 51.0 21.5 41.6 40.0 55.5 60.4 80.3 80.3 13.6 60.9 79.1 44.8 81.0 91.4 49.0 31.4 83.9 64.0 16.1 29.4 
55.0 96.8 85.1 82.4 54.2 44.1 60.2 69.8 88.0 76.4 0.0 93.4 81.3 64.1 78.6 100.3 20.2 63.0 48.5 108.4 39.4 46.7 97.3 32.0 68.7 73.3 32.2 46.3 51.5 93.6 54.9 64.0 46.6 41.4 18.4 82.3 50.0 66.6 80.8 55.9 45.0 96.9 28.0 69.6 64.6 63.3 33.8 32.6 32.0 105.1 90.4 36.9 61.8 91.0 57.0 15.0 11.4 24.3 51.3 51.1 52.3 46.0 56.9 74.3 82.5 30.1 39.1 56.4 56.4 64.4 28.0 50.2 94.1 31.8 81.4 54.1 45.3 36.1 57.3 61.2 94.4 
101.8 54.1 21.2 40.6 43.4 112.4 34.0 34.0 14.6 50.9 93.4 0.0 18.0 29.3 39.4 13.6 75.2 65.2 45.2 38.1 76.4 61.4 23.5 96.3 26.2 30.5 66.1 86.0 45.3 21.8 38.5 37.3 47.2 95.4 75.0 26.9 99.0 55.2 41.9 78.5 49.6 35.1 69.0 46.0 66.3 30.1 94.2 63.0 82.2 33.0 61.4 86.0 44.6 20.6 53.8 83.8 85.3 88.4 69.5 80.7 45.5 48.1 62.6 19.1 12.6 63.3 97.7 61.5 61.5 58.5 92.8 64.5 8.1 78.8 57.6 40.2 63.3 79.1 45.6 49.2 28.2 
84.2 65.1 31.0 24.2 38.6 106.3 21.5 16.2 26.4 33.4 81.3 18.0 0.0 19.8 46.0 19.2 61.8 47.2 33.1 32.8 59.7 44.6 38.6 89.5 13.0 12.5 51.5 68.7 30.4 14.2 28.0 20.2 34.9 90.5 63.0 10.4 81.6 57.6 25.1 77.5 41.2 48.5 54.9 49.2 48.3 19.8 87.9 49.2 66.1 28.0 70.0 80.6 44.4 11.4 52.8 73.8 72.0 73.0 51.9 78.5 30.1 39.2 44.8 12.6 6.7 52.3 81.0 60.8 60.8 40.5 77.0 62.1 14.1 72.2 64.2 32.5 46.5 73.5 43.4 31.4 18.4 
77.9 56.4 27.2 36.2 19.2 86.6 6.4 20.0 26.9 40.6 64.1 29.3 19.8 0.0 34.5 37.1 46.0 46.9 16.0 52.2 50.5 36.6 38.9 69.8 7.6 20.2 37.7 61.6 18.4 34.0 9.2 18.0 18.0 70.7 45.7 26.4 74.4 41.1 36.1 58.6 21.6 44.6 40.2 34.1 48.5 1.4 68.1 34.1 55.0 47.6 58.2 60.8 27.2 31.1 34.5 55.2 56.1 60.2 46.8 59.2 19.4 19.7 41.9 10.2 18.8 34.2 71.3 42.4 42.4 41.2 65.0 42.9 30.5 52.5 50.8 12.7 38.3 53.7 25.0 30.0 37.4 
108.2 22.2 18.4 68.6 26.6 82.6 40.2 53.9 25.1 74.7 78.6 39.4 46.0 34.5 0.0 52.9 66.6 81.0 43.2 76.2 79.9 68.2 24.7 68.9 40.3 53.0 63.4 91.9 50.2 57.9 37.2 52.6 44.6 64.8 62.8 56.0 104.1 18.4 68.9 43.4 36.9 19.0 64.1 10.2 82.8 35.8 66.1 58.6 82.0 71.1 24.2 57.1 16.8 55.6 23.0 64.9 74.8 84.4 79.2 47.0 51.9 37.2 75.5 34.1 40.2 51.4 98.6 28.2 28.2 75.6 89.9 33.5 46.5 53.0 18.4 31.8 69.5 51.4 21.5 64.4 63.5 
101.4 67.4 34.8 34.7 54.0 123.0 40.2 34.1 28.2 46.1 100.3 13.6 19.2 37.1 52.9 0.0 81.0 63.0 51.9 25.1 78.2 63.1 36.0 106.5 31.6 30.1 70.7 86.5 49.6 12.8 46.1 39.0 53.8 106.5 81.9 23.1 99.2 68.3 36.4 90.9 58.7 48.0 74.1 59.2 63.7 37.6 104.6 68.4 85.0 20.2 75.0 96.8 56.9 13.4 65.9 92.2 91.2 92.1 69.4 92.7 49.4 56.8 61.8 27.5 18.4 70.9 99.5 73.9 73.9 56.3 96.0 76.4 7.1 89.1 71.2 49.4 65.1 89.8 57.3 48.8 18.4 
47.9 87.1 69.6 62.2 40.3 58.5 41.3 49.7 71.6 56.6 20.2 75.2 61.8 46.0 66.6 81.0 0.0 44.7 30.0 88.2 24.0 27.2 82.0 43.0 49.6 53.3 12.0 34.5 31.6 73.7 37.0 43.9 28.0 50.1 7.1 62.2 43.0 58.7 60.6 56.1 30.1 83.6 7.8 59.1 46.5 45.0 43.4 12.6 19.9 85.0 82.9 42.1 50.2 71.2 48.2 20.6 10.2 18.4 33.8 52.5 32.3 30.4 38.1 56.1 63.6 15.3 34.4 50.4 50.4 45.2 24.0 45.2 75.1 33.5 73.7 37.9 26.1 37.9 45.3 41.1 74.2 
39.2 103.1 73.0 30.1 58.5 103.1 40.8 31.4 70.7 19.0 63.0 65.2 47.2 46.9 81.0 63.0 44.7 0.0 40.3 57.1 24.8 18.4 83.5 87.0 43.2 34.7 33.8 26.7 31.6 51.0 44.4 29.7 39.8 92.9 50.7 39.9 38.0 83.2 28.2 92.0 51.6 90.9 37.7 78.5 2.0 45.5 87.0 36.9 33.4 56.0 103.9 83.7 69.9 49.6 73.8 65.0 51.6 42.6 12.0 90.1 29.7 49.8 7.1 51.6 53.0 48.5 41.8 79.9 79.9 6.7 43.6 77.2 60.4 74.3 95.6 50.9 19.0 77.9 65.8 17.0 47.7 
65.2 65.3 41.2 41.2 18.4 75.1 11.7 25.0 42.2 41.0 48.5 45.2 33.1 16.0 43.2 51.9 30.0 40.3 0.0 63.0 37.0 25.2 53.5 58.1 20.2 27.6 22.1 48.8 9.0 46.3 7.3 19.7 2.0 60.7 30.1 36.1 61.2 43.0 40.2 53.8 12.2 57.1 24.3 38.9 42.2 15.0 56.9 18.2 40.2 59.0 64.5 50.8 30.0 43.6 33.5 40.8 40.1 44.6 36.4 52.9 11.0 10.0 33.8 26.1 34.0 19.2 56.8 40.0 40.0 36.2 49.6 38.2 45.6 41.6 55.9 11.4 26.4 43.9 25.6 26.0 48.3 
96.0 92.1 58.7 27.7 71.3 137.9 52.3 38.8 52.3 38.1 108.4 38.1 32.8 52.2 76.2 25.1 88.2 57.1 63.0 0.0 78.3 64.5 61.1 120.9 44.8 35.6 76.5 83.5 57.4 18.8 59.5 44.7 64.5 122.7 91.0 26.9 95.1 89.7 29.6 110.3 72.9 73.0 80.5 81.0 57.0 52.0 119.5 75.8 86.4 5.1 99.1 112.7 76.9 21.5 85.5 103.4 97.9 94.9 66.9 111.2 56.3 70.8 58.9 45.2 36.8 81.8 98.2 93.5 93.5 51.4 97.5 94.9 30.1 104.0 94.6 64.8 66.4 105.6 76.2 48.7 14.9 
28.3 101.8 77.5 50.7 53.8 81.7 44.3 44.1 77.4 41.6 39.4 76.4 59.7 50.5 79.9 78.2 24.0 24.8 37.0 78.3 0.0 15.1 89.5 66.8 50.6 48.1 17.9 12.2 32.2 68.0 43.8 39.5 35.5 74.1 31.0 56.0 24.2 76.6 48.8 78.6 44.2 94.0 19.6 74.5 26.2 49.2 67.4 22.8 8.6 76.3 99.8 66.0 65.3 66.0 66.0 44.4 28.2 17.8 12.8 75.5 31.4 43.3 20.1 58.9 63.8 34.2 21.4 70.2 70.2 28.2 19.3 65.9 73.8 57.2 90.8 48.2 13.2 61.4 60.4 30.1 66.5 
41.3 90.4 63.8 37.2 43.4 85.0 30.2 29.0 63.1 29.8 46.7 61.4 44.6 36.6 68.2 63.1 27.2 18.4 25.2 64.5 15.1 0.0 75.5 68.7 35.8 33.0 15.7 25.1 18.4 53.2 31.1 24.3 24.2 74.5 32.6 41.1 38.0 67.6 35.3 74.2 35.1 80.9 19.7 64.1 20.4 35.2 68.6 18.4 22.2 62.1 89.7 65.3 55.1 51.0 57.6 47.0 35.4 30.4 11.2 72.0 17.2 33.6 11.4 44.3 48.8 30.1 36.5 63.1 63.1 18.0 33.4 59.8 58.7 55.9 81.0 36.6 2.0 59.5 50.5 15.8 52.0 
116.8 32.0 12.4 62.6 43.0 106.6 45.3 52.4 12.7 71.8 97.3 23.5 38.6 38.9 24.7 36.0 82.0 83.5 53.5 61.1 89.5 75.5 0.0 92.2 40.5 49.8 75.6 100.5 57.3 45.4 46.2 53.8 55.4 89.0 79.8 48.8 113.4 43.0 63.6 68.1 52.5 12.2 77.5 34.4 84.9 40.3 89.6 71.5 93.6 56.1 41.1 80.7 37.9 44.0 46.2 85.0 91.4 98.0 85.2 71.6 58.3 51.8 79.5 31.9 31.9 67.7 110.1 52.4 52.4 77.1 103.1 57.2 31.6 75.5 39.8 44.1 77.2 74.5 41.3 66.5 51.7 
86.6 81.3 81.6 98.6 52.8 17.0 68.6 83.0 86.5 95.9 32.0 96.3 89.5 69.8 68.9 106.5 43.0 87.0 58.1 120.9 66.8 68.7 92.2 0.0 76.6 85.6 53.1 76.1 65.0 103.5 61.6 77.5 56.7 10.0 36.4 94.0 81.5 52.0 97.4 31.6 48.3 87.8 49.3 58.7 88.9 69.7 3.2 50.6 61.1 116.7 72.2 12.0 54.4 100.7 46.1 22.4 40.0 55.1 76.7 26.2 66.6 50.3 80.1 79.1 88.2 40.5 70.9 41.1 41.1 86.4 59.5 35.4 99.6 17.5 64.4 57.2 68.0 17.7 51.6 79.8 106.1 
76.9 61.5 29.8 29.0 26.8 93.4 8.5 13.6 27.8 34.5 68.7 26.2 13.0 7.6 40.3 31.6 49.6 43.2 20.2 44.8 50.6 35.8 40.5 76.6 0.0 13.0 40.0 60.8 19.1 26.9 15.0 13.5 22.1 77.9 50.3 18.8 73.8 48.4 29.0 66.2 28.3 47.8 43.1 41.0 44.7 7.2 75.0 37.2 56.1 40.4 64.3 67.9 34.5 24.1 42.1 60.8 59.8 62.2 44.9 66.7 19.4 26.2 39.1 8.6 14.0 39.4 71.8 50.0 50.0 37.0 66.6 50.5 25.5 59.4 57.3 20.0 37.7 60.9 32.6 26.2 30.0 
71.8 73.7 40.7 16.0 38.9 102.6 17.9 4.0 37.2 22.4 73.3 30.5 12.5 20.2 53.0 30.1 53.3 34.7 27.6 35.6 48.1 33.0 49.8 85.6 13.0 0.0 42.1 56.5 22.0 20.6 25.1 9.5 29.0 88.0 55.6 8.9 69.4 61.3 16.0 78.2 38.3 58.7 45.9 54.0 35.8 19.4 84.4 40.7 55.0 31.9 77.1 78.0 47.4 18.2 54.6 67.8 63.3 62.5 39.6 78.3 21.0 36.1 32.3 19.3 18.4 46.2 69.4 62.4 62.4 28.0 66.1 62.4 26.2 69.0 70.3 31.4 35.0 71.0 45.1 19.0 21.1 
45.6 85.0 63.3 50.2 36.9 69.4 32.1 38.3 64.3 44.6 32.2 66.1 51.5 37.7 63.4 70.7 12.0 33.8 22.1 76.5 17.9 15.7 75.6 53.1 40.0 42.1 0.0 30.0 21.1 62.6 29.4 32.6 20.2 59.2 17.0 50.9 41.1 58.8 48.6 61.2 26.9 78.8 4.2 57.3 35.7 36.5 53.2 5.0 18.6 73.4 82.3 50.4 48.1 60.2 48.3 31.3 21.5 22.6 24.1 58.4 21.4 26.2 26.9 47.3 54.0 16.5 35.2 52.3 52.3 33.6 27.5 48.1 65.2 41.1 73.2 32.2 14.9 45.0 43.1 29.1 62.8 
16.4 113.9 88.8 56.1 65.9 90.1 55.2 52.6 88.2 45.5 46.3 86.0 68.7 61.6 91.9 86.5 34.5 26.7 48.8 83.5 12.2 25.1 100.5 76.1 60.8 56.5 30.0 0.0 43.3 75.4 55.4 48.7 47.4 84.1 41.6 63.6 13.0 88.8 54.1 90.1 56.4 105.6 31.4 86.7 27.2 60.2 77.0 35.0 15.0 82.1 112.0 76.5 77.5 73.7 78.2 54.0 36.2 22.1 17.1 86.8 42.2 55.4 25.0 69.3 73.4 46.1 15.2 82.3 82.3 32.1 20.2 77.9 82.7 68.1 103.0 60.1 23.3 72.4 72.6 37.7 73.0 
59.6 72.4 45.5 33.6 26.9 82.0 12.1 18.6 45.2 32.3 51.5 45.3 30.4 18.4 50.2 49.6 31.6 31.6 9.0 57.4 32.2 18.4 57.3 65.0 19.1 22.0 21.1 43.3 0.0 42.2 13.0 12.8 9.2 68.5 33.6 30.9 56.1 51.7 32.4 62.6 21.1 62.5 24.5 47.0 33.5 17.0 64.1 19.0 37.1 53.9 72.4 58.6 38.3 39.6 42.4 46.1 41.8 43.1 29.1 61.6 2.0 19.0 25.5 26.9 33.0 24.8 53.1 49.0 49.0 27.3 47.5 47.2 44.1 49.2 64.1 19.3 20.0 51.9 34.2 17.0 43.0 
89.8 75.1 41.0 22.0 52.8 120.3 35.0 24.5 35.1 33.5 93.6 21.8 14.2 34.0 57.9 12.8 73.7 51.0 46.3 18.8 68.0 53.2 45.4 103.5 26.9 20.6 62.6 75.4 42.2 0.0 41.9 30.1 48.0 104.7 75.6 12.0 88.0 70.9 23.7 91.6 55.2 56.7 66.4 62.3 51.5 33.9 101.9 61.1 75.3 13.9 81.3 94.8 58.1 2.8 66.7 87.1 83.8 83.0 58.3 92.7 41.4 53.2 50.5 26.4 18.0 65.5 89.0 74.8 74.8 44.4 86.5 76.3 13.9 86.3 76.3 46.7 55.1 87.7 57.5 38.0 6.3 
71.8 59.4 34.0 40.2 15.0 78.5 7.2 23.4 34.9 42.0 54.9 38.5 28.0 9.2 37.2 46.1 37.0 44.4 7.3 59.5 43.8 31.1 46.2 61.6 15.0 25.1 29.4 55.4 13.0 41.9 0.0 19.2 9.2 63.3 36.5 32.8 68.0 39.5 39.6 53.5 13.5 50.2 31.6 34.2 46.2 8.5 60.1 25.5 47.4 55.2 59.5 53.3 25.7 39.1 31.0 46.1 47.0 51.9 42.0 53.3 14.8 11.3 38.5 19.4 27.9 25.0 64.0 38.3 38.3 39.6 56.9 37.6 39.6 44.6 51.3 7.0 32.5 46.2 22.1 28.6 44.6 
64.5 74.2 43.3 21.5 34.1 94.5 13.0 5.8 41.1 23.0 64.0 37.3 20.2 18.0 52.6 39.0 43.9 29.7 19.7 44.7 39.5 24.3 53.8 77.5 13.5 9.5 32.6 48.7 12.8 30.1 19.2 0.0 20.8 80.5 46.3 18.4 61.7 58.1 20.6 72.5 31.4 61.2 36.4 51.8 31.2 16.8 76.4 31.3 46.0 41.2 76.2 70.5 44.1 27.7 50.2 58.9 53.9 53.2 32.2 72.1 11.7 29.2 25.8 21.9 24.7 37.5 60.8 57.6 57.6 23.6 57.0 56.8 34.4 61.3 68.7 26.2 26.3 63.6 41.0 12.7 30.4 
63.7 66.6 43.1 42.2 19.2 73.8 13.6 26.2 44.1 41.5 46.6 47.2 34.9 18.0 44.6 53.8 28.0 39.8 2.0 64.5 35.5 24.2 55.4 56.7 22.1 29.0 20.2 47.4 9.2 48.0 9.2 20.8 0.0 59.7 28.2 37.6 59.7 43.7 41.2 53.5 12.0 58.8 22.4 40.0 41.8 17.0 55.6 16.3 38.5 60.6 65.5 49.7 30.9 45.3 34.0 39.1 38.1 42.7 35.4 52.4 11.2 10.0 33.2 28.1 35.9 17.5 55.1 40.2 40.2 36.1 47.8 38.1 47.5 40.5 56.8 12.7 25.2 42.9 26.4 26.2 49.8 
95.4 75.0 79.2 101.9 52.5 17.7 70.4 85.7 84.6 100.2 41.4 95.4 90.5 70.7 64.8 106.5 50.1 92.9 60.7 122.7 74.1 74.5 89.0 10.0 77.9 88.0 59.2 84.1 68.5 104.7 63.3 80.5 59.7 0.0 43.2 96.0 90.3 47.1 100.8 24.1 49.8 83.4 55.7 54.7 94.8 70.8 7.6 56.0 69.1 118.3 65.2 10.0 51.9 101.9 43.0 30.1 48.5 63.8 83.2 19.0 70.2 52.0 85.9 79.3 88.5 44.9 79.8 36.7 36.7 91.7 68.4 31.8 99.5 19.2 58.0 58.0 74.0 17.0 49.9 84.2 107.8 
54.8 82.5 67.5 65.9 37.1 52.4 41.8 52.2 70.0 61.2 18.4 75.0 63.0 45.7 62.8 81.9 7.1 50.7 30.1 91.0 31.0 32.6 79.8 36.4 50.3 55.6 17.0 41.6 33.6 75.6 36.5 46.3 28.2 43.2 0.0 64.5 49.8 53.4 64.4 49.2 27.3 80.4 13.0 54.6 52.6 44.9 36.7 15.6 26.9 87.5 77.6 35.1 46.1 72.9 43.0 14.3 12.1 24.4 40.3 45.5 34.7 28.1 43.9 55.9 64.0 12.0 40.8 44.6 44.6 50.6 30.0 39.1 75.7 26.5 68.4 36.0 31.8 30.8 41.2 45.3 76.7 
78.3 75.5 41.5 13.9 45.6 111.0 25.6 12.6 36.8 24.1 82.3 26.9 10.4 26.4 56.0 23.1 62.2 39.9 36.1 26.9 56.0 41.1 48.8 94.0 18.8 8.9 50.9 63.6 30.9 12.0 32.8 18.4 37.6 96.0 64.5 0.0 76.3 66.5 15.0 85.0 46.2 58.9 54.8 58.5 40.7 25.9 92.7 49.7 63.3 23.0 80.2 86.1 52.9 10.0 60.7 76.6 72.2 71.0 46.5 85.5 30.0 44.0 38.8 22.0 17.1 55.0 77.1 68.7 68.7 33.2 74.4 69.3 20.8 77.2 74.0 38.6 43.1 79.0 51.3 26.1 12.2 
5.1 125.9 101.5 68.0 77.8 94.0 68.1 65.5 101.1 57.0 50.0 99.0 81.6 74.4 104.1 99.2 43.0 38.0 61.2 95.1 24.2 38.0 113.4 81.5 73.8 69.4 41.1 13.0 56.1 88.0 68.0 61.7 59.7 90.3 49.8 76.3 0.0 99.8 66.0 99.0 67.9 118.2 41.6 98.4 38.1 73.1 82.9 46.1 23.3 94.0 123.4 83.7 89.1 86.3 89.2 60.4 41.8 26.5 29.8 95.3 55.1 67.2 37.5 82.3 86.4 56.3 11.2 92.6 92.6 44.0 22.0 87.8 95.6 75.9 114.3 72.3 36.2 80.3 84.2 50.4 85.3 
104.4 30.4 35.4 77.3 24.7 64.8 45.0 61.0 41.8 81.1 66.6 55.2 57.6 41.1 18.4 68.3 58.7 83.2 43.0 89.7 76.6 67.6 43.0 52.0 48.4 61.3 58.8 88.8 51.7 70.9 39.5 58.1 43.7 47.1 53.4 66.5 99.8 0.0 77.2 25.1 32.6 36.4 58.3 9.2 85.2 42.0 49.1 53.8 76.7 84.7 24.2 40.0 14.0 68.4 10.6 52.0 65.2 77.1 78.8 28.8 53.6 34.0 76.8 44.9 52.9 43.9 92.7 11.0 11.0 78.9 82.8 17.3 61.4 37.7 15.0 32.6 68.4 35.1 17.5 68.1 75.9 
67.4 89.3 55.7 2.0 54.1 114.4 32.8 16.3 51.4 9.8 80.8 41.9 25.1 36.1 68.9 36.4 60.6 28.2 40.2 29.6 48.8 35.3 63.6 97.4 29.0 16.0 48.6 54.1 32.4 23.7 39.6 20.6 41.2 100.8 64.4 15.0 66.0 77.2 0.0 93.0 52.0 73.4 52.8 70.0 28.4 35.1 96.5 48.8 56.9 28.0 93.1 90.9 63.2 23.0 70.0 77.8 69.9 65.6 37.3 92.7 30.8 49.8 29.3 34.9 31.8 57.0 68.6 77.7 77.7 22.0 68.0 77.2 35.4 81.6 86.3 46.3 37.2 84.1 60.7 19.7 19.6 
104.0 51.1 59.8 93.6 39.4 41.1 60.4 76.8 65.9 94.7 55.9 78.5 77.5 58.6 43.4 90.9 56.1 92.0 53.8 110.3 78.6 74.2 68.1 31.6 66.2 78.2 61.2 90.1 62.6 91.6 53.5 72.5 53.5 24.1 49.2 85.0 99.0 25.1 93.0 0.0 41.6 61.1 58.9 33.8 94.0 59.1 28.5 56.7 76.0 105.5 41.1 20.6 34.1 88.8 25.0 41.2 58.8 73.4 84.6 5.4 64.6 43.7 85.0 65.2 74.1 44.7 89.9 17.0 17.0 89.1 78.8 15.8 83.9 24.2 34.1 46.8 74.3 19.8 34.1 79.6 95.8 
72.3 58.1 40.2 52.8 10.3 65.1 20.6 36.2 43.0 53.2 45.0 49.6 41.2 21.6 36.9 58.7 30.1 51.6 12.2 72.9 44.2 35.1 52.5 48.3 28.3 38.3 26.9 56.4 21.1 55.2 13.5 31.4 12.0 49.8 27.3 46.2 67.9 32.6 52.0 41.6 0.0 53.5 27.2 30.4 53.6 21.4 46.7 21.9 45.3 68.6 55.6 39.8 21.2 52.4 22.5 34.2 39.1 47.5 46.2 40.8 23.1 2.2 44.9 31.3 40.3 15.3 61.8 28.3 28.3 48.0 53.0 26.1 51.9 31.1 46.6 9.5 35.8 32.8 16.3 38.1 58.1 
122.0 19.9 18.0 72.6 43.3 101.1 50.9 60.7 22.1 81.0 96.9 35.1 48.5 44.6 19.0 48.0 83.6 90.9 57.1 73.0 94.0 80.9 12.2 87.8 47.8 58.7 78.8 105.6 62.5 56.7 50.2 61.2 58.8 83.4 80.4 58.9 118.2 36.4 73.4 61.1 53.5 0.0 80.1 29.2 92.5 46.0 85.0 74.2 97.2 68.0 29.7 76.0 35.2 55.1 42.0 83.6 92.3 100.6 91.3 65.1 63.8 53.3 86.3 39.7 41.8 68.6 113.9 46.9 46.9 84.8 106.0 52.5 43.2 72.1 29.8 46.5 82.5 70.3 39.6 73.9 63.0 
46.3 85.3 65.1 54.4 37.4 65.4 35.0 42.2 66.5 48.8 28.0 69.0 54.9 40.2 64.1 74.1 7.8 37.7 24.3 80.5 19.6 19.7 77.5 49.3 43.1 45.9 4.2 31.4 24.5 66.4 31.6 36.4 22.4 55.7 13.0 54.8 41.6 58.3 52.8 58.9 27.2 80.1 0.0 57.4 39.6 39.1 49.5 6.1 18.4 77.4 82.1 47.1 48.3 63.9 47.6 27.3 17.5 20.6 27.5 55.9 25.0 26.9 30.9 50.0 57.1 14.8 34.7 51.1 51.1 37.7 25.9 46.5 68.5 38.0 72.9 33.6 18.8 42.0 43.3 33.3 66.7 
102.7 28.0 26.2 70.0 20.8 72.4 38.8 54.1 32.6 74.7 69.6 46.0 49.2 34.1 10.2 59.2 59.1 78.5 38.9 81.0 74.5 64.1 34.4 58.7 41.0 54.0 57.3 86.7 47.0 62.3 34.2 51.8 40.0 54.7 54.6 58.5 98.4 9.2 70.0 33.8 30.4 29.2 57.4 0.0 80.4 35.2 55.9 52.3 75.7 76.0 25.6 46.9 9.2 59.8 13.0 55.5 66.6 77.2 75.3 37.1 48.8 31.2 72.5 36.7 44.3 43.8 92.1 18.0 18.0 73.7 82.8 23.3 52.4 43.0 17.1 27.7 65.2 41.2 14.1 62.6 67.4 
39.1 104.8 74.5 30.4 60.4 104.9 42.5 32.6 72.1 19.0 64.6 66.3 48.3 48.5 82.8 63.7 46.5 2.0 42.2 57.0 26.2 20.4 84.9 88.9 44.7 35.8 35.7 27.2 33.5 51.5 46.2 31.2 41.8 94.8 52.6 40.7 38.1 85.2 28.4 94.0 53.6 92.5 39.6 80.4 0.0 47.2 88.9 38.8 34.7 56.1 105.7 85.7 71.8 50.3 75.7 66.9 53.3 43.9 13.5 92.1 31.6 51.8 9.1 53.1 54.2 50.5 42.4 81.9 81.9 7.8 44.7 79.2 61.3 76.3 97.5 52.8 20.9 79.9 67.7 18.6 48.1 
76.6 57.7 28.6 35.4 19.7 86.5 5.0 19.0 28.2 39.5 63.3 30.1 19.8 1.4 35.8 37.6 45.0 45.5 15.0 52.0 49.2 35.2 40.3 69.7 7.2 19.4 36.5 60.2 17.0 33.9 8.5 16.8 17.0 70.8 44.9 25.9 73.1 42.0 35.1 59.1 21.4 46.0 39.1 35.2 47.2 0.0 68.0 33.1 53.8 47.5 59.5 60.8 28.1 31.1 35.2 54.6 55.1 59.0 45.3 59.5 18.0 19.4 40.5 11.0 19.3 33.5 70.0 43.0 43.0 39.8 63.8 43.4 31.0 52.4 52.0 12.8 36.9 53.8 25.7 28.7 37.2 
88.0 78.2 79.1 97.7 50.8 18.4 67.2 81.8 84.2 95.3 33.8 94.2 87.9 68.1 66.1 104.6 43.4 87.0 56.9 119.5 67.4 68.6 89.6 3.2 75.0 84.4 53.2 77.0 64.1 101.9 60.1 76.4 55.6 7.6 36.7 92.7 82.9 49.1 96.5 28.5 46.7 85.0 49.5 55.9 88.9 68.0 0.0 50.3 62.0 115.3 69.1 9.1 51.9 99.1 43.4 23.0 41.2 56.4 76.9 23.1 65.7 48.8 80.0 77.2 86.4 39.8 72.4 38.2 38.2 86.2 61.0 32.6 97.7 15.6 61.3 55.4 68.0 15.2 49.2 79.2 104.7 
50.6 80.1 59.1 50.3 32.0 67.1 29.0 37.1 60.4 45.8 32.6 63.0 49.2 34.1 58.6 68.4 12.6 36.9 18.2 75.8 22.8 18.4 71.5 50.6 37.2 40.7 5.0 35.0 19.0 61.1 25.5 31.3 16.3 56.0 15.6 49.7 46.1 53.8 48.8 56.7 21.9 74.2 6.1 52.3 38.8 33.1 50.3 0.0 23.4 72.5 77.3 46.9 43.1 58.5 43.3 29.4 22.8 26.6 28.0 54.1 19.7 21.4 29.8 44.0 51.2 12.0 40.0 47.4 47.4 35.8 31.8 43.3 62.6 37.5 68.2 27.7 18.1 41.2 38.2 29.8 61.7 
28.2 103.5 81.4 58.8 55.4 75.3 49.0 51.0 81.9 50.1 32.0 82.2 66.1 55.0 82.0 85.0 19.9 33.4 40.2 86.4 8.6 22.2 93.6 61.1 56.1 55.0 18.6 15.0 37.1 75.3 47.4 46.0 38.5 69.1 26.9 63.3 23.3 76.7 56.9 76.0 45.3 97.2 18.4 75.7 34.7 53.8 62.0 23.4 0.0 84.2 100.5 61.7 66.5 73.2 66.1 39.0 21.4 9.2 21.4 72.4 36.7 44.8 28.7 64.0 69.7 33.0 16.6 69.3 69.3 36.7 11.2 64.5 80.2 53.4 91.4 50.8 20.2 57.7 61.6 37.9 74.1 
95.2 87.1 53.6 26.0 66.6 133.7 48.1 35.4 47.3 37.1 105.1 33.0 28.0 47.6 71.1 20.2 85.0 56.0 59.0 5.1 76.3 62.1 56.1 116.7 40.4 31.9 73.4 82.1 53.9 13.9 55.2 41.2 60.6 118.3 87.5 23.0 94.0 84.7 28.0 105.5 68.6 68.0 77.4 76.0 56.1 47.5 115.3 72.5 84.2 0.0 94.0 108.3 72.0 16.6 80.6 99.6 94.8 92.4 65.3 106.5 52.8 66.5 57.2 40.3 31.8 78.0 96.5 88.7 88.7 50.0 95.3 90.1 25.1 99.7 89.5 60.3 64.0 101.2 71.3 46.3 10.8 
127.9 11.7 40.4 92.8 46.3 82.0 63.6 77.9 46.9 98.7 90.4 61.4 70.0 58.2 24.2 75.0 82.9 103.9 64.5 99.1 99.8 89.7 41.1 72.2 64.3 77.1 82.3 112.0 72.4 81.3 59.5 76.2 65.5 65.2 77.6 80.2 123.4 24.2 93.1 41.1 55.6 29.7 82.1 25.6 105.7 59.5 69.1 77.3 100.5 94.0 0.0 60.4 34.7 79.2 34.7 75.6 89.4 101.2 100.8 46.3 74.2 56.6 97.9 58.3 64.0 67.9 116.7 34.0 34.0 98.8 106.9 40.2 69.1 60.2 9.2 53.2 90.7 56.9 39.4 87.7 87.1 
88.8 69.4 70.4 91.9 42.8 26.4 60.4 75.7 75.6 90.5 36.9 86.0 80.6 60.8 57.1 96.8 42.1 83.7 50.8 112.7 66.0 65.3 80.7 12.0 67.9 78.0 50.4 76.5 58.6 94.8 53.3 70.5 49.7 10.0 35.1 86.1 83.7 40.0 90.9 20.6 39.8 76.0 47.1 46.9 85.7 60.8 9.1 46.9 61.7 108.3 60.4 0.0 43.1 91.9 34.5 23.4 42.1 57.3 74.4 15.3 60.4 42.0 76.7 69.5 78.7 35.4 73.7 29.2 29.2 82.3 62.3 23.5 89.8 9.5 52.5 48.1 64.9 7.1 40.7 74.5 97.8 
93.5 37.0 27.3 63.4 11.7 69.4 31.1 47.0 32.8 67.1 61.8 44.6 44.4 27.2 16.8 56.9 50.2 69.9 30.0 76.9 65.3 55.1 37.9 54.4 34.5 47.4 48.1 77.5 38.3 58.1 25.7 44.1 30.9 51.9 46.1 52.9 89.1 14.0 63.2 34.1 21.2 35.2 48.3 9.2 71.8 28.1 51.9 43.1 66.5 72.0 34.7 43.1 0.0 55.5 9.2 48.4 58.2 68.2 66.2 36.1 40.2 22.0 63.7 31.8 40.3 35.0 83.0 17.0 17.0 65.3 73.8 20.2 49.8 37.7 25.9 19.0 56.1 36.7 5.0 54.3 62.8 
88.3 73.2 39.0 21.4 50.0 117.5 32.2 22.2 33.2 32.8 91.0 20.6 11.4 31.1 55.6 13.4 71.2 49.6 43.6 21.5 66.0 51.0 44.0 100.7 24.1 18.2 60.2 73.7 39.6 2.8 39.1 27.7 45.3 101.9 72.9 10.0 86.3 68.4 23.0 88.8 52.4 55.1 63.9 59.8 50.3 31.1 99.1 58.5 73.2 16.6 79.2 91.9 55.5 0.0 64.0 84.4 81.3 80.8 56.6 89.9 38.9 50.3 48.8 23.7 15.5 62.8 87.1 72.1 72.1 43.0 84.3 73.5 13.0 83.5 74.0 43.9 53.0 84.9 54.7 36.1 8.0 
93.8 39.8 36.2 70.4 16.0 60.5 37.3 53.8 41.9 73.1 57.0 53.8 52.8 34.5 23.0 65.9 48.2 73.8 33.5 85.5 66.0 57.6 46.2 46.1 42.1 54.6 48.3 78.2 42.4 66.7 31.0 50.2 34.0 43.0 43.0 60.7 89.2 10.6 70.0 25.0 22.5 42.0 47.6 13.0 75.7 35.2 43.4 43.3 66.1 80.6 34.7 34.5 9.2 64.0 0.0 42.7 54.9 66.5 68.7 26.9 44.4 24.0 67.2 40.3 49.1 33.2 82.1 8.1 8.1 69.7 72.2 11.2 58.9 30.0 25.5 24.0 58.3 28.4 9.5 59.2 71.1 
65.5 82.3 73.2 79.2 42.2 38.1 52.4 64.7 76.8 75.2 15.0 83.8 73.8 55.2 64.9 92.2 20.6 65.0 40.8 103.4 44.4 47.0 85.0 22.4 60.8 67.8 31.3 54.0 46.1 87.1 46.1 58.9 39.1 30.1 14.3 76.6 60.4 52.0 77.8 41.2 34.2 83.6 27.3 55.5 66.9 54.6 23.0 29.4 39.0 99.6 75.6 23.4 48.4 84.4 42.7 0.0 18.7 34.0 54.4 36.6 47.4 35.7 58.2 65.2 73.9 21.6 50.3 41.6 41.6 64.9 38.9 35.4 85.6 17.0 66.6 43.7 46.1 21.4 44.1 59.2 88.8 
46.9 94.5 79.1 71.6 49.0 53.9 51.5 59.6 81.3 65.2 11.4 85.3 72.0 56.1 74.8 91.2 10.2 51.6 40.1 97.9 28.2 35.4 91.4 40.0 59.8 63.3 21.5 36.2 41.8 83.8 47.0 53.9 38.1 48.5 12.1 72.2 41.8 65.2 69.9 58.8 39.1 92.3 17.5 66.6 53.3 55.1 41.2 22.8 21.4 94.8 89.4 42.1 58.2 81.3 54.9 18.7 0.0 15.3 40.0 54.6 42.4 39.6 45.5 66.2 73.8 23.8 31.6 56.0 56.0 53.1 20.2 50.2 85.3 34.9 80.2 47.4 33.9 39.4 53.3 50.2 84.2 
31.6 105.2 85.7 67.4 57.8 68.4 54.6 58.5 86.8 59.1 24.3 88.4 73.0 60.2 84.4 92.1 18.4 42.6 44.6 94.9 17.8 30.4 98.0 55.1 62.2 62.5 22.6 22.1 43.1 83.0 51.9 53.2 42.7 63.8 24.4 71.0 26.5 77.1 65.6 73.4 47.5 100.6 20.6 77.2 43.9 59.0 56.4 26.6 9.2 92.4 101.2 57.3 68.2 80.8 66.5 34.0 15.3 0.0 30.6 69.4 43.0 47.4 37.7 69.7 76.1 33.4 16.6 68.8 68.8 45.8 5.7 63.4 87.0 49.8 92.0 54.2 28.5 54.2 63.2 46.2 82.2 
32.3 101.4 73.9 39.3 54.6 92.4 40.4 35.7 72.7 29.4 51.3 69.5 51.9 46.8 79.2 69.4 33.8 12.0 36.4 66.9 12.8 11.2 85.2 76.7 44.9 39.6 24.1 17.1 29.1 58.3 42.0 32.2 35.4 83.2 40.3 46.5 29.8 78.8 37.3 84.6 46.2 91.3 27.5 75.3 13.5 45.3 76.9 28.0 21.4 65.3 100.8 74.4 66.2 56.6 68.7 54.4 40.0 30.6 0.0 82.2 27.6 44.8 8.1 53.5 56.9 40.0 31.3 74.0 74.0 15.8 31.8 70.6 65.8 65.2 92.2 47.7 10.4 69.1 61.7 20.6 56.0 
100.3 56.0 62.7 93.4 40.0 36.3 60.4 76.7 68.6 93.9 51.1 80.7 78.5 59.2 47.0 92.7 52.5 90.1 52.9 111.2 75.5 72.0 71.6 26.2 66.7 78.3 58.4 86.8 61.6 92.7 53.3 72.1 52.4 19.0 45.5 85.5 95.3 28.8 92.7 5.4 40.8 65.1 55.9 37.1 92.1 59.5 23.1 54.1 72.4 106.5 46.3 15.3 36.1 89.9 26.9 36.6 54.6 69.4 82.2 0.0 63.6 43.0 83.1 66.4 75.4 42.1 85.9 19.4 19.4 87.6 74.7 16.4 85.6 19.7 39.0 47.0 72.0 15.3 35.5 78.4 96.6 
58.5 74.1 46.6 32.0 28.9 83.6 13.0 17.5 46.1 30.4 52.3 45.5 30.1 19.4 51.9 49.4 32.3 29.7 11.0 56.3 31.4 17.2 58.3 66.6 19.4 21.0 21.4 42.2 2.0 41.4 14.8 11.7 11.2 70.2 34.7 30.0 55.1 53.6 30.8 64.6 23.1 63.8 25.0 48.8 31.6 18.0 65.7 19.7 36.7 52.8 74.2 60.4 40.2 38.9 44.4 47.4 42.4 43.0 27.6 63.6 0.0 21.0 23.7 27.5 33.1 26.2 52.5 51.0 51.0 25.3 47.3 49.2 44.0 51.0 65.9 21.2 18.9 53.7 36.1 15.0 42.1 
71.5 58.7 39.5 50.6 10.6 67.2 18.4 34.0 42.0 51.0 46.0 48.1 39.2 19.7 37.2 56.8 30.4 49.8 10.0 70.8 43.3 33.6 51.8 50.3 26.2 36.1 26.2 55.4 19.0 53.2 11.3 29.2 10.0 52.0 28.1 44.0 67.2 34.0 49.8 43.7 2.2 53.3 26.9 31.2 51.8 19.4 48.8 21.4 44.8 66.5 56.6 42.0 22.0 50.3 24.0 35.7 39.6 47.4 44.8 43.0 21.0 0.0 43.2 29.5 38.5 16.0 61.4 30.1 30.1 46.1 52.8 28.2 50.1 33.2 47.7 8.1 34.4 35.0 17.2 36.1 55.9 
39.6 97.6 68.6 31.3 52.2 96.3 35.6 28.6 66.8 21.5 56.9 62.6 44.8 41.9 75.5 61.8 38.1 7.1 33.8 58.9 20.1 11.4 79.5 80.1 39.1 32.3 26.9 25.0 25.5 50.5 38.5 25.8 33.2 85.9 43.9 38.8 37.5 76.8 29.3 85.0 44.9 86.3 30.9 72.5 9.1 40.5 80.0 29.8 28.7 57.2 97.9 76.7 63.7 48.8 67.2 58.2 45.5 37.7 8.1 83.1 23.7 43.2 0.0 47.6 50.1 41.4 39.3 73.2 73.2 8.1 39.4 70.3 58.5 67.3 89.6 44.8 12.1 70.9 59.5 13.4 48.0 
85.5 54.4 21.6 34.5 26.9 95.6 15.1 21.1 19.2 41.6 74.3 19.1 12.6 10.2 34.1 27.5 56.1 51.6 26.1 45.2 58.9 44.3 31.9 79.1 8.6 19.3 47.3 69.3 26.9 26.4 19.4 21.9 28.1 79.3 55.9 22.0 82.3 44.9 34.9 65.2 31.3 39.7 50.0 36.7 53.1 11.0 77.2 44.0 64.0 40.3 58.3 69.5 31.8 23.7 40.3 65.2 66.2 69.7 53.5 66.4 27.5 29.5 47.6 0.0 9.2 44.4 80.0 48.4 48.4 45.3 74.3 50.0 20.6 61.6 52.0 22.0 46.1 62.5 31.1 34.7 31.0 
89.2 58.7 24.5 30.9 36.1 104.8 22.4 21.6 19.7 40.0 82.5 12.6 6.7 18.8 40.2 18.4 63.6 53.0 34.0 36.8 63.8 48.8 31.9 88.2 14.0 18.4 54.0 73.4 33.0 18.0 27.9 24.7 35.9 88.5 64.0 17.1 86.4 52.9 31.8 74.1 40.3 41.8 57.1 44.3 54.2 19.3 86.4 51.2 69.7 31.8 64.0 78.7 40.3 15.5 49.1 73.9 73.8 76.1 56.9 75.4 33.1 38.5 50.1 9.2 0.0 52.8 85.1 57.1 57.1 46.4 80.4 59.0 11.7 70.8 58.5 31.1 50.7 71.7 40.0 36.7 23.3 
61.1 71.8 55.4 58.3 25.3 57.4 30.9 43.2 58.0 55.5 30.1 63.3 52.3 34.2 51.4 70.9 15.3 48.5 19.2 81.8 34.2 30.1 67.7 40.5 39.4 46.2 16.5 46.1 24.8 65.5 25.0 37.5 17.5 44.9 12.0 55.0 56.3 43.9 57.0 44.7 15.3 68.6 14.8 43.8 50.5 33.5 39.8 12.0 33.0 78.0 67.9 35.4 35.0 62.8 33.2 21.6 23.8 33.4 40.0 42.1 26.2 16.0 41.4 44.4 52.8 0.0 48.8 36.4 36.4 46.8 39.1 31.8 64.5 26.0 58.7 24.0 30.0 29.4 30.0 39.4 67.2 
16.0 120.0 97.9 70.6 72.0 83.0 65.2 65.4 98.2 60.4 39.1 97.7 81.0 71.3 98.6 99.5 34.4 41.8 56.8 98.2 21.4 36.5 110.1 70.9 71.8 69.4 35.2 15.2 53.1 89.0 64.0 60.8 55.1 79.8 40.8 77.1 11.2 92.7 68.6 89.9 61.8 113.9 34.7 92.1 42.4 70.0 72.4 40.0 16.6 96.5 116.7 73.7 83.0 87.1 82.1 50.3 31.6 16.6 31.3 85.9 52.5 61.4 39.3 80.0 85.1 48.8 0.0 84.8 84.8 46.9 11.4 79.6 95.2 66.3 107.5 67.4 34.5 70.8 78.0 51.0 87.1 
97.4 41.2 43.3 78.1 23.5 54.4 44.9 61.4 49.2 80.3 56.4 61.5 60.8 42.4 28.2 73.9 50.4 79.9 40.0 93.5 70.2 63.1 52.4 41.1 50.0 62.4 52.3 82.3 49.0 74.8 38.3 57.6 40.2 36.7 44.6 68.7 92.6 11.0 77.7 17.0 28.3 46.9 51.1 18.0 81.9 43.0 38.2 47.4 69.3 88.7 34.0 29.2 17.0 72.1 8.1 41.6 56.0 68.8 74.0 19.4 51.0 30.1 73.2 48.4 57.1 36.4 84.8 0.0 0.0 76.2 74.4 6.3 66.8 26.7 25.1 31.4 63.6 24.1 17.5 66.0 79.2 
97.4 41.2 43.3 78.1 23.5 54.4 44.9 61.4 49.2 80.3 56.4 61.5 60.8 42.4 28.2 73.9 50.4 79.9 40.0 93.5 70.2 63.1 52.4 41.1 50.0 62.4 52.3 82.3 49.0 74.8 38.3 57.6 40.2 36.7 44.6 68.7 92.6 11.0 77.7 17.0 28.3 46.9 51.1 18.0 81.9 43.0 38.2 47.4 69.3 88.7 34.0 29.2 17.0 72.1 8.1 41.6 56.0 68.8 74.0 19.4 51.0 30.1 73.2 48.4 57.1 36.4 84.8 0.0 0.0 76.2 74.4 6.3 66.8 26.7 25.1 31.4 63.6 24.1 17.5 66.0 79.2 
45.5 97.5 66.8 24.0 54.1 102.9 35.3 24.8 64.4 13.6 64.4 58.5 40.5 41.2 75.6 56.3 45.2 6.7 36.2 51.4 28.2 18.0 77.1 86.4 37.0 28.0 33.6 32.1 27.3 44.4 39.6 23.6 36.1 91.7 50.6 33.2 44.0 78.9 22.0 89.1 48.0 84.8 37.7 73.7 7.8 39.8 86.2 35.8 36.7 50.0 98.8 82.3 65.3 43.0 69.7 64.9 53.1 45.8 15.8 87.6 25.3 46.1 8.1 45.3 46.4 46.8 46.9 76.2 76.2 0.0 47.4 74.0 53.7 72.8 90.8 46.3 19.2 76.2 61.4 11.2 41.3 
27.1 110.8 90.8 69.9 63.3 72.1 59.2 62.1 91.8 60.9 28.0 92.8 77.0 65.0 89.9 96.0 24.0 43.6 49.6 97.5 19.3 33.4 103.1 59.5 66.6 66.1 27.5 20.2 47.5 86.5 56.9 57.0 47.8 68.4 30.0 74.4 22.0 82.8 68.0 78.8 53.0 106.0 25.9 82.8 44.7 63.8 61.0 31.8 11.2 95.3 106.9 62.3 73.8 84.3 72.2 38.9 20.2 5.7 31.8 74.7 47.3 52.8 39.4 74.3 80.4 39.1 11.4 74.4 74.4 47.4 0.0 69.0 91.1 55.0 97.7 59.5 31.4 59.5 68.8 49.0 85.3 
92.7 47.5 47.4 77.8 23.7 49.4 44.6 61.0 53.0 79.1 50.2 64.5 62.1 42.9 33.5 76.4 45.2 77.2 38.2 94.9 65.9 59.8 57.2 35.4 50.5 62.4 48.1 77.9 47.2 76.3 37.6 56.8 38.1 31.8 39.1 69.3 87.8 17.3 77.2 15.8 26.1 52.5 46.5 23.3 79.2 43.4 32.6 43.3 64.5 90.1 40.2 23.5 20.2 73.5 11.2 35.4 50.2 63.4 70.6 16.4 49.2 28.2 70.3 50.0 59.0 31.8 79.6 6.3 6.3 74.0 69.0 0.0 69.3 20.4 31.4 31.0 60.2 18.0 19.1 64.2 80.3 
98.0 62.0 28.6 33.9 47.0 116.0 34.0 30.1 22.2 44.8 94.1 8.1 14.1 30.5 46.5 7.1 75.1 60.4 45.6 30.1 73.8 58.7 31.6 99.6 25.5 26.2 65.2 82.7 44.1 13.9 39.6 34.4 47.5 99.5 75.7 20.8 95.6 61.4 35.4 83.9 51.9 43.2 68.5 52.4 61.3 31.0 97.7 62.6 80.2 25.1 69.1 89.8 49.8 13.0 58.9 85.6 85.3 87.0 65.8 85.6 44.0 50.1 58.5 20.6 11.7 64.5 95.2 66.8 66.8 53.7 91.1 69.3 0.0 82.1 64.8 42.5 60.7 82.8 50.2 45.2 20.2 
81.0 67.9 64.6 82.7 35.4 34.1 51.7 66.6 69.3 81.0 31.8 78.8 72.2 52.5 53.0 89.1 33.5 74.3 41.6 104.0 57.2 55.9 75.5 17.5 59.4 69.0 41.1 68.1 49.2 86.3 44.6 61.3 40.5 19.2 26.5 77.2 75.9 37.7 81.6 24.2 31.1 72.1 38.0 43.0 76.3 52.4 15.6 37.5 53.4 99.7 60.2 9.5 37.7 83.5 30.0 17.0 34.9 49.8 65.2 19.7 51.0 33.2 67.3 61.6 70.8 26.0 66.3 26.7 26.7 72.8 55.0 20.4 82.1 0.0 51.5 39.8 55.6 4.5 34.5 65.0 89.1 
118.8 17.0 36.4 86.1 37.6 75.2 55.8 70.7 43.1 91.4 81.4 57.6 64.2 50.8 18.4 71.2 73.7 95.6 55.9 94.6 90.8 81.0 39.8 64.4 57.3 70.3 73.2 103.0 64.1 76.3 51.3 68.7 56.8 58.0 68.4 74.0 114.3 15.0 86.3 34.1 46.6 29.8 72.9 17.1 97.5 52.0 61.3 68.2 91.4 89.5 9.2 52.5 25.9 74.0 25.5 66.6 80.2 92.0 92.2 39.0 65.9 47.7 89.6 52.0 58.5 58.7 107.5 25.1 25.1 90.8 97.7 31.4 64.8 51.5 0.0 44.8 82.0 48.5 30.5 79.7 81.9 
76.4 53.9 31.8 46.8 8.0 73.9 13.6 30.1 34.0 49.0 54.1 40.2 32.5 12.7 31.8 49.4 37.9 50.9 11.4 64.8 48.2 36.6 44.1 57.2 20.0 31.4 32.2 60.1 19.3 46.7 7.0 26.2 12.7 58.0 36.0 38.6 72.3 32.6 46.3 46.8 9.5 46.5 33.6 27.7 52.8 12.8 55.4 27.7 50.8 60.3 53.2 48.1 19.0 43.9 24.0 43.7 47.4 54.2 47.7 47.0 21.2 8.1 44.8 22.0 31.1 24.0 67.4 31.4 31.4 46.3 59.5 31.0 42.5 39.8 44.8 0.0 37.8 41.0 15.1 35.5 50.0 
39.7 91.7 65.5 39.0 44.4 84.2 31.9 31.0 64.9 31.4 45.3 63.3 46.5 38.3 69.5 65.1 26.1 19.0 26.4 66.4 13.2 2.0 77.2 68.0 37.7 35.0 14.9 23.3 20.0 55.1 32.5 26.3 25.2 74.0 31.8 43.1 36.2 68.4 37.2 74.3 35.8 82.5 18.8 65.2 20.9 36.9 68.0 18.1 20.2 64.0 90.7 64.9 56.1 53.0 58.3 46.1 33.9 28.5 10.4 72.0 18.9 34.4 12.1 46.1 50.7 30.0 34.5 63.6 63.6 19.2 31.4 60.2 60.7 55.6 82.0 37.8 0.0 59.3 51.5 17.7 53.9 
85.4 65.1 63.9 85.1 35.8 33.3 53.4 68.8 68.9 83.9 36.1 79.1 73.5 53.7 51.4 89.8 37.9 77.9 43.9 105.6 61.4 59.5 74.5 17.7 60.9 71.0 45.0 72.4 51.9 87.7 46.2 63.6 42.9 17.0 30.8 79.0 80.3 35.1 84.1 19.8 32.8 70.3 42.0 41.2 79.9 53.8 15.2 41.2 57.7 101.2 56.9 7.1 36.7 84.9 28.4 21.4 39.4 54.2 69.1 15.3 53.7 35.0 70.9 62.5 71.7 29.4 70.8 24.1 24.1 76.2 59.5 18.0 82.8 4.5 48.5 41.0 59.3 0.0 34.0 68.0 90.8 
88.6 42.0 30.1 61.0 7.3 67.1 28.1 44.4 34.9 64.0 57.3 45.6 43.4 25.0 21.5 57.3 45.3 65.8 25.6 76.2 60.4 50.5 41.3 51.6 32.6 45.1 43.1 72.6 34.2 57.5 22.1 41.0 26.4 49.9 41.2 51.3 84.2 17.5 60.7 34.1 16.3 39.6 43.3 14.1 67.7 25.7 49.2 38.2 61.6 71.3 39.4 40.7 5.0 54.7 9.5 44.1 53.3 63.2 61.7 35.5 36.1 17.2 59.5 31.1 40.0 30.0 78.0 17.5 17.5 61.4 68.8 19.1 50.2 34.5 30.5 15.1 51.5 34.0 0.0 50.6 61.7 
52.8 86.4 56.0 21.5 43.4 96.6 24.2 15.2 53.8 16.1 61.2 49.2 31.4 30.0 64.4 48.8 41.1 17.0 26.0 48.7 30.1 15.8 66.5 79.8 26.2 19.0 29.1 37.7 17.0 38.0 28.6 12.7 26.2 84.2 45.3 26.1 50.4 68.1 19.7 79.6 38.1 73.9 33.3 62.6 18.6 28.7 79.2 29.8 37.9 46.3 87.7 74.5 54.3 36.1 59.2 59.2 50.2 46.2 20.6 78.4 15.0 36.1 13.4 34.7 36.7 39.4 51.0 66.0 66.0 11.2 49.0 64.2 45.2 65.0 79.7 35.5 17.7 68.0 50.6 0.0 36.3 
86.8 81.2 47.0 17.7 56.6 123.0 37.5 24.6 41.2 29.4 94.4 28.2 18.4 37.4 63.5 18.4 74.2 47.7 48.3 14.9 66.5 52.0 51.7 106.1 30.0 21.1 62.8 73.0 43.0 6.3 44.6 30.4 49.8 107.8 76.7 12.2 85.3 75.9 19.6 95.8 58.1 63.0 66.7 67.4 48.1 37.2 104.7 61.7 74.1 10.8 87.1 97.8 62.8 8.0 71.1 88.8 84.2 82.2 56.0 96.6 42.1 55.9 48.0 31.0 23.3 67.2 87.1 79.2 79.2 41.3 85.3 80.3 20.2 89.1 81.9 50.0 53.9 90.8 61.7 36.3 0.0 

Routes: 
Route: 0 1 50 74 41 22 14 43 37 78 0 | Demand: 100.0| Cost: 343.2
Route: 0 2 8 11 15 29 53 72 34 0 | Demand: 100.0| Cost: 299.1
Route: 0 3 49 80 19 63 35 0 | Demand: 99.0| Cost: 266.6
Route: 0 4 52 39 5 51 73 54 67 68 71 0 | Demand: 100.0| Cost: 342.0
Route: 0 6 45 13 12 24 64 30 32 79 0 | Demand: 100.0| Cost: 240.9
Route: 0 7 25 31 38 9 75 33 65 28 0 | Demand: 100.0| Cost: 348.2
Route: 0 10 23 46 55 77 59 16 48 0 | Demand: 99.0| Cost: 250.5
Route: 0 17 69 62 44 60 18 21 66 0 | Demand: 99.0| Cost: 183.4
Route: 0 20 61 40 57 47 26 42 76 27 0 | Demand: 99.0| Cost: 215.6
Route: 0 36 56 70 58 0 | Demand: 46.0| Cost: 131.2

Total cost: 2620.7
Execution time: 0.031

-----------------------------------------

ClarkeWright Parallel: 
 
Distance Matrix: 
0.0 130.1 105.1 69.4 82.1 99.0 71.6 68.0 104.4 58.1 55.0 101.8 84.2 77.9 108.2 101.4 47.9 39.2 65.2 96.0 28.3 41.3 116.8 86.6 76.9 71.8 45.6 16.4 59.6 89.8 71.8 64.5 63.7 95.4 54.8 78.3 5.1 104.4 67.4 104.0 72.3 122.0 46.3 102.7 39.1 76.6 88.0 50.6 28.2 95.2 127.9 88.8 93.5 88.3 93.8 65.5 46.9 31.6 32.3 100.3 58.5 71.5 39.6 85.5 89.2 61.1 16.0 97.4 97.4 45.5 27.1 92.7 98.0 81.0 118.8 76.4 39.7 85.4 88.6 52.8 86.8 
130.1 0.0 34.2 88.8 48.1 92.2 62.3 75.0 40.0 95.9 96.8 54.1 65.1 56.4 22.2 67.4 87.1 103.1 65.3 92.1 101.8 90.4 32.0 81.3 61.5 73.7 85.0 113.9 72.4 75.1 59.4 74.2 66.6 75.0 82.5 75.5 125.9 30.4 89.3 51.1 58.1 19.9 85.3 28.0 104.8 57.7 78.2 80.1 103.5 87.1 11.7 69.4 37.0 73.2 39.8 82.3 94.5 105.2 101.4 56.0 74.1 58.7 97.6 54.4 58.7 71.8 120.0 41.2 41.2 97.5 110.8 47.5 62.0 67.9 17.0 53.9 91.7 65.1 42.0 86.4 81.2 
105.1 34.2 0.0 55.0 31.0 96.7 33.6 42.7 6.7 63.1 85.1 21.2 31.0 27.2 18.4 34.8 69.6 73.0 41.2 58.7 77.5 63.8 12.4 81.6 29.8 40.7 63.3 88.8 45.5 41.0 34.0 43.3 43.1 79.2 67.5 41.5 101.5 35.4 55.7 59.8 40.2 18.0 65.1 26.2 74.5 28.6 79.1 59.1 81.4 53.6 40.4 70.4 27.3 39.0 36.2 73.2 79.1 85.7 73.9 62.7 46.6 39.5 68.6 21.6 24.5 55.4 97.9 43.3 43.3 66.8 90.8 47.4 28.6 64.6 36.4 31.8 65.5 63.9 30.1 56.0 47.0 
69.4 88.8 55.0 0.0 54.6 115.6 33.2 16.8 50.6 11.7 82.4 40.6 24.2 36.2 68.6 34.7 62.2 30.1 41.2 27.7 50.7 37.2 62.6 98.6 29.0 16.0 50.2 56.1 33.6 22.0 40.2 21.5 42.2 101.9 65.9 13.9 68.0 77.3 2.0 93.6 52.8 72.6 54.4 70.0 30.4 35.4 97.7 50.3 58.8 26.0 92.8 91.9 63.4 21.4 70.4 79.2 71.6 67.4 39.3 93.4 32.0 50.6 31.3 34.5 30.9 58.3 70.6 78.1 78.1 24.0 69.9 77.8 33.9 82.7 86.1 46.8 39.0 85.1 61.0 21.5 17.7 
82.1 48.1 31.0 54.6 0.0 69.1 21.4 37.9 34.7 57.0 54.2 43.4 38.6 19.2 26.6 54.0 40.3 58.5 18.4 71.3 53.8 43.4 43.0 52.8 26.8 38.9 36.9 65.9 26.9 52.8 15.0 34.1 19.2 52.5 37.1 45.6 77.8 24.7 54.1 39.4 10.3 43.3 37.4 20.8 60.4 19.7 50.8 32.0 55.4 66.6 46.3 42.8 11.7 50.0 16.0 42.2 49.0 57.8 54.6 40.0 28.9 10.6 52.2 26.9 36.1 25.3 72.0 23.5 23.5 54.1 63.3 23.7 47.0 35.4 37.6 8.0 44.4 35.8 7.3 43.4 56.6 
99.0 92.2 96.7 115.6 69.1 0.0 85.6 100.0 102.0 112.7 44.1 112.4 106.3 86.6 82.6 123.0 58.5 103.1 75.1 137.9 81.7 85.0 106.6 17.0 93.4 102.6 69.4 90.1 82.0 120.3 78.5 94.5 73.8 17.7 52.4 111.0 94.0 64.8 114.4 41.1 65.1 101.1 65.4 72.4 104.9 86.5 18.4 67.1 75.3 133.7 82.0 26.4 69.4 117.5 60.5 38.1 53.9 68.4 92.4 36.3 83.6 67.2 96.3 95.6 104.8 57.4 83.0 54.4 54.4 102.9 72.1 49.4 116.0 34.1 75.2 73.9 84.2 33.3 67.1 96.6 123.0 
71.6 62.3 33.6 33.2 21.4 85.6 0.0 16.5 33.1 36.1 60.2 34.0 21.5 6.4 40.2 40.2 41.3 40.8 11.7 52.3 44.3 30.2 45.3 68.6 8.5 17.9 32.1 55.2 12.1 35.0 7.2 13.0 13.6 70.4 41.8 25.6 68.1 45.0 32.8 60.4 20.6 50.9 35.0 38.8 42.5 5.0 67.2 29.0 49.0 48.1 63.6 60.4 31.1 32.2 37.3 52.4 51.5 54.6 40.4 60.4 13.0 18.4 35.6 15.1 22.4 30.9 65.2 44.9 44.9 35.3 59.2 44.6 34.0 51.7 55.8 13.6 31.9 53.4 28.1 24.2 37.5 
68.0 75.0 42.7 16.8 37.9 100.0 16.5 0.0 39.7 20.9 69.8 34.0 16.2 20.0 53.9 34.1 49.7 31.4 25.0 38.8 44.1 29.0 52.4 83.0 13.6 4.0 38.3 52.6 18.6 24.5 23.4 5.8 26.2 85.7 52.2 12.6 65.5 61.0 16.3 76.8 36.2 60.7 42.2 54.1 32.6 19.0 81.8 37.1 51.0 35.4 77.9 75.7 47.0 22.2 53.8 64.7 59.6 58.5 35.7 76.7 17.5 34.0 28.6 21.1 21.6 43.2 65.4 61.4 61.4 24.8 62.1 61.0 30.1 66.6 70.7 30.1 31.0 68.8 44.4 15.2 24.6 
104.4 40.0 6.7 50.6 34.7 102.0 33.1 39.7 0.0 59.4 88.0 14.6 26.4 26.9 25.1 28.2 71.6 70.7 42.2 52.3 77.4 63.1 12.7 86.5 27.8 37.2 64.3 88.2 45.2 35.1 34.9 41.1 44.1 84.6 70.0 36.8 101.1 41.8 51.4 65.9 43.0 22.1 66.5 32.6 72.1 28.2 84.2 60.4 81.9 47.3 46.9 75.6 32.8 33.2 41.9 76.8 81.3 86.8 72.7 68.6 46.1 42.0 66.8 19.2 19.7 58.0 98.2 49.2 49.2 64.4 91.8 53.0 22.2 69.3 43.1 34.0 64.9 68.9 34.9 53.8 41.2 
58.1 95.9 63.1 11.7 57.0 112.7 36.1 20.9 59.4 0.0 76.4 50.9 33.4 40.6 74.7 46.1 56.6 19.0 41.0 38.1 41.6 29.8 71.8 95.9 34.5 22.4 44.6 45.5 32.3 33.5 42.0 23.0 41.5 100.2 61.2 24.1 57.0 81.1 9.8 94.7 53.2 81.0 48.8 74.7 19.0 39.5 95.3 45.8 50.1 37.1 98.7 90.5 67.1 32.8 73.1 75.2 65.2 59.1 29.4 93.9 30.4 51.0 21.5 41.6 40.0 55.5 60.4 80.3 80.3 13.6 60.9 79.1 44.8 81.0 91.4 49.0 31.4 83.9 64.0 16.1 29.4 
55.0 96.8 85.1 82.4 54.2 44.1 60.2 69.8 88.0 76.4 0.0 93.4 81.3 64.1 78.6 100.3 20.2 63.0 48.5 108.4 39.4 46.7 97.3 32.0 68.7 73.3 32.2 46.3 51.5 93.6 54.9 64.0 46.6 41.4 18.4 82.3 50.0 66.6 80.8 55.9 45.0 96.9 28.0 69.6 64.6 63.3 33.8 32.6 32.0 105.1 90.4 36.9 61.8 91.0 57.0 15.0 11.4 24.3 51.3 51.1 52.3 46.0 56.9 74.3 82.5 30.1 39.1 56.4 56.4 64.4 28.0 50.2 94.1 31.8 81.4 54.1 45.3 36.1 57.3 61.2 94.4 
101.8 54.1 21.2 40.6 43.4 112.4 34.0 34.0 14.6 50.9 93.4 0.0 18.0 29.3 39.4 13.6 75.2 65.2 45.2 38.1 76.4 61.4 23.5 96.3 26.2 30.5 66.1 86.0 45.3 21.8 38.5 37.3 47.2 95.4 75.0 26.9 99.0 55.2 41.9 78.5 49.6 35.1 69.0 46.0 66.3 30.1 94.2 63.0 82.2 33.0 61.4 86.0 44.6 20.6 53.8 83.8 85.3 88.4 69.5 80.7 45.5 48.1 62.6 19.1 12.6 63.3 97.7 61.5 61.5 58.5 92.8 64.5 8.1 78.8 57.6 40.2 63.3 79.1 45.6 49.2 28.2 
84.2 65.1 31.0 24.2 38.6 106.3 21.5 16.2 26.4 33.4 81.3 18.0 0.0 19.8 46.0 19.2 61.8 47.2 33.1 32.8 59.7 44.6 38.6 89.5 13.0 12.5 51.5 68.7 30.4 14.2 28.0 20.2 34.9 90.5 63.0 10.4 81.6 57.6 25.1 77.5 41.2 48.5 54.9 49.2 48.3 19.8 87.9 49.2 66.1 28.0 70.0 80.6 44.4 11.4 52.8 73.8 72.0 73.0 51.9 78.5 30.1 39.2 44.8 12.6 6.7 52.3 81.0 60.8 60.8 40.5 77.0 62.1 14.1 72.2 64.2 32.5 46.5 73.5 43.4 31.4 18.4 
77.9 56.4 27.2 36.2 19.2 86.6 6.4 20.0 26.9 40.6 64.1 29.3 19.8 0.0 34.5 37.1 46.0 46.9 16.0 52.2 50.5 36.6 38.9 69.8 7.6 20.2 37.7 61.6 18.4 34.0 9.2 18.0 18.0 70.7 45.7 26.4 74.4 41.1 36.1 58.6 21.6 44.6 40.2 34.1 48.5 1.4 68.1 34.1 55.0 47.6 58.2 60.8 27.2 31.1 34.5 55.2 56.1 60.2 46.8 59.2 19.4 19.7 41.9 10.2 18.8 34.2 71.3 42.4 42.4 41.2 65.0 42.9 30.5 52.5 50.8 12.7 38.3 53.7 25.0 30.0 37.4 
108.2 22.2 18.4 68.6 26.6 82.6 40.2 53.9 25.1 74.7 78.6 39.4 46.0 34.5 0.0 52.9 66.6 81.0 43.2 76.2 79.9 68.2 24.7 68.9 40.3 53.0 63.4 91.9 50.2 57.9 37.2 52.6 44.6 64.8 62.8 56.0 104.1 18.4 68.9 43.4 36.9 19.0 64.1 10.2 82.8 35.8 66.1 58.6 82.0 71.1 24.2 57.1 16.8 55.6 23.0 64.9 74.8 84.4 79.2 47.0 51.9 37.2 75.5 34.1 40.2 51.4 98.6 28.2 28.2 75.6 89.9 33.5 46.5 53.0 18.4 31.8 69.5 51.4 21.5 64.4 63.5 
